   0.00000000       0.00000000    
   0.00000000       0.00000000    
   0.00000000       0.00000000    
   0.00000000       0.00000000    
   0.00000000       0.00000000    
   0.00000000       0.00000000    
   0.00000000       0.00000000    
   0.00000000       0.00000000    
   0.00000000       0.00000000    
   0.00000000       0.00000000    
   0.00000000       0.00000000    
   0.00000000       0.00000000    
   0.00000000       0.00000000    
   0.00000000       0.00000000    
   0.00000000       0.00000000    
   0.00000000       0.00000000    
   0.00000000       0.00000000    
   0.00000000       0.00000000    
   0.00000000       0.00000000    
   0.00000000       0.00000000    
   0.00000000       0.00000000    
   0.00000000       0.00000000    
   0.00000000       0.00000000    
   0.00000000       0.00000000    
   0.00000000       0.00000000    
   0.00000000       0.00000000    
   0.00000000       0.00000000    
   0.00000000       0.00000000    
   0.00000000       0.00000000    
   0.00000000       0.00000000    
   0.00000000       0.00000000    
   0.00000000       0.00000000    
   0.00000000       0.00000000    
   0.00000000       0.00000000    
   0.00000000       0.00000000    
   0.00000000       0.00000000    
   0.00000000       0.00000000    
   0.00000000       0.00000000    
   0.00000000       0.00000000    
   0.00000000       0.00000000    
   0.00000000       0.00000000    
   0.00000000       0.00000000    
   0.00000000       0.00000000    
   0.00000000       0.00000000    
   0.00000000       0.00000000    
   0.00000000       0.00000000    
   0.00000000       0.00000000    
   0.00000000       0.00000000    
   0.00000000       0.00000000    
   0.00000000       0.00000000    
   0.00000000       0.00000000    
   0.00000000       0.00000000    
   0.00000000       0.00000000    
   0.00000000       0.00000000    
   0.00000000       0.00000000    
   0.00000000       0.00000000    
   0.00000000       0.00000000    
   0.00000000       0.00000000    
   0.00000000       0.00000000    
   0.00000000       0.00000000    
   0.00000000       0.00000000    
   0.00000000       0.00000000    
   0.00000000       0.00000000    
   0.00000000       0.00000000    
   0.00000000       0.00000000    
   0.00000000       0.00000000    
   0.00000000       0.00000000    
   0.00000000       0.00000000    
   0.00000000       0.00000000    
   0.00000000       0.00000000    
   0.00000000       0.00000000    
   0.00000000       0.00000000    
   0.00000000       0.00000000    
   0.00000000       0.00000000    
   0.00000000       0.00000000    
   0.00000000       0.00000000    
   0.00000000       0.00000000    
   0.00000000       0.00000000    
   0.00000000       0.00000000    
   0.00000000       0.00000000    
   0.00000000       0.00000000    
   0.00000000       0.00000000    
   0.00000000       0.00000000    
   0.00000000       0.00000000    
   0.00000000       0.00000000    
   0.00000000       0.00000000    
   0.00000000       0.00000000    
   0.00000000       0.00000000    
   0.00000000       0.00000000    
   0.00000000       0.00000000    
   0.00000000       0.00000000    
   0.00000000       0.00000000    
   0.00000000       0.00000000    
   0.00000000       0.00000000    
   0.00000000       0.00000000    
   0.00000000       0.00000000    
   0.00000000       0.00000000    
   0.00000000       0.00000000    
   1.40129846E-45   0.00000000    
   5.60519386E-45  -1.40129846E-45
   1.26116862E-44  -4.20389539E-45
   2.24207754E-44  -7.00649232E-45
   3.36311631E-44  -1.12103877E-44
   4.06376555E-44  -1.54142831E-44
   3.08285662E-44  -1.54142831E-44
  -2.10194770E-44  -1.40129846E-45
  -1.62550622E-43   4.06376555E-44
  -4.63829792E-43   1.34524653E-43
  -1.01594139E-42   3.12489558E-43
  -1.90436461E-42   6.12367429E-43
  -3.14871765E-42   1.05377645E-42
  -4.56402910E-42   1.60308544E-42
  -5.52391855E-42   2.09494120E-42
  -4.58224598E-42   2.11315808E-42
   1.04116476E-42   8.12753109E-43
   1.60406635E-41  -3.29024879E-42
   4.74465647E-41  -1.25121940E-41
   1.04386927E-40  -3.00228196E-41
   1.96279876E-40  -5.94304692E-41
   3.28006135E-40  -1.03469076E-40
   4.89966811E-40  -1.61094673E-40
   6.40483081E-40  -2.22124023E-40
   6.78091129E-40  -2.58442877E-40
   4.02814454E-40  -2.11167271E-40
  -5.30453126E-40   2.58329372E-41
  -2.65492810E-39   6.23256919E-40
  -6.70518933E-39   1.82746275E-39
  -1.35519518E-38   3.95122166E-39
  -2.39781954E-38   7.31989693E-39
  -3.81787130E-38   1.21357464E-38
  -5.48286723E-38   1.82088520E-38
  -6.95495032E-38   2.44924046E-38
  -7.26335818E-38   2.83613224E-38
  -4.60239357E-38   2.46013864E-38
   4.01457633E-38   4.15303386E-39
   2.30568977E-37  -4.71900542E-38
   5.85512811E-37  -1.49656837E-37
   1.17606249E-36  -3.29057928E-37
   2.06876513E-36  -6.13543982E-37
   3.29238074E-36  -1.02533067E-36
   4.77737076E-36  -1.56434073E-36
   6.25766425E-36  -2.18003657E-36
   7.12570843E-36  -2.72758186E-36
   6.23821952E-36  -2.90552407E-36
   1.68483195E-36  -2.17540892E-36
  -9.44071196E-36   3.29573740E-37
  -3.11821056E-35   5.88804934E-36
  -6.86230069E-35   1.62286293E-35
  -1.27307622E-34   3.34587707E-35
  -2.11824266E-34   5.97852581E-35
  -3.23077207E-34   9.68856793E-35
  -4.53673412E-34   1.44748136E-34
  -5.80826223E-34   1.99765163E-34
  -6.56311603E-34   2.51867596E-34
  -5.93424538E-34   2.80546283E-34
  -2.51740128E-34   2.49776455E-34
   5.78017113E-34   1.02189191E-34
   2.18433630E-33  -2.46607947E-34
   4.93245438E-33  -9.11805162E-34
   9.23645935E-33  -2.03829729E-33
   1.54878243E-32  -3.79018831E-33
   2.39161702E-32  -6.32447258E-33
   3.43525999E-32  -9.74047680E-33
   4.58630200E-32  -1.39948950E-32
   5.62214498E-32  -1.87714223E-32
   6.12059514E-32  -2.32950213E-32
   5.37283320E-32  -2.60852218E-32
   2.28602383E-32  -2.46522148E-32
  -4.70984851E-32  -1.51561644E-32
  -1.77241085E-31   7.92357542E-33
  -3.93928234E-31   5.20246822E-32
  -7.27263685E-31   1.26507407E-31
  -1.20726571E-30   2.42228949E-31
  -1.85655603E-30   4.10410922E-31
  -2.67814232E-30   6.40446045E-31
  -3.63672336E-30   9.36220877E-31
  -4.63200069E-30   1.29049259E-30
  -5.46289803E-30   1.67687880E-30
  -5.78254748E-30   2.03914115E-30
  -5.04566374E-30   2.27771685E-30
  -2.45272633E-30   2.23393937E-30
   3.10047713E-30   1.67314901E-30
   1.30537335E-29   2.68996836E-31
   2.91721752E-29  -2.40727400E-30
   5.34645916E-29  -6.88691258E-30
   8.79899614E-29  -1.37852318E-29
   1.34501892E-28  -2.37543582E-29
   1.93871980E-28  -3.73944908E-29
   2.65228407E-28  -5.51090289E-29
   3.44748779E-28  -7.68881308E-29
   4.24060451E-28  -1.02006157E-28
   4.88233737E-28  -1.28622473E-28
   5.13408242E-28  -1.53283007E-28
   4.64179835E-28  -1.70333349E-28
   2.90998433E-28  -1.71274539E-28
  -7.20064280E-29  -1.44120877E-28
  -7.08144748E-28  -7.28560881E-29
  -1.71734788E-27   6.28702617E-29
  -3.21224815E-27   2.87610867E-28
  -5.30969102E-27   6.29300402E-28
  -8.11594197E-27   1.11743746E-27
  -1.17036475E-26   1.77990882E-27
  -1.60785476E-26   2.63807027E-27
  -2.11341060E-26   3.69969679E-27
  -2.65927415E-26   4.94947972E-27
  -3.19332990E-26   6.33686496E-27
  -3.63060135E-26   7.76126117E-27
  -3.84384710E-26   9.05497226E-27
  -3.65393007E-26   9.96470298E-27
  -2.82103747E-26   1.01330901E-26
  -1.03833000E-26   9.08251614E-27
   2.06980908E-26   6.20437215E-27
   6.94213066E-26   7.57970144E-28
   1.40640057E-25  -8.11561919E-27
   2.39359972E-25  -2.13585045E-26
   3.70230074E-25  -3.99325704E-26
   5.36793173E-25  -6.47201640E-26
   7.40451322E-25  -9.63814477E-26
   9.79111081E-25  -1.35162059E-25
   1.24549058E-24  -1.80647015E-25
   1.52509927E-24  -2.31460393E-25
   1.79394010E-24  -2.84916196E-25
   2.01604192E-24  -3.36633498E-25
   2.14100005E-24  -3.80139079E-25
   2.10179110E-24  -4.06493640E-25
   1.81323406E-24  -4.03992753E-25
   1.17158249E-24  -3.58010889E-25
   5.58575644E-26  -2.51075420E-25
  -1.66835128E-24  -6.32764561E-26
  -4.14178797E-24   2.26863725E-25
  -7.50023547E-24   6.40924686E-25
  -1.18581161E-23   1.19837931E-24
  -1.72861576E-23   1.91349947E-24
  -2.37824855E-23   2.79124981E-24
  -3.12368724E-23   3.82207605E-24
  -3.93884182E-23   4.97555951E-24
  -4.77777615E-23   6.19299356E-24
  -5.56960159E-23   7.37907275E-24
  -6.21340865E-23   8.39305562E-24
  -6.57377924E-23   9.03997836E-24
  -6.47764739E-23   9.06279301E-24
  -5.71353463E-23   8.13661588E-24
  -4.03447070E-23   5.86669978E-24
  -1.16625070E-23   1.79218311E-24
   3.17700414E-23  -4.60179682E-24
   9.26767107E-23  -1.38604896E-23
   1.73272376E-22  -2.65206738E-23
   2.74738822E-22  -4.30522227E-23
   3.96521149E-22  -6.37752264E-23
   5.35416784E-22  -8.87472557E-23
   6.84432786E-22  -1.17615172E-22
   8.31395578E-22  -1.49425629E-22
   9.57309694E-22  -1.82388945E-22
   1.03448225E-21  -2.13591575E-22
   1.02445854E-21  -2.38654178E-22
   8.75854214E-22  -2.51334568E-22
   5.22221375E-22  -2.43078590E-22
  -1.19842789E-22  -2.02527592E-22
  -1.15204913E-21  -1.14997921E-22
  -2.69482236E-21   3.80412584E-23
  -4.88620919E-21   2.79452751E-22
  -7.87857545E-21   6.36822140E-22
  -1.18321676E-20   1.14267540E-21
  -1.69043761E-20   1.83441558E-21
  -2.32332642E-20   2.75383734E-21
  -3.09136006E-20   3.94602876E-21
  -3.99632764E-20   5.45742426E-21
  -5.02776371E-20   7.33270168E-21
  -6.15688043E-20   9.61014074E-21
  -7.32867289E-20   1.23149793E-20
  -8.45183552E-20   1.54501893E-20
  -9.38609661E-20   1.89839905E-20
  -9.92657383E-20   2.28333095E-20
  -9.78476599E-20   2.68422274E-20
  -8.56584169E-20   3.07544007E-20
  -5.74200412E-20   3.41782660E-20
  -6.21874708E-21   3.65437990E-20
   7.68386295E-20   3.70495974E-20
   2.02999079E-19   3.45990683E-20
   3.86256175E-19   2.77247580E-20
   6.43740387E-19   1.45001886E-20
   9.96074867E-19  -7.56075230E-21
   1.46765022E-18  -4.16159025E-20
   2.08675149E-18  -9.16158945E-20
   2.88544710E-18  -1.62429916E-19
   3.89911806E-18  -2.59968804E-19
   5.16546541E-18  -3.91294790E-19
   6.72279049E-18  -5.64702142E-19
   8.60728163E-18  -7.89747071E-19
   1.08489767E-17  -1.07719709E-18
   1.34659867E-17  -1.43886103E-18
   1.64564903E-17  -1.88724793E-18
   1.97878891E-17  -2.43499080E-18
   2.33824256E-17  -3.09395245E-18
   2.70984385E-17  -3.87391139E-18
   3.07063274E-17  -4.78070607E-18
   3.38581932E-17  -5.81368756E-18
   3.60500531E-17  -6.96230642E-18
   3.65754518E-17  -8.20162895E-18
   3.44693738E-17  -9.48655891E-18
   2.84414076E-17  -1.07445004E-17
   1.67973797E-17  -1.18661946E-17
  -2.65086240E-18  -1.26944348E-17
  -3.26872893E-17  -1.30103822E-17
  -7.68038390E-17  -1.25172155E-17
  -1.39320323E-16  -1.08209055E-17
  -2.25507514E-16  -7.40799382E-18
  -3.41706643E-16  -1.62040381E-18
  -4.95434812E-16   7.37249785E-18
  -6.95462489E-16   2.06040367E-17
  -9.51842792E-16   3.93416695E-17
  -1.27586720E-15   6.51182254E-17
  -1.67991314E-15   9.97608075E-17
  -2.17714022E-15   1.45414355E-16
  -2.78098005E-15   2.04555677E-16
  -3.50435064E-15   2.79992458E-16
  -4.35851391E-15   3.74840217E-16
  -5.35147200E-15   4.92467814E-16
  -6.48578718E-15   6.36400417E-16
  -7.75567930E-15   8.10165732E-16
  -9.14324379E-15   1.01706602E-15
  -1.06136032E-14   1.25985563E-15
  -1.21087874E-14   1.54029956E-15
  -1.35401224E-14   1.85858468E-15
  -1.47788903E-14   2.21255170E-15
  -1.56450238E-14   2.59670994E-15
  -1.58935958E-14   3.00099580E-15
  -1.51989085E-14   3.40923202E-15
  -1.31360080E-14   3.79723981E-15
  -9.15955002E-15   4.13055998E-15
  -2.58004669E-15   4.36173814E-15
   7.46230606E-15   4.42713501E-15
   2.20257806E-14   4.24323357E-15
   4.23965367E-14   3.70242718E-15
   7.01181599E-14   2.66829693E-15
   1.07019658E-13   9.70421613E-16
   1.55239713E-13  -1.60120175E-15
   2.17244029E-13  -5.30198622E-15
   2.95831827E-13  -1.04386206E-14
   3.94126192E-13  -1.73746719E-14
   5.15541928E-13  -2.65355026E-14
   6.63722441E-13  -3.84119684E-14
   8.42436038E-13  -5.35621487E-14
   1.05541899E-12  -7.26101918E-14
   1.30615104E-12  -9.62411506E-14
   1.59754675E-12  -1.25190345E-13
   1.93154130E-12  -1.60225511E-13
   2.30854984E-12  -2.02119734E-13
   2.72677107E-12  -2.51612533E-13
   3.18131003E-12  -3.09356382E-13
   3.66308373E-12  -3.75845161E-13
   4.15747645E-12  -4.51320865E-13
   4.64271070E-12  -5.35654095E-13
   5.08789148E-12  -6.28193894E-13
   5.45068981E-12  -7.27581190E-13
   5.67462874E-12  -8.31521050E-13
   5.68594434E-12  -9.36507490E-13
   5.38999618E-12  -1.03749496E-12
   4.66721843E-12  -1.12751128E-12
   3.36862092E-12  -1.19720650E-12
   1.31086635E-12  -1.23433349E-12
  -1.72901363E-12  -1.22315721E-12
  -6.01915956E-12  -1.14379220E-12
  -1.18785337E-11  -9.71469433E-13
  -1.96824692E-11  -6.75739304E-13
  -2.98678166E-11  -2.19619841E-13
  -4.29373204E-11   4.41292131E-13
  -5.94627056E-11   1.35972245E-12
  -8.00858824E-11   2.59760095E-12
  -1.05517470E-10   4.22687579E-12
  -1.36531675E-10   6.33020199E-12
  -1.73956391E-10   9.00143068E-12
  -2.18657120E-10   1.23458032E-11
  -2.71513062E-10   1.64797308E-11
  -3.33383543E-10   2.15300278E-11
  -4.05062289E-10   2.76324137E-11
  -4.87217378E-10   3.49290943E-11
  -5.80313742E-10   4.35651931E-11
  -6.84514778E-10   5.36837241E-11
  -7.99559918E-10   6.54188370E-11
  -9.24613774E-10   7.88869317E-11
  -1.05808262E-09   9.41752717E-11
  -1.19739407E-09   1.11327628E-10
  -1.33873435E-09   1.30326444E-10
  -1.47673884E-09   1.51071045E-10
  -1.60413127E-09   1.73351222E-10
  -1.71130576E-09   1.96815661E-10
  -1.78584791E-09   2.20934535E-10
  -1.81199200E-09   2.44955695E-10
  -1.77001003E-09   2.67853711E-10
  -1.63553260E-09   2.88271296E-10
  -1.37880118E-09   3.04452519E-10
  -9.63855218E-10   3.14167442E-10
  -3.47659790E-10   3.14627768E-10
   5.20816112E-10   3.02393527E-10
   1.70155690E-09   2.73270989E-10
   3.26447136E-09   2.22202229E-10
   5.29035349E-09   1.43147272E-10
   7.87179566E-09   2.89602994E-11
   1.11140075E-08  -1.28738048E-10
   1.51354946E-08  -3.39689665E-10
   2.00685140E-08  -6.15125062E-10
   2.60592401E-08  -9.67882441E-10
   3.32675292E-08  -1.41251411E-09
   4.18661799E-08  -1.96537142E-09
   5.20395389E-08  -2.64466160E-09
   6.39812967E-08  -3.47046392E-09
   7.78913005E-08  -4.46469350E-09
   9.39711526E-08  -5.65099967E-09
   1.12418377E-07  -7.05457559E-09
   1.33418894E-07  -8.70186945E-09
   1.57137407E-07  -1.06201643E-08
   1.83705581E-07  -1.28370061E-08
   2.13207329E-07  -1.53794488E-08
   2.45661113E-07  -1.82730844E-08
   2.80998563E-07  -2.15408260E-08
   3.19039174E-07  -2.52013930E-08
   3.59460273E-07  -2.92674631E-08
   4.01762037E-07  -3.37434436E-08
   4.45226704E-07  -3.86228045E-08
   4.88871478E-07  -4.38849170E-08
   5.31394619E-07  -4.94913621E-08
   5.71113844E-07  -5.53815980E-08
   6.05896560E-07  -6.14679792E-08
   6.33081356E-07  -6.76300189E-08
   6.49389733E-07  -7.37078381E-08
   6.50827872E-07  -7.94947681E-08
   6.32577780E-07  -8.47289598E-08
   5.88877242E-07  -8.90840255E-08
   5.12887993E-07  -9.21585794E-08
   3.96552025E-07  -9.34646707E-08
   2.30435674E-07  -9.24150285E-08
   3.56159546E-09  -8.83090934E-08
  -2.96771930E-07  -8.03177969E-08
  -6.85183068E-07  -6.74670915E-08
  -1.17841057E-06  -4.86202225E-08
  -1.79552819E-06  -2.24587460E-08
  -2.55816894E-06   1.25376118E-08
  -3.49075822E-06   5.81122492E-08
  -4.62075332E-06   1.16253993E-07
  -5.97888857E-06   1.89220259E-07
  -7.59942122E-06   2.79560993E-07
  -9.52038044E-06   3.90143100E-07
  -1.17838090E-05   5.24175107E-07
  -1.44360019E-05   6.85231839E-07
  -1.75277291E-05   8.77278808E-07
  -2.11144506E-05   1.10469557E-06
  -2.52565078E-05   1.37229847E-06
  -3.00192787E-05   1.68536098E-06
  -3.54733238E-05   2.04963249E-06
  -4.16944786E-05   2.47135404E-06
  -4.87639045E-05   2.95726977E-06
  -5.67680981E-05   3.51463632E-06
  -6.57988276E-05   4.15122577E-06
  -7.59530230E-05   4.87532225E-06
  -8.73325844E-05   5.69571512E-06
  -1.00044112E-04   6.62168122E-06
  -1.14198570E-04   7.66296216E-06
  -1.29910826E-04   8.82973109E-06
  -1.47299113E-04   1.01325495E-05
  -1.66484402E-04   1.15823150E-05
  -1.87589612E-04   1.31901961E-05
  -2.10738770E-04   1.49675570E-05
  -2.36056047E-04   1.69258656E-05
  -2.63664610E-04   1.90765950E-05
  -2.93685473E-04   2.14311058E-05
  -3.26236070E-04   2.40005156E-05
  -3.61428916E-04   2.67955547E-05
  -3.99369921E-04   2.98264113E-05
  -4.40156844E-04   3.31025549E-05
  -4.83877433E-04   3.66325585E-05
  -5.30607591E-04   4.04238890E-05
  -5.80409542E-04   4.44827056E-05
  -6.33329735E-04   4.88136320E-05
  -6.89396809E-04   5.34195387E-05
  -7.48619612E-04   5.83012916E-05
  -8.10985162E-04   6.34575117E-05
  -8.76456499E-04   6.88843356E-05
  -9.44970874E-04   7.45751604E-05
  -1.01643766E-03   8.05204108E-05
  -1.09073648E-03   8.67072813E-05
  -1.16771588E-03   9.31195100E-05
  -1.24719157E-03   9.97371826E-05
  -1.32894493E-03   1.06536507E-04
  -1.41272240E-03   1.13489645E-04
  -1.49823411E-03   1.20564553E-04
  -1.58515375E-03   1.27724852E-04
  -1.67311821E-03   1.34929738E-04
  -1.76172773E-03   1.42133969E-04
  -1.85054645E-03   1.49287764E-04
  -1.93910324E-03   1.56336915E-04
  -2.02689297E-03   1.63222852E-04
  -2.11337861E-03   1.69882755E-04
  -2.19799322E-03   1.76249785E-04
  -2.28014262E-03   1.82253323E-04
  -2.35920865E-03   1.87819271E-04
  -2.43455265E-03   1.92870459E-04
  -2.50551966E-03   1.97327056E-04
  -2.57144286E-03   2.01107105E-04
  -2.63164844E-03   2.04127093E-04
  -2.68546096E-03   2.06302546E-04
  -2.73220870E-03   2.07548757E-04
  -2.77122995E-03   2.07781501E-04
  -2.80187884E-03   2.06917844E-04
  -2.82353186E-03   2.04876967E-04
  -2.83559435E-03   2.01581031E-04
  -2.83750705E-03   1.96956127E-04
  -2.82875262E-03   1.90933148E-04
  -2.80886213E-03   1.83448734E-04
  -2.77742115E-03   1.74446250E-04
  -2.73407600E-03   1.63876684E-04
  -2.67853960E-03   1.51699554E-04
  -2.61059660E-03   1.37883777E-04
  -2.53010844E-03   1.22408543E-04
  -2.43701716E-03   1.05264029E-04
  -2.33134930E-03   8.64521135E-05
  -2.21321918E-03   6.59870057E-05
  -2.08283053E-03   4.38957541E-05
  -1.94047776E-03   2.02186511E-05
  -1.78654701E-03  -4.99045018E-06
  -1.62151514E-03  -3.16639780E-05
  -1.44594861E-03  -5.97206272E-05
  -1.26050087E-03  -8.90654410E-05
  -1.06590951E-03  -1.19590099E-04
  -8.62991437E-04  -1.51173313E-04
  -6.52638148E-04  -1.83681419E-04
  -4.35809488E-04  -2.16969085E-04
  -2.13526728E-04  -2.50880199E-04
   1.31351117E-05  -2.85248883E-04
   2.43055532E-04  -3.19900719E-04
   4.75077686E-04  -3.54654010E-04
   7.08017848E-04  -3.89321242E-04
   9.40675382E-04  -4.23710648E-04
   1.17184292E-03  -4.57627815E-04
   1.40031707E-03  -4.90877428E-04
   1.62490841E-03  -5.23265160E-04
   1.84445269E-03  -5.54599392E-04
   2.05782009E-03  -5.84693102E-04
   2.26392644E-03  -6.13365846E-04
   2.46174121E-03  -6.40445505E-04
   2.65029771E-03  -6.65770087E-04
   2.82870047E-03  -6.89189648E-04
   2.99613341E-03  -7.10567751E-04
   3.15186568E-03  -7.29783089E-04
   3.29525745E-03  -7.46730890E-04
   3.42576508E-03  -7.61324307E-04
   3.54294362E-03  -7.73495412E-04
   3.64644988E-03  -7.83196068E-04
   3.73604288E-03  -7.90398743E-04
   3.81158455E-03  -7.95097032E-04
   3.87303811E-03  -7.97305955E-04
   3.92046617E-03  -7.97061832E-04
   3.95402638E-03  -7.94422405E-04
   3.97396786E-03  -7.89466256E-04
   3.98062589E-03  -7.82292162E-04
   3.97441536E-03  -7.73018401E-04
   3.95582290E-03  -7.61781586E-04
   3.92540079E-03  -7.48735387E-04
   3.88375740E-03  -7.34049128E-04
   3.83154931E-03  -7.17906165E-04
   3.76947201E-03  -7.00502191E-04
   3.69825051E-03  -6.82043144E-04
   3.61863105E-03  -6.62743405E-04
   3.53137171E-03  -6.42823696E-04
   3.43723339E-03  -6.22508756E-04
   3.33697163E-03  -6.02025480E-04
   3.23132938E-03  -5.81600412E-04
   3.12102865E-03  -5.61457884E-04
   3.00676492E-03  -5.41817804E-04
   2.88920058E-03  -5.22893621E-04
   2.76896008E-03  -5.04890399E-04
   2.64662644E-03  -4.88003076E-04
   2.52273702E-03  -4.72414715E-04
   2.39778217E-03  -4.58294933E-04
   2.27220310E-03  -4.45798651E-04
   2.14639166E-03  -4.35064867E-04
   2.02069152E-03  -4.26215585E-04
   1.89539813E-03  -4.19355114E-04
   1.77076168E-03  -4.14569397E-04
   1.64698961E-03  -4.11925546E-04
   1.52425002E-03  -4.11471643E-04
   1.40267541E-03  -4.13236703E-04
   1.28236739E-03  -4.17230709E-04
   1.16340094E-03  -4.23444930E-04
   1.04582985E-03  -4.31852386E-04
   9.29691305E-04  -4.42408316E-04
   8.15011445E-04  -4.55050904E-04
   7.01810175E-04  -4.69702034E-04
   5.90106123E-04  -4.86268196E-04
   4.79921204E-04  -5.04641328E-04
   3.71285016E-04  -5.24699921E-04
   2.64238624E-04  -5.46309922E-04
   1.58838127E-04  -5.69325755E-04
   5.51574121E-05  -5.93591481E-04
  -4.67094360E-05  -6.18941674E-04
  -1.46646344E-04  -6.45202585E-04
  -2.44514173E-04  -6.72193011E-04
  -3.40150087E-04  -6.99725235E-04
  -4.33367648E-04  -7.27606006E-04
  -5.23957482E-04  -7.55637418E-04
  -6.11688360E-04  -7.83617725E-04
  -6.96309027E-04  -8.11342092E-04
  -7.77550275E-04  -8.38603475E-04
  -8.55127582E-04  -8.65193317E-04
  -9.28743975E-04  -8.90902302E-04
  -9.98093281E-04  -9.15520883E-04
  -1.06286386E-03  -9.38840327E-04
  -1.12274184E-03  -9.60653182E-04
  -1.17741514E-03  -9.80754150E-04
  -1.22657721E-03  -9.98940901E-04
  -1.26993086E-03  -1.01501471E-03
  -1.30719179E-03  -1.02878164E-03
  -1.33809226E-03  -1.04005309E-03
  -1.36238453E-03  -1.04864710E-03
  -1.37984380E-03  -1.05438940E-03
  -1.39027135E-03  -1.05711445E-03
  -1.39349711E-03  -1.05666649E-03
  -1.38938171E-03  -1.05290115E-03
  -1.37781864E-03  -1.04568654E-03
  -1.35873584E-03  -1.03490474E-03
  -1.33209722E-03  -1.02045317E-03
  -1.29790313E-03  -1.00224605E-03
  -1.25619140E-03  -9.80215962E-04
  -1.20703760E-03  -9.54315241E-04
  -1.15055486E-03  -9.24517342E-04
  -1.08689396E-03  -8.90818192E-04
  -1.01624255E-03  -8.53237638E-04
  -9.38824553E-04  -8.11820559E-04
  -8.54899234E-04  -7.66637968E-04
  -7.64760072E-04  -7.17787945E-04
  -6.68733497E-04  -6.65396336E-04
  -5.67177543E-04  -6.09617447E-04
  -4.60480369E-04  -5.50634228E-04
  -3.49058537E-04  -4.88658552E-04
  -2.33355415E-04  -4.23930993E-04
  -1.13839415E-04  -3.56720295E-04
   8.99784209E-06  -2.87322793E-04
   1.34643415E-04  -2.16061366E-04
   2.62564950E-04  -1.43284124E-04
   3.92212736E-04  -6.93627662E-05
   5.23021736E-04   5.30931720E-06
   6.54413714E-04   8.03192670E-05
   7.85799581E-04   1.55237212E-04
   9.16581601E-04   2.29619051E-04
   1.04615605E-03   3.03009525E-04
   1.17391546E-03   3.74945346E-04
   1.29925157E-03   4.44958772E-04
   1.42155821E-03   5.12581028E-04
   1.54023420E-03   5.77346247E-04
   1.65468629E-03   6.38795085E-04
   1.76433276E-03   6.96478761E-04
   1.86860666E-03   7.49962928E-04
   1.96695956E-03   7.98831403E-04
   2.05886504E-03   8.42690060E-04
   2.14382238E-03   8.81170563E-04
   2.22136057E-03   9.13933851E-04
   2.29104189E-03   9.40673286E-04
   2.35246611E-03   9.61117854E-04
   2.40527419E-03   9.75034956E-04
   2.44915159E-03   9.82232625E-04
   2.48383218E-03   9.82561964E-04
   2.50910153E-03   9.75918607E-04
   2.52479943E-03   9.62244056E-04
   2.53082369E-03   9.41526436E-04
   2.52713123E-03   9.13800963E-04
   2.51374068E-03   8.79149942E-04
   2.49073375E-03   8.37702130E-04
   2.45825620E-03   7.89631798E-04
   2.41651805E-03   7.35157169E-04
   2.36579264E-03   6.74538605E-04
   2.30641663E-03   6.08076283E-04
   2.23878794E-03   5.36107225E-04
   2.16336339E-03   4.59002506E-04
   2.08065542E-03   3.77163582E-04
   1.99122913E-03   2.91018514E-04
   1.89569755E-03   2.01018061E-04
   1.79471669E-03   1.07631378E-04
   1.68898026E-03   1.13416463E-05
   1.57921331E-03  -8.73584577E-05
   1.46616611E-03  -1.87971280E-04
   1.35060726E-03  -2.89998803E-04
   1.23331638E-03  -3.92947084E-04
   1.11507694E-03  -4.96330671E-04
   9.96668590E-04  -5.99676860E-04
   8.78859835E-04  -7.02529622E-04
   7.62400567E-04  -8.04453506E-04
   6.48014713E-04  -9.05036984E-04
   5.36393491E-04  -1.00389565E-03
   4.28188650E-04  -1.10067485E-03
   3.24006367E-04  -1.19505206E-03
   2.24401650E-04  -1.28673878E-03
   1.29873340E-04  -1.37548218E-03
   4.08598717E-05  -1.46106584E-03
  -4.22643279E-05  -1.54331047E-03
  -1.19191529E-04  -1.62207370E-03
  -1.89682731E-04  -1.69725018E-03
  -2.53568724E-04  -1.76877039E-03
  -3.10750387E-04  -1.83659955E-03
  -3.61198094E-04  -1.90073601E-03
  -4.04950348E-04  -1.96120911E-03
  -4.42111661E-04  -2.01807707E-03
  -4.72849613E-04  -2.07142439E-03
  -4.97391273E-04  -2.12135864E-03
  -5.16019121E-04  -2.16800789E-03
  -5.29066194E-04  -2.21151696E-03
  -5.36910957E-04  -2.25204416E-03
  -5.39971748E-04  -2.28975806E-03
  -5.38700959E-04  -2.32483400E-03
  -5.33579034E-04  -2.35745031E-03
  -5.25108189E-04  -2.38778512E-03
  -5.13806357E-04  -2.41601304E-03
  -5.00201189E-04  -2.44230218E-03
  -4.84823977E-04  -2.46681040E-03
  -4.68204031E-04  -2.48968368E-03
  -4.50863241E-04  -2.51105241E-03
  -4.33311128E-04  -2.53102975E-03
  -4.16040129E-04  -2.54970952E-03
  -3.99521407E-04  -2.56716437E-03
  -3.84201208E-04  -2.58344435E-03
  -3.70497670E-04  -2.59857601E-03
  -3.58798134E-04  -2.61256122E-03
  -3.49456939E-04  -2.62537692E-03
  -3.42793908E-04  -2.63697514E-03
  -3.39093094E-04  -2.64728279E-03
  -3.38602200E-04  -2.65620253E-03
  -3.41532315E-04  -2.66361283E-03
  -3.48058151E-04  -2.66936934E-03
  -3.58318619E-04  -2.67330627E-03
  -3.72417649E-04  -2.67523713E-03
  -3.90425412E-04  -2.67495704E-03
  -4.12379770E-04  -2.67224363E-03
  -4.38287854E-04  -2.66685989E-03
  -4.68127750E-04  -2.65855505E-03
  -5.01850387E-04  -2.64706695E-03
  -5.39381406E-04  -2.63212458E-03
  -5.80623106E-04  -2.61344924E-03
  -6.25456334E-04  -2.59075686E-03
  -6.73742325E-04  -2.56376015E-03
  -7.25324440E-04  -2.53217015E-03
  -7.80029921E-04  -2.49569793E-03
  -8.37671512E-04  -2.45405664E-03
  -8.98048922E-04  -2.40696291E-03
  -9.60950158E-04  -2.35413783E-03
  -1.02615298E-03  -2.29530851E-03
  -1.09342579E-03  -2.23020930E-03
  -1.16252888E-03  -2.15858268E-03
  -1.23321544E-03  -2.08018022E-03
  -1.30523252E-03  -1.99476327E-03
  -1.37832155E-03  -1.90210342E-03
  -1.45221956E-03  -1.80198345E-03
  -1.52665959E-03  -1.69419765E-03
  -1.60137203E-03  -1.57855265E-03
  -1.67608471E-03  -1.45486766E-03
  -1.75052427E-03  -1.32297492E-03
  -1.82441669E-03  -1.18272053E-03
  -1.89748849E-03  -1.03396527E-03
  -1.96946738E-03  -8.76584847E-04
  -2.04008329E-03  -7.10471242E-04
  -2.10906984E-03  -5.35533414E-04
  -2.17616535E-03  -3.51698720E-04
  -2.24111346E-03  -1.58913928E-04
  -2.30366527E-03   4.28531639E-05
  -2.36358051E-03   2.53612117E-04
  -2.42062821E-03   4.73348220E-04
  -2.47458881E-03   7.02020596E-04
  -2.52525532E-03   9.39560239E-04
  -2.57243472E-03   1.18586794E-03
  -2.61594914E-03   1.44081214E-03
  -2.65563768E-03   1.70422706E-03
  -2.69135670E-03   1.97591051E-03
  -2.72298162E-03   2.25562137E-03
  -2.75040767E-03   2.54307874E-03
  -2.77355080E-03   2.83795944E-03
  -2.79234815E-03   3.13989655E-03
  -2.80675874E-03   3.44847818E-03
  -2.81676324E-03   3.76324658E-03
  -2.82236421E-03   4.08369722E-03
  -2.82358588E-03   4.40927874E-03
  -2.82047386E-03   4.73939348E-03
  -2.81309383E-03   5.07339695E-03
  -2.80153076E-03   5.41059906E-03
  -2.78588757E-03   5.75026684E-03
  -2.76628346E-03   6.09162543E-03
  -2.74285255E-03   6.43385993E-03
  -2.71574128E-03   6.77612005E-03
  -2.68510659E-03   7.11752195E-03
  -2.65111309E-03   7.45715387E-03
  -2.61393120E-03   7.79407797E-03
  -2.57373368E-03   8.12733825E-03
  -2.53069354E-03   8.45596287E-03
  -2.48498097E-03   8.77897162E-03
  -2.43676058E-03   9.09538008E-03
  -2.38618837E-03   9.40420758E-03
  -2.33341008E-03   9.70448274E-03
  -2.27855798E-03   9.99524817E-03
  -2.22174823E-03   1.02755688E-02
  -2.16307980E-03   1.05445385E-02
  -2.10263184E-03   1.08012855E-02
  -2.04046257E-03   1.10449782E-02
  -1.97660807E-03   1.12748332E-02
  -1.91108161E-03   1.14901196E-02
  -1.84387283E-03   1.16901649E-02
  -1.77494786E-03   1.18743600E-02
  -1.70425011E-03   1.20421657E-02
  -1.63170055E-03   1.21931145E-02
  -1.55719882E-03   1.23268161E-02
  -1.48062536E-03   1.24429604E-02
  -1.40184280E-03   1.25413202E-02
  -1.32069853E-03   1.26217538E-02
  -1.23702700E-03   1.26842065E-02
  -1.15065277E-03   1.27287088E-02
  -1.06139353E-03   1.27553819E-02
  -9.69063374E-04   1.27644315E-02
  -8.73476150E-04   1.27561511E-02
  -7.74448912E-04   1.27309170E-02
  -6.71805756E-04   1.26891881E-02
  -5.65381022E-04   1.26315011E-02
  -4.55023081E-04   1.25584695E-02
  -3.40597588E-04   1.24707753E-02
  -2.21990718E-04   1.23691689E-02
  -9.91122652E-05   1.22544598E-02
   2.81016546E-05   1.21275131E-02
   1.59686053E-04   1.19892443E-02
   2.95644946E-04   1.18406098E-02
   4.35949420E-04   1.16826035E-02
   5.80536202E-04   1.15162479E-02
   7.29306426E-04   1.13425879E-02
   8.82125169E-04   1.11626834E-02
   1.03882106E-03   1.09776016E-02
   1.19918655E-03   1.07884100E-02
   1.36297802E-03   1.05961710E-02
   1.52991712E-03   1.04019307E-02
   1.69969222E-03   1.02067152E-02
   1.87195977E-03   1.00115240E-02
   2.04634666E-03   9.81732085E-03
   2.22245208E-03   9.62502882E-03
   2.39985110E-03   9.43552423E-03
   2.57809646E-03   9.24963132E-03
   2.75672250E-03   9.06811748E-03
   2.93524796E-03   8.89168493E-03
   3.11317993E-03   8.72097071E-03
   3.29001690E-03   8.55654012E-03
   3.46525223E-03   8.39888304E-03
   3.63837741E-03   8.24841298E-03
   3.80888651E-03   8.10546149E-03
   3.97627801E-03   7.97028001E-03
   4.14005946E-03   7.84303434E-03
   4.29974915E-03   7.72380829E-03
   4.45487956E-03   7.61259906E-03
   4.60499991E-03   7.50932097E-03
   4.74967854E-03   7.41380500E-03
   4.88850381E-03   7.32580060E-03
   5.02108689E-03   7.24497717E-03
   5.14706271E-03   7.17092818E-03
   5.26609132E-03   7.10317260E-03
   5.37785841E-03   7.04116048E-03
   5.48207574E-03   6.98427577E-03
   5.57848113E-03   6.93184137E-03
   5.66683942E-03   6.88312529E-03
   5.74694015E-03   6.83734426E-03
   5.81859984E-03   6.79367175E-03
   5.88165876E-03   6.75124303E-03
   5.93598140E-03   6.70916168E-03
   5.98145556E-03   6.66650617E-03
   6.01799088E-03   6.62233727E-03
   6.04551844E-03   6.57570409E-03
   6.06398843E-03   6.52565155E-03
   6.07337011E-03   6.47122692E-03
   6.07365044E-03   6.41148677E-03
   6.06483361E-03   6.34550396E-03
   6.04693918E-03   6.27237326E-03
   6.02000207E-03   6.19121827E-03
   5.98407164E-03   6.10119663E-03
   5.93921030E-03   6.00150554E-03
   5.88549441E-03   5.89138689E-03
   5.82301244E-03   5.77013288E-03
   5.75186545E-03   5.63708832E-03
   5.67216659E-03   5.49165532E-03
   5.58404159E-03   5.33329649E-03
   5.48762782E-03   5.16153686E-03
   5.38307475E-03   4.97596664E-03
   5.27054351E-03   4.77624172E-03
   5.15020778E-03   4.56208410E-03
   5.02225291E-03   4.33328375E-03
   4.88687726E-03   4.08969633E-03
   4.74429037E-03   3.83124384E-03
   4.59471485E-03   3.55791184E-03
   4.43838490E-03   3.26974853E-03
   4.27554687E-03   2.96686217E-03
   4.10645921E-03   2.64941761E-03
   3.93139198E-03   2.31763441E-03
   3.75062623E-03   1.97178265E-03
   3.56445368E-03   1.61217933E-03
   3.37317609E-03   1.23918476E-03
   3.17710498E-03   8.53198930E-04
   2.97656050E-03   4.54656896E-04
   2.77187070E-03   4.40254225E-05
   2.56337062E-03  -3.78201134E-04
   2.35140137E-03  -8.11504724E-04
   2.13630893E-03  -1.25534716E-03
   1.91844348E-03  -1.70917320E-03
   1.69815787E-03  -2.17241398E-03
   1.47580681E-03  -2.64448952E-03
   1.25174562E-03  -3.12481169E-03
   1.02632947E-03  -3.61278607E-03
   7.99912028E-04  -4.10781335E-03
   5.72844641E-04  -4.60929098E-03
   3.45475273E-04  -5.11661405E-03
   1.18147917E-04  -5.62917581E-03
  -1.08798427E-04  -6.14636810E-03
  -3.35030141E-04  -6.66757952E-03
  -5.60219865E-04  -7.19219726E-03
  -7.84046832E-04  -7.71960430E-03
  -1.00619707E-03  -8.24917946E-03
  -1.22636394E-03  -8.78029410E-03
  -1.44424813E-03  -9.31231212E-03
  -1.65955781E-03  -9.84458812E-03
  -1.87200867E-03  -1.03764646E-02
  -2.08132365E-03  -1.09072700E-02
  -2.28723325E-03  -1.14363171E-02
  -2.48947483E-03  -1.19629018E-02
  -2.68779253E-03  -1.24862995E-02
  -2.88193766E-03  -1.30057652E-02
  -3.07166786E-03  -1.35205304E-02
  -3.25674680E-03  -1.40298028E-02
  -3.43694468E-03  -1.45327654E-02
  -3.61203752E-03  -1.50285745E-02
  -3.78180761E-03  -1.55163622E-02
  -3.94604355E-03  -1.59952343E-02
  -4.10453975E-03  -1.64642688E-02
  -4.25709784E-03  -1.69225223E-02
  -4.40352643E-03  -1.73690245E-02
  -4.54364019E-03  -1.78027861E-02
  -4.67726262E-03  -1.82227977E-02
  -4.80422517E-03  -1.86280329E-02
  -4.92436811E-03  -1.90174524E-02
  -5.03754197E-03  -1.93900038E-02
  -5.14360750E-03  -1.97446290E-02
  -5.24243666E-03  -2.00802665E-02
  -5.33391302E-03  -2.03958582E-02
  -5.41793369E-03  -2.06903536E-02
  -5.49440924E-03  -2.09627114E-02
  -5.56326425E-03  -2.12119091E-02
  -5.62443910E-03  -2.14369446E-02
  -5.67788957E-03  -2.16368474E-02
  -5.72358770E-03  -2.18106769E-02
  -5.76152280E-03  -2.19575372E-02
  -5.79170091E-03  -2.20765732E-02
  -5.81414672E-03  -2.21669823E-02
  -5.82890166E-03  -2.22280212E-02
  -5.83602535E-03  -2.22590081E-02
  -5.83559601E-03  -2.22593285E-02
  -5.82770864E-03  -2.22284421E-02
  -5.81247685E-03  -2.21658852E-02
  -5.79003012E-03  -2.20712777E-02
  -5.76051511E-03  -2.19443273E-02
  -5.72409481E-03  -2.17848308E-02
  -5.68094710E-03  -2.15926804E-02
  -5.63126523E-03  -2.13678647E-02
  -5.57525549E-03  -2.11104713E-02
  -5.51313767E-03  -2.08206903E-02
  -5.44514414E-03  -2.04988159E-02
  -5.37151750E-03  -2.01452468E-02
  -5.29251155E-03  -1.97604839E-02
  -5.20838844E-03  -1.93451326E-02
  -5.11941966E-03  -1.88999027E-02
  -5.02588274E-03  -1.84256043E-02
  -4.92806220E-03  -1.79231521E-02
  -4.82624676E-03  -1.73935536E-02
  -4.72072931E-03  -1.68379135E-02
  -4.61180601E-03  -1.62574258E-02
  -4.49977443E-03  -1.56533737E-02
  -4.38493257E-03  -1.50271216E-02
  -4.26757801E-03  -1.43801104E-02
  -4.14800690E-03  -1.37138534E-02
  -4.02651168E-03  -1.30299302E-02
  -3.90338153E-03  -1.23299789E-02
  -3.77890025E-03  -1.16156908E-02
  -3.65334540E-03  -1.08888028E-02
  -3.52698704E-03  -1.01510901E-02
  -3.40008712E-03  -9.40435939E-03
  -3.27289826E-03  -8.65044072E-03
  -3.14566237E-03  -7.89117999E-03
  -3.01861041E-03  -7.12843053E-03
  -2.89196079E-03  -6.36404660E-03
  -2.76591908E-03  -5.59987454E-03
  -2.64067738E-03  -4.83774580E-03
  -2.51641334E-03  -4.07946948E-03
  -2.39328993E-03  -3.32682463E-03
  -2.27145501E-03  -2.58155377E-03
  -2.15104106E-03  -1.84535631E-03
  -2.03216495E-03  -1.11988140E-03
  -1.91492797E-03  -4.06722829E-04
  -1.79941626E-03   2.92586978E-04
  -1.68570119E-03   9.76582058E-04
  -1.57383957E-03   1.64386735E-03
  -1.46387471E-03   2.29312293E-03
  -1.35583698E-03   2.92310771E-03
  -1.24974514E-03   3.53266252E-03
  -1.14560721E-03   4.12071310E-03
  -1.04342203E-03   4.68627131E-03
  -9.43180814E-04   5.22843795E-03
  -8.44868599E-04   5.74640278E-03
  -7.48465885E-04   6.23944681E-03
  -6.53950672E-04   6.70694001E-03
  -5.61299850E-04   7.14834407E-03
  -4.70491388E-04   7.56320870E-03
  -3.81506019E-04   7.95117393E-03
  -2.94329075E-04   8.31196550E-03
  -2.08952115E-04   8.64539575E-03
  -1.25374558E-04   8.95136036E-03
  -4.36051632E-05   9.22983699E-03
   3.63365907E-05   9.48088244E-03
   1.14419461E-04   9.70462989E-03
   1.90599501E-04   9.90128703E-03
   2.64819420E-04   1.00711333E-02
   3.37008009E-04   1.02145141E-02
   4.07080166E-04   1.03318440E-02
   4.74937027E-04   1.04235969E-02
   5.40466164E-04   1.04903076E-02
   6.03542547E-04   1.05325682E-02
   6.64029503E-04   1.05510233E-02
   7.21780059E-04   1.05463685E-02
   7.76638451E-04   1.05193462E-02
   8.28442164E-04   1.04707433E-02
   8.77023966E-04   1.04013877E-02
   9.22214182E-04   1.03121465E-02
   9.63843137E-04   1.02039212E-02
   1.00174407E-03   1.00776451E-02
   1.03575550E-03   9.93428007E-03
   1.06572453E-03   9.77481250E-03
   1.09150924E-03   9.60025191E-03
   1.11298170E-03   9.41162556E-03
   1.13003084E-03   9.20997467E-03
   1.14256504E-03   8.99635255E-03
   1.15051458E-03   8.77181906E-03
   1.15383405E-03   8.53743870E-03
   1.15250482E-03   8.29427317E-03
   1.14653644E-03   8.04338045E-03
   1.13596860E-03   7.78581016E-03
   1.12087233E-03   7.52259744E-03
   1.10135099E-03   7.25475978E-03
   1.07754080E-03   6.98329322E-03
   1.04961137E-03   6.70916727E-03
   1.01776526E-03   6.43332070E-03
   9.82237631E-04   6.15665736E-03
   9.43295425E-04   5.88004291E-03
   9.01235966E-04   5.60430018E-03
   8.56385333E-04   5.33020636E-03
   8.09096498E-04   5.05848881E-03
   7.59746879E-04   4.78982273E-03
   7.08735839E-04   4.52482887E-03
   6.56481774E-04   4.26407112E-03
   6.03419088E-04   4.00805473E-03
   5.49994817E-04   3.75722512E-03
   4.96665074E-04   3.51196644E-03
   4.43891680E-04   3.27260257E-03
   3.92138347E-04   3.03939637E-03
   3.41866980E-04   2.81255040E-03
   2.93533958E-04   2.59220880E-03
   2.47586431E-04   2.37845839E-03
   2.04458673E-04   2.17133062E-03
   1.64568482E-04   1.97080499E-03
   1.28313884E-04   1.77681097E-03
   9.60697726E-05   1.58923178E-03
   6.81849051E-05   1.40790828E-03
   4.49789841E-05   1.23264221E-03
   2.67400501E-05   1.06320065E-03
   1.37220914E-05   8.99320119E-04
   6.14290502E-06   7.40711228E-04
   4.18219997E-06   5.87062677E-04
   7.97999564E-06   4.38045885E-04
   1.76352769E-05   2.93319405E-04
   3.32049094E-05   1.52533350E-04
   5.47028321E-05   1.53334113E-05
   8.20995047E-05  -1.18634853E-04
   1.15321556E-04  -2.49722216E-04
   1.54251815E-04  -3.78272001E-04
   1.98729424E-04  -5.04616590E-04
   2.48550292E-04  -6.29074115E-04
   3.03467648E-04  -7.51945481E-04
   3.63193103E-04  -8.73511599E-04
   4.27397550E-04  -9.94030735E-04
   4.95712564E-04  -1.11373630E-03
   5.67732030E-04  -1.23283477E-03
   6.43013685E-04  -1.35150389E-03
   7.21081218E-04  -1.46989117E-03
   8.01426417E-04  -1.58811221E-03
   8.83511500E-04  -1.70624966E-03
   9.66771855E-04  -1.82435242E-03
   1.05061859E-03  -1.94243446E-03
   1.13444193E-03  -2.06047436E-03
   1.21761404E-03  -2.17841449E-03
   1.29949278E-03  -2.29616137E-03
   1.37942529E-03  -2.41358485E-03
   1.45675172E-03  -2.53051799E-03
   1.53080944E-03  -2.64675822E-03
   1.60093734E-03  -2.76206667E-03
   1.66647998E-03  -2.87616928E-03
   1.72679243E-03  -2.98875780E-03
   1.78124476E-03  -3.09949042E-03
   1.82922685E-03  -3.20799346E-03
   1.87015336E-03  -3.31386295E-03
   1.90346828E-03  -3.41666676E-03
   1.92865008E-03  -3.51594691E-03
   1.94521621E-03  -3.61122191E-03
   1.95272791E-03  -3.70199047E-03
   1.95079448E-03  -3.78773431E-03
   1.93907763E-03  -3.86792235E-03
   1.91729539E-03  -3.94201465E-03
   1.88522600E-03  -4.00946708E-03
   1.84271089E-03  -4.06973623E-03
   1.78965763E-03  -4.12228424E-03
   1.72604248E-03  -4.16658446E-03
   1.65191246E-03  -4.20212792E-03
   1.56738632E-03  -4.22842754E-03
   1.47265603E-03  -4.24502604E-03
   1.36798655E-03  -4.25150059E-03
   1.25371583E-03  -4.24746983E-03
   1.13025378E-03  -4.23259893E-03
   9.98080825E-04  -4.20660712E-03
   8.57745996E-04  -4.16927179E-03
   7.09863729E-04  -4.12043463E-03
   5.55110862E-04  -4.06000530E-03
   3.94222792E-04  -3.98796797E-03
   2.27988887E-04  -3.90438316E-03
   5.72477729E-05  -3.80939175E-03
  -1.17118165E-04  -3.70321749E-03
  -2.94188445E-04  -3.58616840E-03
  -4.73010703E-04  -3.45863774E-03
  -6.52607006E-04  -3.32110398E-03
  -8.31980549E-04  -3.17412941E-03
  -1.01012248E-03  -3.01835872E-03
  -1.18601893E-03  -2.85451557E-03
  -1.35865796E-03  -2.68339901E-03
  -1.52703654E-03  -2.50587869E-03
  -1.69016770E-03  -2.32288870E-03
  -1.84708706E-03  -2.13542115E-03
  -1.99685991E-03  -1.94451876E-03
  -2.13858765E-03  -1.75126654E-03
  -2.27141380E-03  -1.55678287E-03
  -2.39452999E-03  -1.36220979E-03
  -2.50718161E-03  -1.16870319E-03
  -2.60867272E-03  -9.77421994E-04
  -2.69837142E-03  -7.89517711E-04
  -2.77571380E-03  -6.06123183E-04
  -2.84020742E-03  -4.28341504E-04
  -2.89143506E-03  -2.57235050E-04
  -2.92905746E-03  -9.38145968E-05
  -2.95281550E-03   6.09713170E-05
  -2.96253199E-03   2.06246623E-04
  -2.95811263E-03   3.41217354E-04
  -2.93954671E-03   4.65180550E-04
  -2.90690735E-03   5.77532628E-04
  -2.86035030E-03   6.77776639E-04
  -2.80011352E-03   7.65528763E-04
  -2.72651459E-03   8.40523513E-04
  -2.63994932E-03   9.02617874E-04
  -2.54088850E-03   9.51794325E-04
  -2.42987415E-03   9.88162472E-04
  -2.30751676E-03   1.01195928E-03
  -2.17448967E-03   1.02354831E-03
  -2.03152560E-03   1.02341711E-03
  -1.87941059E-03   1.01217371E-03
  -1.71897875E-03   9.90541419E-04
  -1.55110657E-03   9.59352532E-04
  -1.37670664E-03   9.19540646E-04
  -1.19672157E-03   8.72131845E-04
  -1.01211714E-03   8.18234752E-04
  -8.23876006E-04   7.59029645E-04
  -6.32990967E-04   6.95756229E-04
  -4.40458185E-04   6.29701128E-04
  -2.47270713E-04   5.62184257E-04
  -5.44119830E-05   4.94544802E-04
   1.37150462E-04   4.28126747E-04
   3.26471054E-04   3.64264211E-04
   5.12631843E-04   3.04266578E-04
   6.94747956E-04   2.49403762E-04
   8.71972588E-04   2.00891736E-04
   1.04350154E-03   1.59878415E-04
   1.20857719E-03   1.27430190E-04
   1.36649213E-03   1.04519233E-04
   1.51659211E-03   9.20116508E-05
   1.65827887E-03   9.06567730E-05
   1.79101154E-03   1.01077567E-04
   1.91430864E-03   1.23762482E-04
   2.02774862E-03   1.59058589E-04
   2.13097036E-03   2.07166420E-04
   2.22367351E-03   2.68136268E-04
   2.30561756E-03   3.41866195E-04
   2.37662159E-03   4.28101805E-04
   2.43656267E-03   5.26437652E-04
   2.48537469E-03   6.36320387E-04
   2.52304692E-03   7.57053727E-04
   2.54962221E-03   8.87804898E-04
   2.56519485E-03   1.02761271E-03
   2.56990851E-03   1.17539742E-03
   2.56395456E-03   1.32997148E-03
   2.54756981E-03   1.49005221E-03
   2.52103480E-03   1.65427488E-03
   2.48467177E-03   1.82120758E-03
   2.43884209E-03   1.98936625E-03
   2.38394551E-03   2.15723063E-03
   2.32041813E-03   2.32326076E-03
   2.24873004E-03   2.48591346E-03
   2.16938462E-03   2.64365925E-03
   2.08291691E-03   2.79499823E-03
   1.98989152E-03   2.93847709E-03
   1.89090159E-03   3.07270396E-03
   1.78656692E-03   3.19636380E-03
   1.67753233E-03   3.30823218E-03
   1.56446546E-03   3.40718776E-03
   1.44805526E-03   3.49222496E-03
   1.32900907E-03   3.56246321E-03
   1.20805006E-03   3.61715700E-03
   1.08591456E-03   3.65570234E-03
   9.63348662E-04   3.67764290E-03
   8.41104425E-04   3.68267414E-03
   7.19936157E-04   3.67064564E-03
   6.00595959E-04   3.64156230E-03
   4.83828888E-04   3.59558291E-03
   3.70368361E-04   3.53301759E-03
   2.60930712E-04   3.45432432E-03
   1.56209775E-04   3.36010288E-03
   5.68713585E-05   3.25108832E-03
  -3.64524894E-05   3.12814233E-03
  -1.23169084E-04   2.99224420E-03
  -2.02730735E-04   2.84448080E-03
  -2.74640246E-04   2.68603442E-03
  -3.38455895E-04   2.51817238E-03
  -3.93796421E-04   2.34223320E-03
  -4.40345320E-04   2.15961481E-03
  -4.77854599E-04   1.97176100E-03
  -5.06148092E-04   1.78014848E-03
  -5.25123789E-04   1.58627378E-03
  -5.34755702E-04   1.39164005E-03
  -5.35094703E-04   1.19774486E-03
  -5.26268559E-04   1.00606773E-03
  -5.08481113E-04   8.18058208E-04
  -4.82010539E-04   6.35125092E-04
  -4.47206752E-04   4.58625640E-04
  -4.04487888E-04   2.89855991E-04
  -3.54336051E-04   1.30042070E-04
  -2.97292281E-04  -1.96686888E-05
  -2.33950792E-04  -1.58214709E-04
  -1.64952638E-04  -2.84626905E-04
  -9.09788214E-05  -3.98034492E-04
  -1.27430321E-05  -4.97669913E-04
   6.90159504E-05  -5.82873123E-04
   1.53542074E-04  -6.53095136E-04
   2.40069872E-04  -7.07900559E-04
   3.27832357E-04  -7.46969774E-04
   4.16068593E-04  -7.70100218E-04
   5.04031312E-04  -7.77207140E-04
   5.90993906E-04  -7.68323429E-04
   6.76257070E-04  -7.43599318E-04
   7.59155024E-04  -7.03300931E-04
   8.39060696E-04  -6.47808600E-04
   9.15390905E-04  -5.77614352E-04
   9.87610314E-04  -4.93318832E-04
   1.05523493E-03  -3.95627692E-04
   1.11783447E-03  -2.85347283E-04
   1.17503467E-03  -1.63379649E-04
   1.22651819E-03  -3.07168521E-05
   1.27202505E-03   1.11565110E-04
   1.31135271E-03   2.62313406E-04
   1.34435494E-03   4.20305936E-04
   1.37094059E-03   5.84259629E-04
   1.39107194E-03   7.52839376E-04
   1.40476227E-03   9.24667693E-04
   1.41207315E-03   1.09833467E-03
   1.41311181E-03   1.27240911E-03
   1.40802772E-03   1.44544942E-03
   1.39700959E-03   1.61601568E-03
   1.38028176E-03   1.78268133E-03
   1.35810114E-03   1.94404577E-03
   1.33075356E-03   2.09874660E-03
   1.29855028E-03   2.24547205E-03
   1.26182521E-03   2.38297367E-03
   1.22093142E-03   2.51007779E-03
   1.17623806E-03   2.62569776E-03
   1.12812757E-03   2.72884406E-03
   1.07699295E-03   2.81863543E-03
   1.02323503E-03   2.89430772E-03
   9.67259810E-04   2.95522204E-03
   9.09476134E-04   3.00087244E-03
   8.50293203E-04   3.03089083E-03
   7.90118182E-04   3.04505229E-03
   7.29353807E-04   3.04327719E-03
   6.68396067E-04   3.02563235E-03
   6.07631926E-04   2.99233105E-03
   5.47436648E-04   2.94373045E-03
   4.88171674E-04   2.88032810E-03
   4.30181884E-04   2.80275661E-03
   3.73793329E-04   2.71177571E-03
   3.19310580E-04   2.60826480E-03
   2.67014257E-04   2.49321223E-03
   2.17158697E-04   2.36770371E-03
   1.69969426E-04   2.23291013E-03
   1.25640916E-04   2.09007389E-03
   8.43345115E-05   1.94049487E-03
   4.61765048E-05   1.78551488E-03
   1.12564194E-05   1.62650272E-03
  -2.03743402E-05   1.46483828E-03
  -4.87035213E-05   1.30189746E-03
  -7.37586524E-05   1.13903638E-03
  -9.56072618E-05   9.77576827E-04
  -1.14356582E-04   8.18792090E-04
  -1.30152781E-04   6.63893356E-04
  -1.43179626E-04   5.14017593E-04
  -1.53656583E-04   3.70216265E-04
  -1.61836419E-04   2.33445506E-04
  -1.68002254E-04   1.04557563E-04
  -1.72464031E-04  -1.57061586E-05
  -1.75554553E-04  -1.26720552E-04
  -1.77625028E-04  -2.27980607E-04
  -1.79040289E-04  -3.19103681E-04
  -1.80173665E-04  -3.99830082E-04
  -1.81401541E-04  -4.70022147E-04
  -1.83097873E-04  -5.29661716E-04
  -1.85628523E-04  -5.78846317E-04
  -1.89345679E-04  -6.17783691E-04
  -1.94582288E-04  -6.46785600E-04
  -2.01646777E-04  -6.66259963E-04
  -2.10818034E-04  -6.76702359E-04
  -2.22340692E-04  -6.78686774E-04
  -2.36420936E-04  -6.72855531E-04
  -2.53222825E-04  -6.59908575E-04
  -2.72865145E-04  -6.40592887E-04
  -2.95418955E-04  -6.15691300E-04
  -3.20905790E-04  -5.86011447E-04
  -3.49296664E-04  -5.52374695E-04
  -3.80511716E-04  -5.15605556E-04
  -4.14420589E-04  -4.76521353E-04
  -4.50843654E-04  -4.35922237E-04
  -4.89553902E-04  -3.94581875E-04
  -5.30279416E-04  -3.53238924E-04
  -5.72706747E-04  -3.12589080E-04
  -6.16484438E-04  -2.73278041E-04
  -6.61227561E-04  -2.35895306E-04
  -7.06522318E-04  -2.00968803E-04
  -7.51931046E-04  -1.68960600E-04
  -7.96997570E-04  -1.40263437E-04
  -8.41252680E-04  -1.15198287E-04
  -8.84219829E-04  -9.40127866E-05
  -9.25420551E-04  -7.68807004E-05
  -9.64380102E-04  -6.39022037E-05
  -1.00063253E-03  -5.51050907E-05
  -1.03372626E-03  -5.04467680E-05
  -1.06322835E-03  -4.98170557E-05
  -1.08872959E-03  -5.30417019E-05
  -1.10984815E-03  -5.98865518E-05
  -1.12623372E-03  -7.00623350E-05
  -1.13757036E-03  -8.32299556E-05
  -1.14357984E-03  -9.90062472E-05
  -1.14402373E-03  -1.16970157E-04
  -1.13870541E-03  -1.36669201E-04
  -1.12747157E-03  -1.57626171E-04
  -1.11021323E-03  -1.79346025E-04
  -1.08686683E-03  -2.01322866E-04
  -1.05741399E-03  -2.23046896E-04
  -1.02188170E-03  -2.44011375E-04
  -9.80342273E-04  -2.63719354E-04
  -9.32912226E-04  -2.81690271E-04
  -8.79751751E-04  -2.97466147E-04
  -8.21063470E-04  -3.10617528E-04
  -7.57091271E-04  -3.20748950E-04
  -6.88118627E-04  -3.27503862E-04
  -6.14467252E-04  -3.30569077E-04
  -5.36494947E-04  -3.29678558E-04
  -4.54594003E-04  -3.24616587E-04
  -3.69188812E-04  -3.15220270E-04
  -2.80733744E-04  -3.01381282E-04
  -1.89710670E-04  -2.83047004E-04
  -9.66263178E-05  -2.60220782E-04
  -2.00940849E-06  -2.32961640E-04
   9.35922872E-05  -2.01383096E-04
   1.89615268E-04  -1.65651392E-04
   2.85483809E-04  -1.25983090E-04
   3.80613608E-04  -8.26418982E-05
   4.74415778E-04  -3.59350779E-05
   5.66301052E-04   1.37908028E-05
   6.55684038E-04   6.61545200E-05
   7.41988071E-04   1.20745259E-04
   8.24649702E-04   1.77128008E-04
   9.03123815E-04   2.34849183E-04
   9.76888463E-04   2.93442456E-04
   1.04544999E-03   3.52434523E-04
   1.10834802E-03   4.11351153E-04
   1.16516068E-03   4.69722756E-04
   1.21550891E-03   5.27090102E-04
   1.25906162E-03   5.83009678E-04
   1.29553978E-03   6.37058751E-04
   1.32472010E-03   6.88839995E-04
   1.34643866E-03   7.37985829E-04
   1.36059395E-03   7.84162141E-04
   1.36714906E-03   8.27071723E-04
   1.36613299E-03   8.66456889E-04
   1.35764200E-03   9.02101863E-04
   1.34183932E-03   9.33834410E-04
   1.31895440E-03   9.61527054E-04
   1.28928141E-03   9.85097489E-04
   1.25317671E-03   1.00450905E-03
   1.21105567E-03   1.01976981E-03
   1.16338860E-03   1.03093206E-03
   1.11069554E-03   1.03809079E-03
   1.05354097E-03   1.04138174E-03
   9.92527464E-04   1.04097940E-03
   9.28289024E-04   1.03709463E-03
   8.61483510E-04   1.02997140E-03
   7.92785198E-04   1.01988413E-03
   7.22876575E-04   1.00713409E-03
   6.52440358E-04   9.92046087E-04
   5.82151348E-04   9.74964758E-04
   5.12668106E-04   9.56250646E-04
   4.44625155E-04   9.36276512E-04
   3.78625380E-04   9.15423385E-04
   3.15232755E-04   8.94076540E-04
   2.54965591E-04   8.72621487E-04
   1.98290596E-04   8.51440185E-04
   1.45617407E-04   8.30906793E-04
   9.72939742E-05   8.11383943E-04
   5.36029293E-05   7.93218729E-04
   1.47586106E-05   7.76738860E-04
  -1.90948485E-05   7.62249110E-04
  -4.78845614E-05   7.50027481E-04
  -7.16089635E-05   7.40321819E-04
  -9.03370092E-05   7.33346620E-04
  -1.04206425E-04   7.29279709E-04
  -1.13421149E-04   7.28259678E-04
  -1.18247939E-04   7.30383093E-04
  -1.19012249E-04   7.35702633E-04
  -1.16093375E-04   7.44224933E-04
  -1.09919034E-04   7.55909481E-04
  -1.00959369E-04   7.70667568E-04
  -8.97205173E-05   7.88361998E-04
  -7.67377933E-05   8.08807206E-04
  -6.25685498E-05   8.31770245E-04
  -4.77849098E-05   8.56971950E-04
  -3.29663017E-05   8.84089211E-04
  -1.86920170E-05   9.12757590E-04
  -5.53382051E-06   9.42574989E-04
   5.95131405E-06   9.73105547E-04
   1.52282528E-05   1.00388436E-03
   2.17904308E-05   1.03442324E-03
   2.51662477E-05   1.06421625E-03
   2.49249952E-05   1.09274650E-03
   2.06823152E-05   1.11949281E-03
   1.21051016E-05   1.14393723E-03
  -1.08417862E-06   1.16557244E-03
  -1.91038234E-05   1.18390948E-03
  -4.21099248E-05   1.19848526E-03
  -7.01940589E-05   1.20887021E-03
  -1.03381797E-04   1.21467526E-03
  -1.41631885E-04   1.21555896E-03
  -1.84836259E-04   1.21123355E-03
  -2.32820807E-04   1.20147050E-03
  -2.85346934E-04   1.18610554E-03
  -3.42113868E-04   1.16504193E-03
  -4.02761769E-04   1.13825384E-03
  -4.66875499E-04   1.10578770E-03
  -5.33989223E-04   1.06776250E-03
  -6.03591441E-04   1.02436950E-03
  -6.75130985E-04   9.75870003E-04
  -7.48023158E-04   9.22592066E-04
  -8.21656606E-04   8.64926144E-04
  -8.95400532E-04   8.03319504E-04
  -9.68612148E-04   7.38269591E-04
  -1.04064436E-03   6.70316454E-04
  -1.11085374E-03   6.00034255E-04
  -1.17860816E-03   5.28022007E-04
  -1.24329468E-03   4.54894063E-04
  -1.30432693E-03   3.81270016E-04
  -1.36115227E-03   3.07764509E-04
  -1.41325872E-03   2.34977138E-04
  -1.46018097E-03   1.63482429E-04
  -1.50150619E-03   9.38203666E-05
  -1.53687876E-03   2.64874907E-05
  -1.56600412E-03  -3.80712227E-05
  -1.58865249E-03  -9.94695874E-05
  -1.60466065E-03  -1.57386297E-04
  -1.61393348E-03  -2.11569815E-04
  -1.61644432E-03  -2.61842040E-04
  -1.61223416E-03  -3.08100542E-04
  -1.60141021E-03  -3.50319460E-04
  -1.58414303E-03  -3.88548942E-04
  -1.56066334E-03  -4.22913261E-04
  -1.53125729E-03  -4.53607528E-04
  -1.49626192E-03  -4.80893243E-04
  -1.45605893E-03  -5.05092612E-04
  -1.41106849E-03  -5.26581891E-04
  -1.36174250E-03  -5.45783842E-04
  -1.30855746E-03  -5.63159410E-04
  -1.25200732E-03  -5.79198881E-04
  -1.19259569E-03  -5.94412733E-04
  -1.13082910E-03  -6.09322393E-04
  -1.06720917E-03  -6.24450622E-04
  -1.00222637E-03  -6.40312559E-04
  -9.36353230E-04  -6.57406810E-04
  -8.70038464E-04  -6.76207186E-04
  -8.03701638E-04  -6.97155134E-04
  -7.37728551E-04  -7.20652810E-04
  -6.72467169E-04  -7.47057144E-04
  -6.08224596E-04  -7.76674948E-04
  -5.45264513E-04  -8.09758843E-04
  -4.83805663E-04  -8.46504467E-04
  -4.24021098E-04  -8.87048547E-04
  -3.66038119E-04  -9.31468152E-04
  -3.09938972E-04  -9.79780802E-04
  -2.55762279E-04  -1.03194581E-03
  -2.03505057E-04  -1.08786614E-03
  -1.53125278E-04  -1.14739116E-03
  -1.04544954E-04  -1.21032039E-03
  -5.76535967E-05  -1.27640704E-03
  -1.23120080E-05  -1.34536310E-03
   3.16437508E-05  -1.41686376E-03
   7.43981363E-05  -1.49055244E-03
   1.16151918E-04  -1.56604603E-03
   1.57117844E-04  -1.64293998E-03
   1.97516492E-04  -1.72081345E-03
   2.37572109E-04  -1.79923407E-03
   2.77508632E-04  -1.87776261E-03
   3.17545957E-04  -1.95595715E-03
   3.57896264E-04  -2.03337753E-03
   3.98760720E-04  -2.10958859E-03
   4.40326345E-04  -2.18416378E-03
   4.82763018E-04  -2.25668773E-03
   5.26221003E-04  -2.32675951E-03
   5.70828328E-04  -2.39399401E-03
   6.16688631E-04  -2.45802477E-03
   6.63879327E-04  -2.51850532E-03
   7.12449488E-04  -2.57511088E-03
   7.62418378E-04  -2.62753991E-03
   8.13774008E-04  -2.67551490E-03
   8.66471790E-04  -2.71878392E-03
   9.20433435E-04  -2.75712088E-03
   9.75545961E-04  -2.79032765E-03
   1.03166106E-03  -2.81823403E-03
   1.08859444E-03  -2.84069893E-03
   1.14612561E-03  -2.85761082E-03
   1.20399788E-03  -2.86888890E-03
   1.26191881E-03  -2.87448335E-03
   1.31956069E-03  -2.87437532E-03
   1.37656147E-03  -2.86857807E-03
   1.43252662E-03  -2.85713631E-03
   1.48703065E-03  -2.84012617E-03
   1.53961987E-03  -2.81765452E-03
   1.58981525E-03  -2.78985780E-03
   1.63711607E-03  -2.75690132E-03
   1.68100360E-03  -2.71897740E-03
   1.72094617E-03  -2.67630280E-03
   1.75640406E-03  -2.62911664E-03
   1.78683538E-03  -2.57767760E-03
   1.81170180E-03  -2.52225995E-03
   1.83047552E-03  -2.46315054E-03
   1.84264558E-03  -2.40064412E-03
   1.84772548E-03  -2.33504013E-03
   1.84526015E-03  -2.26663728E-03
   1.83483318E-03  -2.19572964E-03
   1.81607425E-03  -2.12260219E-03
   1.78866589E-03  -2.04752618E-03
   1.75235048E-03  -1.97075540E-03
   1.70693640E-03  -1.89252221E-03
   1.65230362E-03  -1.81303441E-03
   1.58840918E-03  -1.73247210E-03
   1.51529105E-03  -1.65098591E-03
   1.43307168E-03  -1.56869506E-03
   1.34196028E-03  -1.48568698E-03
   1.24225440E-03  -1.40201708E-03
   1.13433972E-03  -1.31770980E-03
   1.01868960E-03  -1.23276003E-03
   8.95862468E-04  -1.14713586E-03
   7.66498910E-04  -1.06078177E-03
   6.31317031E-04  -9.73622315E-04
   4.91107116E-04  -8.85566988E-04
   3.46724642E-04  -7.96515378E-04
   1.99083093E-04  -7.06362596E-04
   4.91454120E-05  -6.15005207E-04
  -1.02085236E-04  -5.22347284E-04
  -2.53575068E-04  -4.28306463E-04
  -4.04270017E-04  -3.32819967E-04
  -5.53106307E-04  -2.35850224E-04
  -6.99020980E-04  -1.37390220E-04
  -8.40962864E-04  -3.74682495E-05
  -9.77903022E-04   6.38480342E-05
  -1.10884488E-03   1.66448226E-04
  -1.23283453E-03   2.70176766E-04
  -1.34896941E-03   3.74831463E-04
  -1.45640760E-03   4.80162911E-04
  -1.55437493E-03   5.85875125E-04
  -1.64217234E-03   6.91626978E-04
  -1.71918201E-03   7.97034823E-04
  -1.78487203E-03   9.01676016E-04
  -1.83880026E-03   1.00509333E-03
  -1.88061770E-03   1.10680016E-03
  -1.91006996E-03   1.20628683E-03
  -1.92699803E-03   1.30302669E-03
  -1.93133845E-03   1.39648339E-03
  -1.92312186E-03   1.48611818E-03
  -1.90247095E-03   1.57139741E-03
  -1.86959771E-03   1.65180012E-03
  -1.82479958E-03   1.72682526E-03
  -1.76845526E-03   1.79599889E-03
  -1.70102005E-03   1.85888074E-03
  -1.62302016E-03   1.91507069E-03
  -1.53504708E-03   1.96421379E-03
  -1.43775146E-03   2.00600573E-03
  -1.33183668E-03   2.04019621E-03
  -1.21805258E-03   2.06659222E-03
  -1.09718891E-03   2.08506105E-03
  -9.70068388E-04   2.09553074E-03
  -8.37540370E-04   2.09799106E-03
  -7.00474484E-04   2.09249347E-03
  -5.59753913E-04   2.07914994E-03
  -4.16269322E-04   2.05813115E-03
  -2.70912657E-04   2.02966388E-03
  -1.24571161E-04   1.99402822E-03
   2.18783534E-05   1.95155398E-03
   1.67575097E-04   1.90261693E-03
   3.11679760E-04   1.84763456E-03
   4.53379587E-04   1.78706169E-03
   5.91893448E-04   1.72138587E-03
   7.26476370E-04   1.65112317E-03
   8.56424333E-04   1.57681329E-03
   9.81078134E-04   1.49901537E-03
   1.09982758E-03   1.41830358E-03
   1.21211493E-03   1.33526325E-03
   1.31743820E-03   1.25048659E-03
   1.41535397E-03   1.16456940E-03
   1.50547980E-03   1.07810728E-03
   1.58749614E-03   9.91692417E-04
   1.66114804E-03   9.05910274E-04
   1.72624562E-03   8.21336580E-04
   1.78266480E-03   7.38534378E-04
   1.83034677E-03   6.58051053E-04
   1.86929700E-03   5.80415188E-04
   1.89958396E-03   5.06133772E-04
   1.92133652E-03   4.35688882E-04
   1.93474116E-03   3.69534711E-04
   1.94003829E-03   3.08094313E-04
   1.93751801E-03   2.51756224E-04
   1.92751549E-03   2.00871116E-04
   1.91040512E-03   1.55748392E-04
   1.88659516E-03   1.16652816E-04
   1.85652112E-03   8.38012347E-05
   1.82063936E-03   5.73594589E-05
   1.77942030E-03   3.74393348E-05
   1.73334172E-03   2.40961272E-05
   1.68288196E-03   1.73263397E-05
   1.62851298E-03   1.70660769E-05
   1.57069450E-03   2.31899157E-05
   1.50986784E-03   3.55104166E-05
   1.44645059E-03   5.37785454E-05
   1.38083193E-03   7.76847010E-05
   1.31336844E-03   1.06860774E-04
   1.24438095E-03   1.40883029E-04
   1.17415236E-03   1.79275914E-04
   1.10292598E-03   2.21516806E-04
   1.03090517E-03   2.67041585E-04
   9.58253688E-04   3.15251120E-04
   8.85097252E-04   3.65518441E-04
   8.11525737E-04   4.17196454E-04
   7.37596187E-04   4.69626480E-04
   6.63336774E-04   5.22146875E-04
   5.88751456E-04   5.74102101E-04
   5.13824925E-04   6.24851673E-04
   4.38528019E-04   6.73779170E-04
   3.62823834E-04   7.20300828E-04
   2.86673399E-04   7.63873744E-04
   2.10041835E-04   8.04003445E-04
   1.32904053E-04   8.40250694E-04
   5.52504644E-05   8.72237200E-04
  -2.29079669E-05   8.99650448E-04
  -1.01535006E-04   9.22247360E-04
  -1.80565199E-04   9.39856516E-04
  -2.59900553E-04   9.52379371E-04
  -3.39408085E-04   9.59789730E-04
  -4.18918149E-04   9.62132472E-04
  -4.98223642E-04   9.59520403E-04
  -5.77080238E-04   9.52130358E-04
  -6.55207259E-04   9.40197846E-04
  -7.32289511E-04   9.24010877E-04
  -8.07980017E-04   9.03902808E-04
  -8.81903281E-04   8.80244479E-04
  -9.53659415E-04   8.53435893E-04
  -1.02282863E-03   8.23897542E-04
  -1.08897605E-03   7.92061212E-04
  -1.15165755E-03   7.58361304E-04
  -1.21042493E-03   7.23225996E-04
  -1.26483187E-03   6.87068852E-04
  -1.31443958E-03   6.50281145E-04
  -1.35882257E-03   6.13224576E-04
  -1.39757409E-03   5.76224993E-04
  -1.43031147E-03   5.39567089E-04
  -1.45668082E-03   5.03489864E-04
  -1.47636165E-03   4.68183367E-04
  -1.48907118E-03   4.33786481E-04
  -1.49456738E-03   4.00385761E-04
  -1.49265258E-03   3.68015462E-04
  -1.48317567E-03   3.36658530E-04
  -1.46603456E-03   3.06248694E-04
  -1.44117721E-03   2.76673440E-04
  -1.40860304E-03   2.47777876E-04
  -1.36836374E-03   2.19369351E-04
  -1.32056314E-03   1.91222614E-04
  -1.26535702E-03   1.63085671E-04
  -1.20295305E-03   1.34685877E-04
  -1.13360933E-03   1.05736435E-04
  -1.05763366E-03   7.59429677E-05
  -9.75382165E-04   4.50101797E-05
  -8.87257454E-04   1.26483865E-05
  -7.93706859E-04  -2.14200372E-05
  -6.95220253E-04  -5.74545484E-05
  -5.92327910E-04  -9.56906442E-05
  -4.85597877E-04  -1.36334478E-04
  -3.75633186E-04  -1.79558003E-04
  -2.63068971E-04  -2.25494572E-04
  -1.48569190E-04  -2.74235092E-04
  -3.28231836E-05  -3.25824862E-04
   8.34580424E-05  -3.80260870E-04
   1.99545873E-04  -4.37489827E-04
   3.14698322E-04  -4.97406698E-04
   4.28164698E-04  -5.59853856E-04
   5.39190252E-04  -6.24621054E-04
   6.47021574E-04  -6.91445544E-04
   7.50911830E-04  -7.60013412E-04
   8.50126205E-04  -8.29960802E-04
   9.43947991E-04  -9.00876301E-04
   1.03168422E-03  -9.72303504E-04
   1.11267180E-03  -1.04374427E-03
   1.18628342E-03  -1.11466239E-03
   1.25193363E-03  -1.18448783E-03
   1.30908459E-03  -1.25262165E-03
   1.35725143E-03  -1.31844077E-03
   1.39600784E-03  -1.38130388E-03
   1.42499083E-03  -1.44055730E-03
   1.44390517E-03  -1.49554119E-03
   1.45252713E-03  -1.54559652E-03
   1.45070802E-03  -1.59007148E-03
   1.43837638E-03  -1.62832905E-03
   1.41554000E-03  -1.65975397E-03
   1.38228689E-03  -1.68376020E-03
   1.33878551E-03  -1.69979851E-03
   1.28528406E-03  -1.70736329E-03
   1.22210907E-03  -1.70600018E-03
   1.14966300E-03  -1.69531268E-03
   1.06842117E-03  -1.67496898E-03
   9.78927943E-04  -1.64470810E-03
   8.81791988E-04  -1.60434528E-03
   7.77681009E-04  -1.55377726E-03
   6.67315908E-04  -1.49298622E-03
   5.51464269E-04  -1.42204377E-03
   4.30933549E-04  -1.34111301E-03
   3.06563859E-04  -1.25045027E-03
   1.79220544E-04  -1.15040573E-03
   4.97865112E-05  -1.04142260E-03
  -8.08453187E-05  -9.24035790E-04
  -2.11779683E-04  -7.98868714E-04
  -3.42126470E-04  -6.66629290E-04
  -4.71007952E-04  -5.28105069E-04
  -5.97565609E-04  -3.84156592E-04
  -7.20966840E-04  -2.35710264E-04
  -8.40410939E-04  -8.37499247E-05
  -9.55134921E-04   7.06923165E-05
  -1.06441823E-03   2.26546283E-04
  -1.16758770E-03   3.82714265E-04
  -1.26402127E-03   5.38082386E-04
  -1.35315116E-03   6.91532216E-04
  -1.43446680E-03   8.41952569E-04
  -1.50751683E-03   9.88251413E-04
  -1.57191092E-03   1.12936785E-03
  -1.62732007E-03   1.26428320E-03
  -1.67347782E-03   1.39203214E-03
  -1.71017961E-03   1.51171326E-03
  -1.73728226E-03   1.62249827E-03
  -1.75470335E-03   1.72364071E-03
  -1.76241924E-03   1.81448320E-03
  -1.76046370E-03   1.89446402E-03
  -1.74892566E-03   1.96312158E-03
  -1.72794680E-03   2.02009850E-03
  -1.69771898E-03   2.06514308E-03
  -1.65848143E-03   2.09811097E-03
  -1.61051785E-03   2.11896352E-03
  -1.55415293E-03   2.12776591E-03
  -1.48974953E-03   2.12468416E-03
  -1.41770509E-03   2.10997998E-03
  -1.33844838E-03   2.08400469E-03
  -1.25243585E-03   2.04719324E-03
  -1.16014853E-03   2.00005551E-03
  -1.06208841E-03   1.94316823E-03
  -9.58775054E-04   1.87716563E-03
  -8.50742159E-04   1.80273037E-03
  -7.38534320E-04   1.72058342E-03
  -6.22703810E-04   1.63147412E-03
  -5.03807445E-04   1.53617084E-03
  -3.82403494E-04   1.43545098E-03
  -2.59049033E-04   1.33009208E-03
  -1.34297021E-04   1.22086308E-03
  -8.69392534E-06   1.10851601E-03
   1.17222691E-04   9.93779046E-04
   2.42926137E-04   8.77349405E-04
