   1      0.000000000
   2      0.000000000
   3      0.000000000
   4      0.000000000
   5      0.000000000
   6      0.000000000
   7      0.000000000
   8      0.000000000
   9      0.000000000
  10      0.000000000
  11      0.000000000
  12      0.000000001
  13      0.000000001
  14      0.000000001
  15      0.000000002
  16      0.000000002
  17      0.000000003
  18      0.000000004
  19      0.000000005
  20      0.000000007
  21      0.000000009
  22      0.000000012
  23      0.000000016
  24      0.000000022
  25      0.000000029
  26      0.000000038
  27      0.000000050
  28      0.000000066
  29      0.000000086
  30      0.000000113
  31      0.000000147
  32      0.000000191
  33      0.000000248
  34      0.000000321
  35      0.000000415
  36      0.000000536
  37      0.000000689
  38      0.000000885
  39      0.000001134
  40      0.000001449
  41      0.000001849
  42      0.000002353
  43      0.000002987
  44      0.000003785
  45      0.000004785
  46      0.000006036
  47      0.000007597
  48      0.000009540
  49      0.000011954
  50      0.000014945
  51      0.000018644
  52      0.000023206
  53      0.000028820
  54      0.000035713
  55      0.000044156
  56      0.000054475
  57      0.000067055
  58      0.000082357
  59      0.000100927
  60      0.000123410
  61      0.000150566
  62      0.000183290
  63      0.000222630
  64      0.000269815
  65      0.000326273
  66      0.000393670
  67      0.000473934
  68      0.000569297
  69      0.000682330
  70      0.000815989
  71      0.000973666
  72      0.001159231
  73      0.001377100
  74      0.001632281
  75      0.001930456
  76      0.002278035
  77      0.002682223
  78      0.003151117
  79      0.003693763
  80      0.004320247
  81      0.005041768
  82      0.005870727
  83      0.006820818
  84      0.007907068
  85      0.009145963
  86      0.010555489
  87      0.012155198
  88      0.013966285
  89      0.016011577
  90      0.018315665
  91      0.020904811
  92      0.023806997
  93      0.027051888
  94      0.030670831
  95      0.034696743
  96      0.039163932
  97      0.044108193
  98      0.049566358
  99      0.055576313
 100      0.062176574
 101      0.069406375
 102      0.077304855
 103      0.085911058
 104      0.095263362
 105      0.105399325
 106      0.116354965
 107      0.128164217
 108      0.140858561
 109      0.154466733
 110      0.169013575
 111      0.184519783
 112      0.201001376
 113      0.218469262
 114      0.236928090
 115      0.256375998
 116      0.276804537
 117      0.298197597
 118      0.320530891
 119      0.343771905
 120      0.367879748
 121      0.392804414
 122      0.418486774
 123      0.444858372
 124      0.471842378
 125      0.499352008
 126      0.527292728
 127      0.555560827
 128      0.584045053
 129      0.612626851
 130      0.641180933
 131      0.669576228
 132      0.697676539
 133      0.725342929
 134      0.752432466
 135      0.778801143
 136      0.804304540
 137      0.828799307
 138      0.852144241
 139      0.874201894
 140      0.894839525
 141      0.913931370
 142      0.931358635
 143      0.947011352
 144      0.960789680
 145      0.972604692
 146      0.982379496
 147      0.990049899
 148      0.995565474
 149      0.998889506
 150      1.000000000
 151      0.998889446
 152      0.995565355
 153      0.990049720
 154      0.982379138
 155      0.972604394
 156      0.960789263
 157      0.947010934
 158      0.931358159
 159      0.913930833
 160      0.894838929
 161      0.874200940
 162      0.852143586
 163      0.828798592
 164      0.804303825
 165      0.778800368
 166      0.752431631
 167      0.725342095
 168      0.697675705
 169      0.669574976
 170      0.641180038
 171      0.612626016
 172      0.584044278
 173      0.555559993
 174      0.527291894
 175      0.499351203
 176      0.471841365
 177      0.444857806
 178      0.418485999
 179      0.392803639
 180      0.367879003
 181      0.343771130
 182      0.320530087
 183      0.298196793
 184      0.276803792
 185      0.256375492
 186      0.236927465
 187      0.218468741
 188      0.201000899
 189      0.184519202
 190      0.169012964
 191      0.154466182
 192      0.140858278
 193      0.128163844
 194      0.116354637
 195      0.105399020
 196      0.095263042
 197      0.085910708
 198      0.077304557
 199      0.069406107
 200      0.062176425
 201      0.055576116
 202      0.049566180
 203      0.044108044
 204      0.039163802
 205      0.034696594
 206      0.030670701
 207      0.027051752
 208      0.023806900
 209      0.020904733
 210      0.018315587
 211      0.016011516
 212      0.013966218
 213      0.012155134
 214      0.010555433
 215      0.009145923
 216      0.007907034
 217      0.006820789
 218      0.005870702
 219      0.005041744
 220      0.004320222
 221      0.003693742
 222      0.003151096
 223      0.002682211
 224      0.002278024
 225      0.001930447
 226      0.001632274
 227      0.001377090
 228      0.001159224
 229      0.000973660
 230      0.000815985
 231      0.000682326
 232      0.000569293
 233      0.000473931
 234      0.000393667
 235      0.000326271
 236      0.000269813
 237      0.000222628
 238      0.000183289
 239      0.000150565
 240      0.000123409
 241      0.000100927
 242      0.000082357
 243      0.000067054
 244      0.000054474
 245      0.000044156
 246      0.000035713
 247      0.000028820
 248      0.000023206
 249      0.000018644
 250      0.000014945
 251      0.000011954
 252      0.000009540
 253      0.000007597
 254      0.000006036
 255      0.000004785
 256      0.000003785
 257      0.000002987
 258      0.000002353
 259      0.000001849
 260      0.000001449
 261      0.000001134
 262      0.000000885
 263      0.000000689
 264      0.000000536
 265      0.000000415
 266      0.000000321
 267      0.000000248
 268      0.000000191
 269      0.000000147
 270      0.000000113
 271      0.000000086
 272      0.000000066
 273      0.000000050
 274      0.000000038
 275      0.000000029
 276      0.000000022
 277      0.000000016
 278      0.000000012
 279      0.000000009
 280      0.000000007
 281      0.000000005
 282      0.000000004
 283      0.000000003
 284      0.000000002
 285      0.000000002
 286      0.000000001
 287      0.000000001
 288      0.000000001
 289      0.000000000
 290      0.000000000
 291      0.000000000
 292      0.000000000
 293      0.000000000
 294      0.000000000
 295      0.000000000
 296      0.000000000
 297      0.000000000
 298      0.000000000
 299      0.000000000
