          59          65          78
          58          65          88
          59          66          98
          61          67         101
          58          66         103
          65          68         104
          60          67         107
          57          66         112
          62          68         112
          63          68         112
          59          67         113
          66          69         117
          65          69         118
          57          64         122
          67          69         123
          64          69         126
          62          69         131
          63          67         131
          65          70         131
          66          70         131
          67          70         132
          58          68         133
          56          67         136
          56          64         138
          68          70         138
          69          70         139
          64          70         140
          70          70         140
          67          68         141
          62          70         144
          65          71         144
          66          71         144
          67          71         144
          55          67         145
          65          68         146
          56          65         148
          56          68         149
          68          71         152
          69          71         152
          70          71         153
          55          68         157
          66          72         157
          67          72         157
          68          72         157
          65          72         158
          55          65         162
          69          69         162
          59          67         164
          57          66         165
          66          67         165
          69          72         165
          54          68         166
          67          73         170
          58          67         171
          65          73         171
          66          69         171
          66          73         171
          72          72         174
          65          69         176
          54          69         178
          57          71         180
          64          71         180
          66          74         183
          67          74         183
          65          74         185
          71          73         185
          56          71         186
          63          71         186
          65          70         188
          67          70         188
          69          70         189
          73          73         190
