          61          47           1
          62          47           1
          63          47           1
          64          47           1
          65          47           1
          66          47           1
          67          47           1
          68          47           1
          69          47           1
          60          48           1
          61          48           1
          62          48           1
          63          48           1
          64          48           1
          65          48           1
          66          48           1
          67          48           1
          68          48           1
          69          48           1
          70          48           1
          58          49           1
          59          49           1
          60          49           1
          61          49           1
          62          49           1
          63          49           1
          64          49           1
          65          49           1
          66          49           1
          67          49           1
          68          49           1
          69          49           1
          70          49           1
          71          49           1
          72          49           1
          58          50           1
          59          50           1
          60          50           1
          61          50           1
          62          50           1
          63          50           1
          64          50           1
          65          50           1
          66          50           1
          67          50           1
          68          50           1
          69          50           1
          70          50           1
          71          50           1
          72          50           1
          57          51           1
          58          51           1
          59          51           1
          60          51           1
          61          51           1
          62          51           1
          63          51           1
          64          51           1
          65          51           1
          66          51           1
          67          51           1
          68          51           1
          69          51           1
          70          51           1
          71          51           1
          72          51           1
          73          51           1
          56          52           1
          57          52           1
          58          52           1
          59          52           1
          60          52           1
          61          52           1
          62          52           1
          63          52           1
          64          52           1
          65          52           1
          66          52           1
          67          52           1
          68          52           1
          69          52           1
          70          52           1
          71          52           1
          72          52           1
          73          52           1
          74          52           1
          56          53           1
          57          53           1
          58          53           1
          59          53           1
          60          53           1
          61          53           1
          62          53           1
          63          53           1
          64          53           1
          65          53           1
          66          53           1
          67          53           1
          68          53           1
          69          53           1
          70          53           1
          71          53           1
          72          53           1
          73          53           1
          74          53           1
          56          54           1
          57          54           1
          58          54           1
          59          54           1
          60          54           1
          61          54           1
          62          54           1
          63          54           1
          64          54           1
          65          54           1
          66          54           1
          67          54           1
          68          54           1
          69          54           1
          70          54           1
          71          54           1
          72          54           1
          73          54           1
          74          54           1
          56          55           1
          57          55           1
          58          55           1
          59          55           1
          60          55           1
          61          55           1
          62          55           1
          63          55           1
          64          55           1
          65          55           1
          66          55           1
          67          55           1
          68          55           1
          69          55           1
          70          55           1
          71          55           1
          72          55           1
          73          55           1
          74          55           1
          56          56           1
          57          56           1
          58          56           1
          59          56           1
          60          56           1
          61          56           1
          62          56           1
          63          56           1
          64          56           1
          65          56           1
          66          56           1
          67          56           1
          68          56           1
          69          56           1
          70          56           1
          71          56           1
          72          56           1
          73          56           1
          74          56           1
          56          57           1
          57          57           1
          58          57           1
          59          57           1
          60          57           1
          61          57           1
          62          57           1
          63          57           1
          64          57           1
          65          57           1
          66          57           1
          67          57           1
          68          57           1
          69          57           1
          70          57           1
          71          57           1
          72          57           1
          73          57           1
          74          57           1
          56          58           1
          57          58           1
          58          58           1
          59          58           1
          60          58           1
          61          58           1
          62          58           1
          63          58           1
          64          58           1
          65          58           1
          66          58           1
          67          58           1
          68          58           1
          69          58           1
          70          58           1
          71          58           1
          72          58           1
          73          58           1
          74          58           1
          56          59           1
          57          59           1
          58          59           1
          59          59           1
          60          59           1
          61          59           1
          62          59           1
          63          59           1
          64          59           1
          65          59           1
          66          59           1
          67          59           1
          68          59           1
          69          59           1
          70          59           1
          71          59           1
          72          59           1
          73          59           1
          74          59           1
          56          60           1
          57          60           1
          58          60           1
          59          60           1
          60          60           1
          61          60           1
          62          60           1
          63          60           1
          64          60           1
          65          60           1
          66          60           1
          67          60           1
          68          60           1
          69          60           1
          70          60           1
          71          60           1
          72          60           1
          73          60           1
          74          60           1
          57          61           1
          58          61           1
          59          61           1
          60          61           1
          61          61           1
          62          61           1
          63          61           1
          64          61           1
          65          61           1
          66          61           1
          67          61           1
          68          61           1
          69          61           1
          70          61           1
          71          61           1
          72          61           1
          73          61           1
          58          62           1
          59          62           1
          60          62           1
          61          62           1
          62          62           1
          63          62           1
          64          62           1
          65          62           1
          66          62           1
          67          62           1
          68          62           1
          69          62           1
          70          62           1
          71          62           1
          72          62           1
          58          63           1
          59          63           1
          60          63           1
          61          63           1
          62          63           1
          63          63           1
          64          63           1
          65          63           1
          66          63           1
          67          63           1
          68          63           1
          69          63           1
          70          63           1
          71          63           1
          72          63           1
          60          64           1
          61          64           1
          62          64           1
          63          64           1
          64          64           1
          65          64           1
          66          64           1
          67          64           1
          68          64           1
          69          64           1
          70          64           1
          61          65           1
          62          65           1
          63          65           1
          64          65           1
          65          65           1
          66          65           1
          67          65           1
          68          65           1
          69          65           1
