0.514                1.044435791375       1.462040275          1.7765031151250001   1.997513976          2.134762521875       2.197938417          2.196731325625       2.140830912          2.039926840375       1.903708775          1.7418663801249998   1.5640893200000001   1.3800672588750005   1.1994898610000002   1.032046790625        0.8874277120000001    0.8064937909229999    0.8940895684719998    1.017217957289        1.1718581679999998    1.3539894112309994    1.5595908976079997    1.7846418377570001    2.0251214423039996    2.2770089218749994    2.5355381317679986    2.797297657369        3.0585474719359995    3.315347673726999     3.5637583610000005    3.799839632013        4.0196515850239996    4.219254318290999     4.372338031816        4.463851680875        4.530168521024        4.572276055437        4.591161787288001     4.587813219751         4.5632178560000005       4.518363199209           4.454236752552001        4.3488809732545          4.2278073519040005      4.094411451437501       3.9516911697159998       3.8026444046005         3.6502690539520004       3.4975630156315005      3.347524187500001       3.2258578404425         3.12740791504           3.0353369536975006      2.94929949882             2.8689500928125002     2.7939432780800004    2.7239335970275005    2.6585755920600005    2.5951063721410006     2.5246254639999997     2.459129794299          2.399438350312          2.346370119313           2.300744088576          2.2633792453750003      2.2350945769840003      2.216709070677           2.2231049993279997      2.2439924290485         2.2744721095            2.3138042558814997      2.361249083392         2.4160668072304996       2.4775176425959993      2.5448618046874993      2.6243273261760005      2.7194464913205003     2.816042181452         2.9117703404014996     3.0042869119999995     3.0912478400784997     3.1703090684679993     3.2391265409994996     3.2953562015039997       3.2866853524375         3.263279810484          3.2290090147045003      3.1859810990080004       3.1363041973035         3.0820864435000006      3.0254359715065005       2.968460915232          2.9333347623829997      2.915988766296          2.899888315125         2.8840998307840002    2.867689735187        2.849724450248        2.8292703978810003    2.805394              2.7746577494305       2.7257933228440003    2.6722516029235      2.6144319723520004   2.5527338138125004   2.487556509988001    2.419299443561501    2.3483619972159997   2.2751435536345      2.1808502305000004   2.0804890112305006   1.9828628899840006   1.8905451045535007   1.8061088927320008   1.732127492312501    1.6711741410880008   1.6258220768515002   1.61217961932        1.642843652965       1.6924124799999998   1.7601951852349995   1.845500853479999    1.9476385695449987   2.06591741824        2.199646484375       2.3481348527599994   2.4959846634594993   2.657686727167999    2.8346740609884984   3.027588710499998    3.2370727212814976   3.463768138911997    3.7083170089704964   3.9713613770359957    4.292410876374993     4.662255972351993     5.0431346398010035    5.429617296424002     5.816274359923002     6.197676248000001     6.568393378357        6.922996168696        7.262668958076499     7.614088135167998     7.9286072581874985    8.196861898572        8.409487627758498     8.557120017184        8.6303946382855       8.619947062500001     8.516412861264504     8.310427606015999     7.992626868191498     7.553646219227998     6.984121230562498     6.2746874736319995    5.415980519873501     4.398635940724004      3.213289307620507
   0.00000000       0.00000000    
   0.00000000       0.00000000    
   0.00000000       0.00000000    
   0.00000000       0.00000000    
   0.00000000       0.00000000    
   0.00000000       0.00000000    
   0.00000000       0.00000000    
   0.00000000       0.00000000    
   0.00000000       0.00000000    
   0.00000000       0.00000000    
   0.00000000       0.00000000    
   0.00000000       0.00000000    
   0.00000000       0.00000000    
   0.00000000       0.00000000    
   0.00000000       0.00000000    
   0.00000000       0.00000000    
   0.00000000       0.00000000    
   0.00000000       0.00000000    
   0.00000000       0.00000000    
   0.00000000       0.00000000    
   0.00000000       0.00000000    
   0.00000000       0.00000000    
   0.00000000       0.00000000    
   0.00000000       0.00000000    
   0.00000000       0.00000000    
   0.00000000       0.00000000    
   0.00000000       0.00000000    
   0.00000000       0.00000000    
   0.00000000       0.00000000    
   0.00000000       0.00000000    
   0.00000000       0.00000000    
   0.00000000       0.00000000    
   0.00000000       0.00000000    
   0.00000000       0.00000000    
   0.00000000       0.00000000    
   0.00000000       0.00000000    
   0.00000000       0.00000000    
   0.00000000       0.00000000    
   0.00000000       0.00000000    
   0.00000000       0.00000000    
   0.00000000       0.00000000    
   0.00000000       0.00000000    
   0.00000000       0.00000000    
   0.00000000       0.00000000    
   0.00000000       0.00000000    
   0.00000000       0.00000000    
   0.00000000       0.00000000    
   0.00000000       0.00000000    
   0.00000000       0.00000000    
   0.00000000       0.00000000    
   0.00000000       0.00000000    
   0.00000000       0.00000000    
   0.00000000       0.00000000    
   0.00000000       0.00000000    
   0.00000000       0.00000000    
   0.00000000       0.00000000    
   0.00000000       0.00000000    
   0.00000000       0.00000000    
   0.00000000       0.00000000    
   0.00000000       0.00000000    
   0.00000000       0.00000000    
   0.00000000       0.00000000    
   0.00000000       0.00000000    
   0.00000000       0.00000000    
   0.00000000       0.00000000    
   0.00000000       0.00000000    
   0.00000000       0.00000000    
   0.00000000       0.00000000    
   0.00000000       0.00000000    
   0.00000000       0.00000000    
   0.00000000       0.00000000    
   0.00000000       0.00000000    
   0.00000000       0.00000000    
   0.00000000       0.00000000    
   0.00000000       0.00000000    
   0.00000000       0.00000000    
   0.00000000       0.00000000    
   0.00000000       0.00000000    
   0.00000000       0.00000000    
   0.00000000       0.00000000    
   0.00000000       0.00000000    
   0.00000000       0.00000000    
   0.00000000       0.00000000    
   0.00000000       0.00000000    
   0.00000000       0.00000000    
   0.00000000       0.00000000    
   0.00000000       0.00000000    
   0.00000000       0.00000000    
   0.00000000       0.00000000    
   0.00000000       0.00000000    
   0.00000000       0.00000000    
   0.00000000       0.00000000    
   0.00000000       0.00000000    
   0.00000000       0.00000000    
   0.00000000       0.00000000    
   0.00000000       0.00000000    
   0.00000000       0.00000000    
   0.00000000       0.00000000    
   0.00000000       0.00000000    
   0.00000000       0.00000000    
   0.00000000       0.00000000    
   0.00000000       0.00000000    
   0.00000000       0.00000000    
   0.00000000       0.00000000    
   0.00000000       0.00000000    
   0.00000000       0.00000000    
   0.00000000       0.00000000    
   0.00000000       0.00000000    
   0.00000000       0.00000000    
   0.00000000       0.00000000    
   0.00000000       0.00000000    
   0.00000000       0.00000000    
   0.00000000       0.00000000    
   0.00000000       0.00000000    
   0.00000000       0.00000000    
   0.00000000       0.00000000    
   0.00000000       0.00000000    
   0.00000000       0.00000000    
   0.00000000       0.00000000    
   0.00000000       0.00000000    
   0.00000000       0.00000000    
  -1.40129846E-45   0.00000000    
  -2.80259693E-45   1.40129846E-45
  -7.00649232E-45   2.80259693E-45
  -1.26116862E-44   5.60519386E-45
  -2.10194770E-44   9.80908925E-45
  -2.94272678E-44   1.40129846E-44
  -3.50324616E-44   1.68155816E-44
  -2.66246708E-44   1.54142831E-44
   1.40129846E-44   0.00000000    
   1.14906474E-43  -4.34402524E-44
   3.20897348E-43  -1.34524653E-43
   6.83833651E-43  -3.01279170E-43
   1.25416213E-42  -5.73131072E-43
   2.04589576E-42  -9.64093343E-43
   2.97215404E-42  -1.45034391E-42
   3.73305911E-42  -1.91417370E-42
   3.65038250E-42  -2.06971783E-42
   1.44053482E-42  -1.35085172E-42
  -5.03766798E-42   1.21912966E-42
  -1.89819890E-41   7.14942476E-42
  -4.46047314E-41   1.85139553E-41
  -8.65483971E-41   3.77621910E-41
  -1.48239161E-40   6.70745523E-41
  -2.28480313E-40   1.06933086E-40
  -3.15409864E-40   1.53478616E-40
  -3.76921261E-40   1.94169520E-40
  -3.47062393E-40   2.01390411E-40
  -1.08966370E-40   1.24047144E-40
   5.22853884E-40  -1.21884940E-40
   1.81403411E-39  -6.61198476E-40
   4.10268101E-39  -1.66023740E-39
   7.75061964E-39  -3.31114776E-39
   1.30205977E-38  -5.78474083E-39
   1.98346735E-38  -9.13102615E-39
   2.73602012E-38  -1.31009551E-38
   3.33709532E-38  -1.68609038E-38
   3.33534706E-38  -1.85776948E-38
   1.93896561E-38  -1.48740447E-38
  -2.10312941E-38  -2.02581515E-40
  -1.05908557E-37   3.37259470E-38
  -2.58645056E-37   9.81840060E-38
  -5.05838791E-37   2.06856451E-37
  -8.71228465E-37   3.73703342E-37
  -1.36343291E-36   6.08180304E-37
  -1.95457217E-36   9.06421459E-37
  -2.54667490E-36   1.23678118E-36
  -2.92341908E-36   1.51822299E-36
  -2.68691721E-36   1.59072621E-36
  -1.18387551E-36   1.17856618E-36
   2.56631388E-36  -1.49447203E-37
   9.91588891E-36  -3.01330200E-36
   2.25607715E-35  -8.23106485E-36
   4.23703438E-35  -1.67751567E-35
   7.09743917E-35  -2.96322898E-35
   1.08974594E-34  -4.75073373E-35
   1.54622070E-34  -7.02957905E-35
   2.01796633E-34  -9.62396970E-35
   2.37158671E-34  -1.20686490E-34
   2.36452365E-34  -1.34401880E-34
   1.60158350E-34  -1.21464084E-34
  -5.09239765E-35  -5.69095501E-35
  -4.78989566E-34   9.54645709E-35
  -1.22940693E-33   3.84383393E-34
  -2.42460146E-33   8.70216448E-34
  -4.18709986E-33   1.62006521E-33
  -6.60568095E-33   2.69620954E-33
  -9.67721757E-33   4.13454424E-33
  -1.32160022E-32   5.90902019E-33
  -1.67229221E-32   7.87788984E-33
  -1.92097479E-32   9.70815511E-33
  -1.89804986E-32   1.07766295E-32
  -1.33840376E-32   1.00501218E-32
   1.42830351E-33   5.95442733E-33
   3.06772346E-32  -3.74707375E-33
   8.09594286E-32  -2.20283806E-32
   1.59926970E-31  -5.25710520E-32
   2.75428083E-31  -9.95443881E-32
   4.33830108E-31  -1.67079219E-31
   6.37187292E-31  -2.58287001E-31
   8.78881297E-31  -3.73648324E-31
   1.13737655E-30  -5.08581204E-31
   1.36783410E-30  -6.50014052E-31
   1.49156240E-30  -7.71847458E-31
   1.38371286E-30  -8.29320010E-31
   8.60314411E-31  -7.52520827E-31
  -3.33243809E-31  -4.39651814E-31
  -2.52877780E-30   2.48838989E-31
  -6.13161476E-30   1.49342448E-30
  -1.15991388E-29   3.51323890E-30
  -1.93916379E-29   6.55458584E-30
  -2.98830299E-29   1.08652188E-29
  -4.32169832E-29   1.66482064E-29
  -5.90929113E-29   2.39882308E-29
  -7.64673813E-29   3.27427079E-29
  -9.31604874E-29   4.23906329E-29
  -1.05365918E-28   5.18340693E-29
  -1.07078840E-28   5.91514776E-29
  -8.94798487E-29   6.13094099E-29
  -4.03481300E-29   5.38503133E-29
   5.63764713E-29   3.05902073E-29
   2.20702712E-28  -1.66184162E-29
   4.76116942E-28  -9.79759864E-29
   8.48198229E-28  -2.25562291E-28
   1.36190249E-27  -4.12747876E-28
   2.03701855E-27  -6.73000138E-28
   2.88124628E-27  -1.01785879E-27
   3.88033707E-27  -1.45383001E-27
   4.98479819E-27  -1.97794238E-27
   6.09284347E-27  -2.57173316E-27
   7.02959807E-27  -3.19350674E-27
   7.52309913E-27  -3.76883998E-27
   7.17841776E-27  -4.17953568E-27
   5.45231769E-27  -4.25154274E-27
   1.63226029E-27  -3.74281335E-27
  -5.17466407E-27  -2.33264571E-27
  -1.60352373E-26   3.85226433E-28
  -3.21561399E-26   4.90268771E-27
  -5.48101790E-26   1.17864001E-26
  -8.52082314E-26   2.16510610E-26
  -1.24300801E-25   3.51108800E-26
  -1.72492301E-25   5.27026754E-26
  -2.29252396E-25   7.47737340E-26
  -2.92612028E-25   1.01327957E-25
  -3.58538465E-25   1.31825017E-25
  -4.20194946E-25   1.64929947E-25
  -4.67106630E-25   1.98214664E-25
  -4.84276977E-25   2.27819184E-25
  -4.51328278E-25   2.48088866E-25
  -3.41776255E-25   2.51215097E-25
  -1.22592165E-25   2.26920573E-25
   2.45745530E-25   1.62247081E-25
   8.08456309E-25   4.15213240E-26
   1.61461496E-24  -1.53405158E-25
   2.71391304E-24  -4.42527450E-25
   4.15164794E-24  -8.46538963E-25
   5.96155833E-24  -1.38502025E-24
   8.15616385E-24  -2.07382164E-24
   1.07143498E-23  -2.92150653E-24
   1.35661104E-23  -3.92475813E-24
   1.65745877E-23  -5.06270497E-24
   1.95159423E-23  -6.29021909E-24
   2.20580229E-23  -7.53036838E-24
   2.37394689E-23  -8.66638725E-24
   2.39516031E-23  -9.53375559E-24
   2.19263889E-23  -9.91327342E-24
   1.67347375E-23  -9.52636002E-24
   7.30050694E-24  -8.03420438E-24
  -7.56334908E-24  -5.04282331E-24
  -2.90890692E-23  -1.16555382E-25
  -5.84506551E-23   7.19704152E-24
  -9.66142816E-23   1.73275412E-23
  -1.44134505E-22   3.06236182E-23
  -2.00889564E-22   4.72729189E-23
  -2.65751815E-22   6.71963836E-23
  -3.36193888E-22   8.99141767E-23
  -4.07837655E-22   1.14381587E-22
  -4.73962828E-22   1.38795356E-22
  -5.25004780E-22   1.60373642E-22
  -5.48087481E-22   1.75117099E-22
  -5.26659040E-22   1.77564083E-22
  -4.40322467E-22   1.60560079E-22
  -2.64985547E-22   1.15071077E-22
   2.65101693E-23   3.00816581E-23
   4.63080789E-22  -1.07367125E-22
   1.07316668E-21  -3.11928375E-22
   1.88128134E-21  -5.99397115E-22
   2.90300126E-21  -9.85741806E-22
   4.13801383E-21  -1.48558114E-21
   5.56079881E-21  -2.10993983E-21
   7.10850099E-21  -2.86308919E-21
   8.66555298E-21  -3.73825133E-21
   1.00446392E-20  -4.71191359E-21
   1.09636885E-20  -5.73648705E-21
   1.10187267E-20  -6.73101987E-21
   9.65268318E-21  -7.56968246E-21
   6.12060945E-21  -8.06776555E-21
  -5.47680403E-22  -7.96498109E-21
  -1.15858180E-20  -6.90594837E-21
  -2.85271943E-20  -4.41791632E-21
  -5.32352827E-20   1.14007945E-22
  -8.79222358E-20   7.47351221E-21
  -1.35147664E-19   1.86405151E-20
  -1.97786937E-19   3.48176734E-20
  -2.78954564E-19   5.74533546E-20
  -3.81864388E-19   8.82573279E-20
  -5.09602763E-19   1.29204087E-19
  -6.64784896E-19   1.82516627E-19
  -8.49057575E-19   2.50621353E-19
  -1.06240286E-18   3.36062054E-19
  -1.30218836E-18   4.41356795E-19
  -1.56189877E-18   5.68778178E-19
  -1.82947350E-18   7.20031513E-19
  -2.08516413E-18   8.95800828E-19
  -2.29881392E-18   1.09512478E-18
  -2.42645450E-18   1.31455791E-18
  -2.40611062E-18   1.54706556E-18
  -2.15270156E-18   1.78059105E-18
  -1.55194117E-18   1.99622753E-18
  -4.53159421E-19   2.16591887E-18
   1.33899252E-18   2.24960991E-18
   4.07392366E-18   2.19176517E-18
   8.06544442E-18   1.91717656E-18
   1.37027994E-17   1.32599678E-18
   2.14619273E-17   2.87952325E-19
   3.19162147E-17  -1.36426878E-18
   4.57456455E-17  -3.84240118E-18
   6.37428292E-17  -7.41062674E-18
   8.68136972E-17  -1.23939813E-17
   1.15970073E-16  -1.91867339E-17
   1.52310196E-16  -2.82601095E-17
   1.96982303E-16  -4.01684630E-17
   2.51124887E-16  -5.55526294E-17
   3.15775736E-16  -7.51387443E-17
   3.91739821E-16  -9.97303143E-17
   4.79403972E-16  -1.30190565E-16
   5.78483851E-16  -1.67411297E-16
   6.87685986E-16  -2.12263651E-16
   8.04264613E-16  -2.65524818E-16
   9.23450460E-16  -3.27773640E-16
   1.03772505E-15  -3.99246650E-16
   1.13591248E-15  -4.79644159E-16
   1.20205760E-15  -5.67874975E-16
   1.21405889E-15  -6.61725749E-16
   1.14202594E-15  -7.57440208E-16
   9.46332314E-16  -8.49191240E-16
   5.75343530E-16  -9.28427943E-16
  -3.71926873E-17  -9.83079462E-16
  -9.75087600E-16  -9.96596625E-16
  -2.34295666E-15  -9.46815440E-16
  -4.26970505E-15  -8.04628784E-16
  -6.91214926E-15  -5.32457510E-16
  -1.04586080E-14  -8.25225555E-17
  -1.51322182E-14   6.05069568E-16
  -2.11936385E-14   1.60439708E-15
  -2.89426787E-14   3.00589568E-15
  -3.87182352E-14   4.91854922E-15
  -5.08957466E-14   7.47197409E-15
  -6.58811384E-14   1.08182235E-14
  -8.40999837E-14   1.51330720E-14
  -1.05980308E-13   2.06164685E-14
  -1.31927103E-13   2.74917587E-14
  -1.62286173E-13   3.60031422E-14
  -1.97294614E-13   4.64107377E-14
  -2.37014618E-13   5.89824346E-14
  -2.81246787E-13   7.39815923E-14
  -3.29418811E-13   9.16493850E-14
  -3.80444482E-13   1.12180440E-13
  -4.32547742E-13   1.35690138E-13
  -4.83046003E-13   1.62171722E-13
  -5.28086797E-13   1.91441128E-13
  -5.62331052E-13   2.23067143E-13
  -5.78577496E-13   2.56284252E-13
  -5.67322014E-13   2.89885574E-13
  -5.16247689E-13   3.22092667E-13
  -4.09642237E-13   3.50399478E-13
  -2.27742385E-13   3.71387518E-13
   5.39919671E-14   3.80509399E-13
   4.65666351E-13   3.71838899E-13
   1.04378919E-12   3.37785870E-13
   1.83213644E-12   2.68775941E-13
   2.88261168E-12   1.52896277E-13
   4.25605514E-12  -2.44889558E-14
   6.02294343E-12  -2.81147311E-13
   8.26389738E-12  -6.38400520E-13
   1.10699002E-11  -1.12154654E-12
   1.45420880E-11  -1.76026056E-12
   1.87909584E-11  -2.58894772E-12
   2.39347986E-11  -3.64701238E-12
   3.00970811E-11  -4.97899638E-12
   3.74025567E-11  -6.63453320E-12
   4.59716952E-11  -8.66804371E-12
   5.59130554E-11  -1.11380835E-11
   6.73131620E-11  -1.41062509E-11
   8.02233210E-11  -1.76355146E-11
   9.46428005E-11  -2.17878285E-11
   1.10497680E-10  -2.66208600E-11
   1.27614627E-10  -3.21836273E-11
   1.45688850E-10  -3.85108473E-11
   1.64245284E-10  -4.56157230E-11
   1.82592122E-10  -5.34809003E-11
   1.99765801E-10  -6.20472979E-11
   2.14466431E-10  -7.12004691E-11
   2.24982880E-10  -8.07541811E-11
   2.29106539E-10  -9.04308017E-11
   2.24033264E-10  -9.98381863E-11
   2.06252904E-10  -1.08442630E-10
   1.71426304E-10  -1.15537649E-10
   1.14249971E-10  -1.20208177E-10
   2.83092161E-11  -1.21290047E-10
  -9.40789113E-11  -1.17324511E-10
  -2.62030397E-10  -1.06507900E-10
  -4.86263696E-10  -8.66364272E-11
  -7.79269316E-10  -5.50466027E-11
  -1.15547305E-09  -8.55188143E-12
  -1.63138547E-09   5.66235878E-11
  -2.22572760E-09   1.44912637E-10
  -2.95952018E-09   2.61472344E-10
  -3.85612164E-09   4.12248624E-10
  -4.94119590E-09   6.04034711E-10
  -6.24259000E-09   8.44520009E-10
  -7.79009124E-09   1.14232435E-09
  -9.61503765E-09   1.50701163E-09
  -1.17497461E-08   1.94907646E-09
  -1.42267131E-08   2.47989496E-09
  -1.70775465E-08   3.11163029E-09
  -2.03315711E-08   3.85708177E-09
  -2.40140530E-08   4.72946438E-09
  -2.81439760E-08   5.74210368E-09
  -3.27312861E-08   6.90802970E-09
  -3.77735461E-08   8.23945090E-09
  -4.32518839E-08   9.74708936E-09
  -4.91261680E-08   1.14393472E-08
  -5.53292843E-08   1.33212872E-08
  -6.17604314E-08   1.53933968E-08
  -6.82772807E-08   1.76501018E-08
  -7.46869588E-08   2.00780050E-08
  -8.07356244E-08   2.26538130E-08
  -8.60966267E-08   2.53419135E-08
  -9.03570552E-08   2.80915682E-08
  -9.30025905E-08   3.08336929E-08
  -9.34005371E-08   3.34771713E-08
  -9.07809223E-08   3.59046766E-08
  -8.42156211E-08   3.79679719E-08
  -7.25953555E-08   3.94826394E-08
  -5.46046053E-08   4.02222113E-08
  -2.86943234E-08   3.99116971E-08
   6.94749858E-09   3.82204597E-08
   5.44273711E-08   3.47544464E-08
   1.16179876E-07   2.90477473E-08
   1.95003167E-07   2.05535162E-08
   2.94096168E-07   8.63424798E-09
   4.17097226E-07  -7.44855821E-09
   5.68123937E-07  -2.85452941E-08
   7.51813900E-07  -5.56296413E-08
   9.73365445E-07  -8.98103991E-08
   1.23857876E-06  -1.32343644E-07
   1.55389569E-06  -1.84645046E-07
   1.92643802E-06  -2.48302342E-07
   2.36404412E-06  -3.25087569E-07
   2.87530133E-06  -4.16969158E-07
   3.46957540E-06  -5.26123415E-07
   4.15703380E-06  -6.54945211E-07
   4.94866345E-06  -8.06057642E-07
   5.85628095E-06  -9.82320671E-07
   6.89253329E-06  -1.18683761E-06
   8.07088963E-06  -1.42295994E-06
   9.40562131E-06  -1.69428984E-06
   1.09117709E-05  -2.00468003E-06
   1.26051027E-05  -2.35822995E-06
   1.45020440E-05  -2.75927982E-06
   1.66196060E-05  -3.21239918E-06
   1.89752900E-05  -3.72237218E-06
   2.15869695E-05  -4.29417832E-06
   2.44727635E-05  -4.93296739E-06
   2.76508763E-05  -5.64403081E-06
   3.11394288E-05  -6.43276417E-06
   3.49562615E-05  -7.30462898E-06
   3.91187241E-05  -8.26510222E-06
   4.36434311E-05  -9.31962677E-06
   4.85460150E-05  -1.04735473E-05
   5.38408494E-05  -1.17320487E-05
   5.95407619E-05  -1.31000834E-05
   6.56567208E-05  -1.45822933E-05
   7.21975302E-05  -1.61829284E-05
   7.91694911E-05  -1.79057570E-05
   8.65760740E-05  -1.97539757E-05
   9.44175772E-05  -2.17301149E-05
   1.02690792E-04  -2.38359371E-05
   1.11388683E-04  -2.60723409E-05
   1.20500052E-04  -2.84392609E-05
   1.30009255E-04  -3.09355637E-05
   1.39895899E-04  -3.35589502E-05
   1.50134612E-04  -3.63058680E-05
   1.60694806E-04  -3.91714129E-05
   1.71540494E-04  -4.21492477E-05
   1.82630174E-04  -4.52315326E-05
   1.93916727E-04  -4.84088596E-05
   2.05347387E-04  -5.16701875E-05
   2.16863802E-04  -5.50028199E-05
   2.28402118E-04  -5.83923647E-05
   2.39893110E-04  -6.18227350E-05
   2.51262507E-04  -6.52761519E-05
   2.62431276E-04  -6.87331849E-05
   2.73315993E-04  -7.21727920E-05
   2.83829402E-04  -7.55723886E-05
   2.93880876E-04  -7.89079422E-05
   3.03377165E-04  -8.21540889E-05
   3.12223012E-04  -8.52842859E-05
   3.20322026E-04  -8.82709573E-05
   3.27577465E-04  -9.10856688E-05
   3.33893171E-04  -9.36993674E-05
   3.39174527E-04  -9.60825637E-05
   3.43329448E-04  -9.82056081E-05
   3.46269459E-04  -1.00038938E-04
   3.47910711E-04  -1.01553356E-04
   3.48175003E-04  -1.02720311E-04
   3.46990884E-04  -1.03512211E-04
   3.44294676E-04  -1.03902705E-04
   3.40031431E-04  -1.03866994E-04
   3.34155920E-04  -1.03382139E-04
   3.26633453E-04  -1.02427359E-04
   3.17440688E-04  -1.00984304E-04
   3.06566362E-04  -9.90373446E-05
   2.94011843E-04  -9.65738145E-05
   2.79791624E-04  -9.35842691E-05
   2.63933645E-04  -9.00626837E-05
   2.46479438E-04  -8.60066211E-05
   2.27484285E-04  -8.14174200E-05
   2.07017001E-04  -7.63002754E-05
   1.85159734E-04  -7.06643405E-05
   1.62007476E-04  -6.45227701E-05
   1.37667506E-04  -5.78926993E-05
   1.12258655E-04  -5.07952245E-05
   8.59103820E-05  -4.32553206E-05
   5.87617469E-05  -3.53017094E-05
   3.09602437E-05  -2.69667016E-05
   2.66051211E-06  -1.82859985E-05
  -2.59770331E-05  -9.29845282E-06
  -5.47876843E-05  -4.57994247E-08
  -8.36039617E-05   9.42764564E-06
  -1.12257199E-04   1.90753144E-05
  -1.40579155E-04   2.88487281E-05
  -1.68403567E-04   3.86978718E-05
  -1.95567758E-04   4.85715645E-05
  -2.21914161E-04   5.84178488E-05
  -2.47291755E-04   6.81843812E-05
  -2.71557452E-04   7.78188114E-05
  -2.94577330E-04   8.72691598E-05
  -3.16227844E-04   9.64841893E-05
  -3.36396683E-04   1.05413746E-04
  -3.54983757E-04   1.14009097E-04
  -3.71901726E-04   1.22223209E-04
  -3.87076609E-04   1.30011074E-04
  -4.00448014E-04   1.37329887E-04
  -4.11969289E-04   1.44139325E-04
  -4.21607518E-04   1.50401698E-04
  -4.29343316E-04   1.56082111E-04
  -4.35170397E-04   1.61148564E-04
  -4.39095107E-04   1.65572099E-04
  -4.41135693E-04   1.69326799E-04
  -4.41321637E-04   1.72389860E-04
  -4.39692638E-04   1.74741625E-04
  -4.36297763E-04   1.76365531E-04
  -4.31194348E-04   1.77248148E-04
  -4.24447004E-04   1.77379101E-04
  -4.16126539E-04   1.76751069E-04
  -4.06308885E-04   1.75359746E-04
  -3.95074050E-04   1.73203807E-04
  -3.82505154E-04   1.70284839E-04
  -3.68687586E-04   1.66607366E-04
  -3.53708048E-04   1.62178796E-04
  -3.37653968E-04   1.57009432E-04
  -3.20612773E-04   1.51112501E-04
  -3.02671426E-04   1.44504127E-04
  -2.83916044E-04   1.37203402E-04
  -2.64431583E-04   1.29232401E-04
  -2.44301744E-04   1.20616256E-04
  -2.23608818E-04   1.11383175E-04
  -2.02433846E-04   1.01564532E-04
  -1.80856689E-04   9.11949028E-05
  -1.58956216E-04   8.03120856E-05
  -1.36810602E-04   6.89571534E-05
  -1.14497583E-04   5.71744349E-05
  -9.20947641E-05   4.50115112E-05
  -6.96799252E-05   3.25191504E-05
  -4.73312866E-05   1.97512163E-05
  -2.51277506E-05   6.76452601E-06
  -3.14906720E-06  -6.38132678E-06
   1.85240788E-05  -1.96242054E-05
   3.98100528E-05  -3.28997194E-05
   6.06263748E-05  -4.61415693E-05
   8.08899058E-05  -5.92819270E-05
   1.00517187E-04  -7.22519035E-05
   1.19424847E-04  -8.49820208E-05
   1.37530136E-04  -9.74027935E-05
   1.54751571E-04  -1.09445260E-04
   1.71009669E-04  -1.21041638E-04
   1.86227757E-04  -1.32125962E-04
   2.00332812E-04  -1.42634701E-04
   2.13256397E-04  -1.52507491E-04
   2.24935589E-04  -1.61687713E-04
   2.35313928E-04  -1.70123181E-04
   2.44342285E-04  -1.77766735E-04
   2.51979771E-04  -1.84576842E-04
   2.58194515E-04  -1.90518083E-04
   2.62964313E-04  -1.95561603E-04
   2.66277319E-04  -1.99685543E-04
   2.68132368E-04  -2.02875293E-04
   2.68539414E-04  -2.05123753E-04
   2.67519586E-04  -2.06431418E-04
   2.65105220E-04  -2.06806450E-04
   2.61339650E-04  -2.06264536E-04
   2.56276864E-04  -2.04828772E-04
   2.49980949E-04  -2.02529322E-04
   2.42525392E-04  -1.99403104E-04
   2.33992265E-04  -1.95493267E-04
   2.24471252E-04  -1.90848688E-04
   2.14058498E-04  -1.85523313E-04
   2.02855459E-04  -1.79575480E-04
   1.90967621E-04  -1.73067150E-04
   1.78503164E-04  -1.66063139E-04
   1.65571619E-04  -1.58630341E-04
   1.52282533E-04  -1.50836844E-04
   1.38744159E-04  -1.42751145E-04
   1.25062172E-04  -1.34441347E-04
   1.11338479E-04  -1.25974359E-04
   9.76701485E-05  -1.17415162E-04
   8.41484070E-05  -1.08826163E-04
   7.08578082E-05  -1.00266552E-04
   5.78755134E-05  -9.17917496E-05
   4.52707427E-05  -8.34529565E-05
   3.31043775E-05  -7.52967753E-05
   2.14287193E-05  -6.73649192E-05
   1.02873992E-05  -5.96940154E-05
  -2.84556336E-07  -5.23154740E-05
  -1.02605218E-05  -4.52554959E-05
  -1.96219480E-05  -3.85351123E-05
  -2.83579066E-05  -3.21703301E-05
  -3.64645603E-05  -2.61723471E-05
  -4.39445357E-05  -2.05478154E-05
  -5.08062367E-05  -1.52991706E-05
  -5.70631346E-05  -1.04249957E-05
  -6.27330082E-05  -5.92042989E-06
  -6.78372016E-05  -1.77758784E-06
  -7.23998819E-05   2.01400530E-06
  -7.64473298E-05   5.46697220E-06
  -8.00072739E-05   8.59565534E-06
  -8.31082871E-05   1.14157001E-05
  -8.57792184E-05   1.39436625E-05
  -8.80487351E-05   1.61966454E-05
  -8.99448860E-05   1.81919750E-05
  -9.14948105E-05   1.99469050E-05
  -9.27244400E-05   2.14783722E-05
  -9.36583529E-05   2.28027875E-05
  -9.43196283E-05   2.39358724E-05
  -9.47298176E-05   2.48925389E-05
  -9.49089153E-05   2.56868043E-05
  -9.48754314E-05   2.63317415E-05
  -9.46464497E-05   2.68394688E-05
  -9.42377446E-05   2.72211564E-05
  -9.36639117E-05   2.74870690E-05
  -9.29385060E-05   2.76466180E-05
  -9.20741659E-05   2.77084309E-05
  -9.10827512E-05   2.76804258E-05
  -8.99754596E-05   2.75698985E-05
  -8.87629431E-05   2.73836013E-05
  -8.74553880E-05   2.71278204E-05
  -8.60625660E-05   2.68084550E-05
  -8.45938921E-05   2.64310729E-05
  -8.30584468E-05   2.60009729E-05
  -8.14649684E-05   2.55232189E-05
  -7.98218389E-05   2.50026787E-05
  -7.81370691E-05   2.44440380E-05
  -7.64182405E-05   2.38518151E-05
  -7.46724836E-05   2.32303573E-05
  -7.29064122E-05   2.25838357E-05
  -7.11260946E-05   2.19162303E-05
  -6.93370093E-05   2.12313189E-05
  -6.75440242E-05   2.05326505E-05
  -6.57513738E-05   1.98235339E-05
  -6.39626596E-05   1.91070176E-05
  -6.21808722E-05   1.83858792E-05
  -6.04084089E-05   1.76626181E-05
  -5.86471142E-05   1.69394480E-05
  -5.68983414E-05   1.62183060E-05
  -5.51630110E-05   1.55008638E-05
  -5.34416868E-05   1.47885366E-05
  -5.17346598E-05   1.40825159E-05
  -5.00420174E-05   1.33837893E-05
  -4.83637414E-05   1.26931782E-05
  -4.66997699E-05   1.20113700E-05
  -4.50500738E-05   1.13389569E-05
  -4.34147150E-05   1.06764728E-05
  -4.17938973E-05   1.00244288E-05
  -4.01879988E-05   9.38334870E-06
  -3.85975909E-05   8.75379919E-06
  -3.70234484E-05   8.13641600E-06
  -3.54665317E-05   7.53192489E-06
  -3.39279686E-05   6.94115624E-06
  -3.24090106E-05   6.36505183E-06
  -3.09109892E-05   5.80466985E-06
  -2.94352521E-05   5.26117947E-06
  -2.79831002E-05   4.73585169E-06
  -2.65557210E-05   4.23004576E-06
  -2.51541169E-05   3.74519050E-06
  -2.37790373E-05   3.28276428E-06
  -2.24309097E-05   2.84427233E-06
  -2.11097904E-05   2.43122463E-06
  -1.98153102E-05   2.04511298E-06
  -1.85466361E-05   1.68739098E-06
  -1.73024473E-05   1.35945652E-06
  -1.60809177E-05   1.06263712E-06
  -1.48797126E-05   7.98180281E-07
  -1.36959970E-05   5.67247639E-07
  -1.25264578E-05   3.70914165E-07
  -1.13673295E-05   2.10171535E-07
  -1.02144359E-05   8.59360370E-08
  -9.06323294E-06  -9.39110123E-10
  -7.90885952E-06  -4.96481078E-08
  -6.74618877E-06  -5.94146385E-08
  -5.56988653E-06  -2.94712237E-08
  -4.37446351E-06   4.09616447E-08
  -3.15432953E-06   1.52696799E-07
  -1.90384526E-06   3.06601407E-07
  -6.17369437E-07   5.03615695E-07
   7.10697122E-07   7.44768840E-07
   2.08587244E-06   1.03119248E-06
   3.51355811E-06   1.36412859E-06
   4.99900716E-06   1.74493482E-06
   6.54729683E-06   2.17508295E-06
   8.16330430E-06   2.65615313E-06
   9.85168208E-06   3.18982234E-06
   1.16168358E-05   3.77784727E-06
   1.34629036E-05   4.42204328E-06
   1.53937326E-05   5.12425640E-06
   1.74128527E-05   5.88633384E-06
   1.95234497E-05   6.71008820E-06
   2.17283359E-05   7.59726163E-06
   2.40299196E-05   8.54948303E-06
   2.64301634E-05   9.56822987E-06
   2.89305499E-05   1.06547814E-05
   3.15320358E-05   1.18101780E-05
   3.42350104E-05   1.30351773E-05
   3.70392518E-05   1.43302132E-05
   3.99438759E-05   1.56953520E-05
   4.29473039E-05   1.71302545E-05
   4.60472038E-05   1.86341422E-05
   4.92404652E-05   2.02057563E-05
   5.25231553E-05   2.18433288E-05
   5.58904976E-05   2.35445532E-05
   5.93368386E-05   2.53065555E-05
   6.28556372E-05   2.71258796E-05
   6.64394465E-05   2.89984564E-05
   7.00799210E-05   3.09196002E-05
   7.37678129E-05   3.28839924E-05
   7.74929940E-05   3.48856775E-05
   8.12444487E-05   3.69180634E-05
   8.50103388E-05   3.89739180E-05
   8.87780043E-05   4.10453868E-05
   9.25340137E-05   4.31240078E-05
   9.62642080E-05   4.52007298E-05
   9.99537369E-05   4.72659376E-05
   1.03587125E-04   4.93094958E-05
   1.07148328E-04   5.13207742E-05
   1.10620786E-04   5.32887098E-05
   1.13987480E-04   5.52018500E-05
   1.17231022E-04   5.70484190E-05
   1.20333709E-04   5.88163712E-05
   1.23277598E-04   6.04934794E-05
   1.26044601E-04   6.20674036E-05
   1.28616550E-04   6.35257675E-05
   1.30975284E-04   6.48562564E-05
   1.33102760E-04   6.60467122E-05
   1.34981135E-04   6.70852096E-05
   1.36592906E-04   6.79601653E-05
   1.37920972E-04   6.86604326E-05
   1.38948802E-04   6.91753958E-05
   1.39660508E-04   6.94950722E-05
   1.40040996E-04   6.96102070E-05
   1.40076139E-04   6.95123672E-05
   1.39752839E-04   6.91940222E-05
   1.39059222E-04   6.86486455E-05
   1.37984738E-04   6.78707802E-05
   1.36520321E-04   6.68561115E-05
   1.34658520E-04   6.56015472E-05
   1.32393601E-04   6.41052611E-05
   1.29721710E-04   6.23667584E-05
   1.26640938E-04   6.03868939E-05
   1.23151418E-04   5.81679269E-05
   1.19255456E-04   5.57135354E-05
   1.14957540E-04   5.30288271E-05
   1.10264416E-04   5.01203467E-05
   1.05185114E-04   4.69960578E-05
   9.97309471E-05   4.36653281E-05
   9.39155143E-05   4.01389007E-05
   8.77546554E-05   3.64288499E-05
   8.12664075E-05   3.25485344E-05
   7.44709178E-05   2.85125225E-05
   6.73903633E-05   2.43365339E-05
   6.00488202E-05   2.00373433E-05
   5.24721436E-05   1.56326896E-05
   4.46878039E-05   1.11411737E-05
   3.67247339E-05   6.58214685E-06
   2.86131453E-05   1.97558757E-06
   2.03843283E-05  -2.65802510E-06
   1.20704635E-05  -7.29784915E-06
   3.70439921E-06  -1.19228171E-05
  -4.68056169E-06  -1.65117854E-05
  -1.30508797E-05  -2.10436847E-05
  -2.13730054E-05  -2.54976640E-05
  -2.96136095E-05  -2.98532505E-05
  -3.77398028E-05  -3.40904990E-05
  -4.57193528E-05  -3.81901409E-05
  -5.35209219E-05  -4.21337318E-05
  -6.11142605E-05  -4.59037838E-05
  -6.84704210E-05  -4.94839187E-05
  -7.55619621E-05  -5.28589699E-05
  -8.23631271E-05  -5.60151202E-05
  -8.88500290E-05  -5.89399897E-05
  -9.50008034E-05  -6.16227335E-05
  -1.00795776E-04  -6.40541184E-05
  -1.06217580E-04  -6.62265884E-05
  -1.11251269E-04  -6.81343226E-05
  -1.15884432E-04  -6.97732394E-05
  -1.20107259E-04  -7.11410321E-05
  -1.23912600E-04  -7.22371769E-05
  -1.27296007E-04  -7.30628817E-05
  -1.30255721E-04  -7.36210859E-05
  -1.32792673E-04  -7.39163806E-05
  -1.34910442E-04  -7.39549650E-05
  -1.36615214E-04  -7.37445444E-05
  -1.37915660E-04  -7.32942572E-05
  -1.38822841E-04  -7.26145372E-05
  -1.39350086E-04  -7.17170260E-05
  -1.39512806E-04  -7.06144128E-05
  -1.39328360E-04  -6.93203183E-05
  -1.38815827E-04  -6.78491415E-05
  -1.37995827E-04  -6.62159000E-05
  -1.36890259E-04  -6.44360916E-05
  -1.35522117E-04  -6.25255343E-05
  -1.33915222E-04  -6.05001915E-05
  -1.32093992E-04  -5.83760484E-05
  -1.30083179E-04  -5.61689340E-05
  -1.27907639E-04  -5.38943859E-05
  -1.25592080E-04  -5.15675056E-05
  -1.23160848E-04  -4.92028303E-05
  -1.20637706E-04  -4.68142134E-05
  -1.18045602E-04  -4.44147045E-05
  -1.15406503E-04  -4.20164542E-05
  -1.12741196E-04  -3.96306350E-05
  -1.10069144E-04  -3.72673530E-05
  -1.07408348E-04  -3.49356087E-05
  -1.04775230E-04  -3.26432382E-05
  -1.02184531E-04  -3.03968936E-05
  -9.96492454E-05  -2.82020355E-05
  -9.71805857E-05  -2.60629331E-05
  -9.47879380E-05  -2.39826804E-05
  -9.24788765E-05  -2.19632384E-05
  -9.02591637E-05  -2.00054747E-05
  -8.81328087E-05  -1.81092346E-05
  -8.61021108E-05  -1.62734086E-05
  -8.41677465E-05  -1.44960168E-05
  -8.23288574E-05  -1.27743060E-05
  -8.05831733E-05  -1.11048475E-05
  -7.89271216E-05  -9.48364868E-06
  -7.73559659E-05  -7.90626564E-06
  -7.58639435E-05  -6.36791810E-06
  -7.44444260E-05  -4.86360568E-06
  -7.30900720E-05  -3.38822474E-06
  -7.17929870E-05  -1.93668257E-06
  -7.05448692E-05  -5.04007517E-07
  -6.93371912E-05   9.14548878E-07
  -6.81613383E-05   2.32341381E-06
  -6.70087684E-05   3.72660634E-06
  -6.58711360E-05   5.12765973E-06
  -6.47404522E-05   6.52955441E-06
  -6.36091936E-05   7.93466370E-06
  -6.24704116E-05   9.34471245E-06
  -6.13178345E-05   1.07607502E-05
  -6.01459506E-05   1.21831326E-05
  -5.89500814E-05   1.36115223E-05
  -5.77264218E-05   1.50448986E-05
  -5.64720904E-05   1.64815847E-05
  -5.51851335E-05   1.79192830E-05
  -5.38645363E-05   1.93551241E-05
  -5.25102005E-05   2.07857229E-05
  -5.11229191E-05   2.22072449E-05
  -4.97043184E-05   2.36154829E-05
  -4.82568066E-05   2.50059384E-05
  -4.67834943E-05   2.63739057E-05
  -4.52881031E-05   2.77145555E-05
  -4.37748713E-05   2.90230328E-05
  -4.22484518E-05   3.02945373E-05
  -4.07137959E-05   3.15244142E-05
  -3.91760404E-05   3.27082344E-05
  -3.76403914E-05   3.38418795E-05
  -3.61120110E-05   3.49216098E-05
  -3.45958979E-05   3.59441256E-05
  -3.30967923E-05   3.69066329E-05
  -3.16190672E-05   3.78068871E-05
  -3.01666496E-05   3.86432257E-05
  -2.87429302E-05   3.94146009E-05
  -2.73507048E-05   4.01206053E-05
  -2.59921217E-05   4.07614607E-05
  -2.46686395E-05   4.13380258E-05
  -2.33810078E-05   4.18517811E-05
  -2.21292557E-05   4.23048041E-05
  -2.09126974E-05   4.26997285E-05
  -1.97299505E-05   4.30397085E-05
  -1.85789722E-05   4.33283640E-05
  -1.74571032E-05   4.35697220E-05
  -1.63611239E-05   4.37681556E-05
  -1.52873235E-05   4.39283140E-05
  -1.42315730E-05   4.40550502E-05
  -1.31894112E-05   4.41533448E-05
  -1.21561307E-05   4.42282289E-05
  -1.11268710E-05   4.42847158E-05
  -1.00967136E-05   4.43277277E-05
  -9.06077730E-06   4.43620156E-05
  -8.01431270E-06   4.43921053E-05
  -6.95279368E-06   4.44222424E-05
  -5.87200566E-06   4.44563193E-05
  -4.76812693E-06   4.44978577E-05
  -3.63780509E-06   4.45499500E-05
  -2.47822345E-06   4.46152408E-05
  -1.28715942E-06   4.46959166E-05
  -6.30312798E-08   4.47936836E-05
   1.19506456E-06   4.49097824E-05
   2.48732931E-06   4.50449879E-05
   3.81324935E-06   4.51996348E-05
   5.17159469E-06   4.53736502E-05
   6.56043267E-06   4.55665831E-05
   7.97715165E-06   4.57776478E-05
   9.41849612E-06   4.60057745E-05
   1.08806144E-05   4.62496646E-05
   1.23591144E-05   4.65078374E-05
   1.38491296E-05   4.67786995E-05
   1.53453911E-05   4.70605955E-05
   1.68423085E-05   4.73518703E-05
   1.83340508E-05   4.76509231E-05
   1.98146372E-05   4.79562550E-05
   2.12780214E-05   4.82665309E-05
   2.27181845E-05   4.85806158E-05
   2.41292146E-05   4.88976038E-05
   2.55053965E-05   4.92168656E-05
   2.68412896E-05   4.95380555E-05
   2.81317989E-05   4.98611334E-05
   2.93722424E-05   5.01863724E-05
   3.05584108E-05   5.05143507E-05
   3.16866171E-05   5.08459452E-05
   3.27537346E-05   5.11823055E-05
   3.37572274E-05   5.15248248E-05
   3.46951711E-05   5.18751112E-05
   3.55662560E-05   5.22349364E-05
   3.63697945E-05   5.26061849E-05
   3.71056922E-05   5.29907993E-05
   3.77744327E-05   5.33907260E-05
   3.83770421E-05   5.38078348E-05
   3.89150409E-05   5.42438756E-05
   3.93903829E-05   5.47003910E-05
   3.98053999E-05   5.51786652E-05
   4.01627331E-05   5.56796513E-05
   4.04652492E-05   5.62039168E-05
   4.07159678E-05   5.67515890E-05
   4.09179811E-05   5.73223006E-05
   4.10743705E-05   5.79151601E-05
   4.11881301E-05   5.85287016E-05
   4.12620830E-05   5.91608805E-05
   4.12988265E-05   5.98090483E-05
   4.13006528E-05   6.04699562E-05
   4.12695081E-05   6.11397554E-05
   4.12069385E-05   6.18140257E-05
   4.11140645E-05   6.24878012E-05
   4.09915519E-05   6.31556250E-05
   4.08396081E-05   6.38115744E-05
   4.06579857E-05   6.44493557E-05
   4.04459861E-05   6.50623479E-05
   4.02024962E-05   6.56437041E-05
   3.99260280E-05   6.61864178E-05
   3.96147625E-05   6.66834312E-05
   3.92666079E-05   6.71277012E-05
   3.88792614E-05   6.75123301E-05
   3.84502891E-05   6.78306315E-05
   3.79771991E-05   6.80762532E-05
   3.74575175E-05   6.82432510E-05
   3.68888832E-05   6.83261751E-05
   3.62691208E-05   6.83201724E-05
   3.55963239E-05   6.82210521E-05
   3.48689391E-05   6.80253434E-05
   3.40858351E-05   6.77303615E-05
   3.32463751E-05   6.73342656E-05
   3.23504646E-05   6.68360808E-05
   3.13986202E-05   6.62357270E-05
   3.03919951E-05   6.55340264E-05
   2.93324138E-05   6.47327179E-05
   2.82223864E-05   6.38344354E-05
   2.70651144E-05   6.28426715E-05
   2.58644795E-05   6.17617552E-05
   2.46250238E-05   6.05967980E-05
   2.33519058E-05   5.93536279E-05
   2.20508646E-05   5.80387241E-05
   2.07281464E-05   5.66591334E-05
   1.93904416E-05   5.52223828E-05
   1.80448023E-05   5.37363885E-05
   1.66985501E-05   5.22093542E-05
   1.53591827E-05   5.06496726E-05
   1.40342681E-05   4.90658167E-05
   1.27313469E-05   4.74662484E-05
   1.14578215E-05   4.58593022E-05
   1.02208542E-05   4.42530982E-05
   9.02726242E-06   4.26554470E-05
   7.88342368E-06   4.10737666E-05
   6.79518371E-06   3.95150055E-05
   5.76777393E-06   3.79855701E-05
   4.80573817E-06   3.64912703E-05
   3.91287313E-06   3.50372757E-05
   3.09217921E-06   3.36280718E-05
   2.34582649E-06   3.22674423E-05
   1.67513417E-06   3.09584575E-05
   1.08056679E-06   2.97034712E-05
   5.61743548E-07   2.85041333E-05
   1.17464651E-07   2.73614151E-05
  -2.54247880E-07   2.62756366E-05
  -5.56096097E-07   2.52465125E-05
  -7.91438083E-07   2.42731967E-05
  -9.64209221E-07   2.33543433E-05
  -1.07883193E-06   2.24881696E-05
  -1.14011880E-06   2.16725166E-05
  -1.15316800E-06   2.09049267E-05
  -1.12325711E-06   2.01827061E-05
  -1.05573304E-06   1.95030025E-05
  -9.55904170E-07   1.88628710E-05
  -8.28935868E-07   1.82593431E-05
  -6.79750769E-07   1.76894846E-05
  -5.12937788E-07   1.71504616E-05
  -3.32669998E-07   1.66395839E-05
  -1.42634320E-07   1.61543521E-05
   5.40256195E-08   1.56924998E-05
   2.54753616E-07   1.52520142E-05
   4.57608962E-07   1.48311601E-05
   6.61280978E-07   1.44284932E-05
   8.65086292E-07   1.40428592E-05
   1.06895254E-06   1.36733915E-05
   1.27338808E-06   1.33194972E-05
   1.47943638E-06   1.29808341E-05
   1.68861993E-06   1.26572868E-05
   1.90287278E-06   1.23489317E-05
   2.12446389E-06   1.20559998E-05
   2.35591392E-06   1.17788368E-05
   2.59990679E-06   1.15178591E-05
   2.85919782E-06   1.12735106E-05
   3.13652254E-06   1.10462151E-05
   3.43450597E-06   1.08363383E-05
   3.75557624E-06   1.06441448E-05
   4.10188431E-06   1.04697601E-05
   4.47523098E-06   1.03131415E-05
   4.87700663E-06   1.01740497E-05
   5.30813850E-06   1.00520256E-05
   5.76905359E-06   9.94637867E-06
   6.25965458E-06   9.85617680E-06
   6.77930939E-06   9.78024673E-06
   7.32685658E-06   9.71717964E-06
   7.90062586E-06   9.66534026E-06
   8.49846856E-06   9.62289050E-06
   9.11780444E-06   9.58780856E-06
   9.75568037E-06   9.55792075E-06
   1.04088331E-05   9.53093422E-06
   1.10737665E-05   9.50447429E-06
   1.17468280E-05   9.47612261E-06
   1.24242906E-05   9.44345811E-06
   1.31024344E-05   9.40410064E-06
   1.37776242E-05   9.35575008E-06
   1.44463856E-05   9.29622638E-06
   1.51054692E-05   9.22350955E-06
   1.57519098E-05   9.13577242E-06
   1.63830755E-05   9.03141427E-06
   1.69966970E-05   8.90908450E-06
   1.75908990E-05   8.76770901E-06
   1.81642044E-05   8.60650289E-06
   1.87155347E-05   8.42498230E-06
   1.92441930E-05   8.22296715E-06
   1.97498412E-05   8.00058024E-06
   2.02324627E-05   7.75823810E-06
   2.06923196E-05   7.49663332E-06
   2.11298957E-05   7.21671677E-06
   2.15458494E-05   6.91966807E-06
   2.19409430E-05   6.60686601E-06
   2.23159914E-05   6.27985082E-06
   2.26717948E-05   5.94028825E-06
   2.30090791E-05   5.58992724E-06
   2.33284445E-05   5.23055860E-06
   2.36303149E-05   4.86397448E-06
   2.39148922E-05   4.49192885E-06
   2.41821253E-05   4.11609835E-06
   2.44316780E-05   3.73804914E-06
   2.46629206E-05   3.35920618E-06
   2.48749220E-05   2.98082728E-06
   2.50664580E-05   2.60398110E-06
   2.52360314E-05   2.22953076E-06
   2.53819035E-05   1.85812348E-06
   2.55021369E-05   1.49018331E-06
   2.55946488E-05   1.12590931E-06
   2.56572766E-05   7.65278855E-07
   2.56878484E-05   4.08054348E-07
   2.56842595E-05   5.37947926E-08
   2.56445564E-05  -2.98130232E-07
   2.55670129E-05  -6.48521393E-07
   2.54502193E-05  -9.98329142E-07
   2.52931513E-05  -1.34862933E-06
   2.50952380E-05  -1.70059639E-06
   2.48564247E-05  -2.05547440E-06
   2.45772117E-05  -2.41454632E-06
   2.42586902E-05  -2.77910294E-06
   2.39025558E-05  -3.15040916E-06
   2.35111056E-05  -3.52967209E-06
   2.30872192E-05  -3.91801041E-06
   2.26343291E-05  -4.31642457E-06
   2.21563660E-05  -4.72576903E-06
   2.16576937E-05  -5.14672911E-06
   2.11430361E-05  -5.57980184E-06
   2.06173863E-05  -6.02528007E-06
   2.00859158E-05  -6.48324431E-06
   1.95538742E-05  -6.95355675E-06
   1.90264800E-05  -7.43586315E-06
   1.85088265E-05  -7.92959872E-06
   1.80057723E-05  -8.43399903E-06
   1.75218465E-05  -8.94811637E-06
   1.70611547E-05  -9.47083754E-06
   1.66272930E-05  -1.00009047E-05
   1.62232773E-05  -1.05369436E-05
   1.58514722E-05  -1.10774854E-05
   1.55135422E-05  -1.16209958E-05
   1.52104094E-05  -1.21659032E-05
   1.49422303E-05  -1.27106223E-05
   1.47083847E-05  -1.32535833E-05
   1.45074819E-05  -1.37932557E-05
   1.43373827E-05  -1.43281704E-05
   1.41952378E-05  -1.48569425E-05
   1.40775392E-05  -1.53782912E-05
   1.39801914E-05  -1.58910534E-05
   1.38985906E-05  -1.63941986E-05
   1.38277201E-05  -1.68868410E-05
   1.37622501E-05  -1.73682474E-05
   1.36966510E-05  -1.78378396E-05
   1.36253057E-05  -1.82951972E-05
   1.35426244E-05  -1.87400528E-05
   1.34431593E-05  -1.91722884E-05
   1.33217145E-05  -1.95919274E-05
   1.31734441E-05  -1.99991246E-05
   1.29939490E-05  -2.03941509E-05
   1.27793528E-05  -2.07773774E-05
   1.25263687E-05  -2.11492606E-05
   1.22323518E-05  -2.15103246E-05
   1.18953330E-05  -2.18611403E-05
   1.15140410E-05  -2.22023118E-05
   1.10879055E-05  -2.25344502E-05
   1.06170473E-05  -2.28581612E-05
   1.01022561E-05  -2.31740250E-05
   9.54495408E-06  -2.34825802E-05
   8.94715049E-06  -2.37843105E-05
   8.31138459E-06  -2.40796253E-05
   7.64066499E-06  -2.43688537E-05
   6.93840275E-06  -2.46522286E-05
   6.20833953E-06  -2.49298846E-05
   5.45447438E-06  -2.52018453E-05
   4.68098915E-06  -2.54680272E-05
   3.89217621E-06  -2.57282372E-05
   3.09236611E-06  -2.59821754E-05
   2.28586077E-06  -2.62294434E-05
   1.47686660E-06  -2.64695536E-05
   6.69435678E-07  -2.67019441E-05
  -1.32588639E-07  -2.69259908E-05
  -9.25621123E-07  -2.71410281E-05
  -1.70637782E-06  -2.73463684E-05
  -2.47191088E-06  -2.75413186E-05
  -3.21963853E-06  -2.77252038E-05
  -3.94736708E-06  -2.78973857E-05
  -4.65330504E-06  -2.80572785E-05
  -5.33607044E-06  -2.82043693E-05
  -5.99469104E-06  -2.83382287E-05
  -6.62859702E-06  -2.84585203E-05
  -7.23760832E-06  -2.85650149E-05
  -7.82191364E-06  -2.86575887E-05
  -8.38204596E-06  -2.87362309E-05
  -8.91884883E-06  -2.88010415E-05
  -9.43344276E-06  -2.88522278E-05
  -9.92718378E-06  -2.88901028E-05
  -1.04016226E-05  -2.89150776E-05
  -1.08584554E-05  -2.89276504E-05
  -1.12994812E-05  -2.89284035E-05
  -1.17265508E-05  -2.89179861E-05
  -1.21415214E-05  -2.88971041E-05
  -1.25462057E-05  -2.88665051E-05
  -1.29423315E-05  -2.88269657E-05
  -1.33314934E-05  -2.87792700E-05
  -1.37151128E-05  -2.87241946E-05
  -1.40944012E-05  -2.86624872E-05
  -1.44703245E-05  -2.85948518E-05
  -1.48435720E-05  -2.85219248E-05
  -1.52145312E-05  -2.84442576E-05
  -1.55832677E-05  -2.83623012E-05
  -1.59495085E-05  -2.82763922E-05
  -1.63126333E-05  -2.81867378E-05
  -1.66716727E-05  -2.80934128E-05
  -1.70253115E-05  -2.79963515E-05
  -1.73719018E-05  -2.78953503E-05
  -1.77094789E-05  -2.77900763E-05
  -1.80357965E-05  -2.76800729E-05
  -1.83483589E-05  -2.75647726E-05
  -1.86444631E-05  -2.74435170E-05
  -1.89212569E-05  -2.73155711E-05
  -1.91757899E-05  -2.71801491E-05
  -1.94050845E-05  -2.70364308E-05
  -1.96062010E-05  -2.68835847E-05
  -1.97763147E-05  -2.67207906E-05
  -1.99127826E-05  -2.65472572E-05
  -2.00132199E-05  -2.63622424E-05
  -2.00755676E-05  -2.61650657E-05
  -2.00981594E-05  -2.59551271E-05
  -2.00797749E-05  -2.57319189E-05
  -2.00196937E-05  -2.54950337E-05
  -1.99177266E-05  -2.52441787E-05
  -1.97742465E-05  -2.49791810E-05
  -1.95902048E-05  -2.46999934E-05
  -1.93671258E-05  -2.44066978E-05
  -1.91070958E-05  -2.40995123E-05
  -1.88127415E-05  -2.37787881E-05
  -1.84871824E-05  -2.34450072E-05
  -1.81339874E-05  -2.30987807E-05
  -1.77571092E-05  -2.27408400E-05
  -1.73608114E-05  -2.23720290E-05
  -1.69495943E-05  -2.19932845E-05
  -1.65281072E-05  -2.16056287E-05
  -1.61010557E-05  -2.12101477E-05
  -1.56731112E-05  -2.08079709E-05
  -1.52488183E-05  -2.04002536E-05
  -1.48325025E-05  -1.99881561E-05
  -1.44281821E-05  -1.95728244E-05
  -1.40394841E-05  -1.91553736E-05
  -1.36695699E-05  -1.87368714E-05
  -1.33210706E-05  -1.83183274E-05
  -1.29960299E-05  -1.79006838E-05
  -1.26958648E-05  -1.74848083E-05
  -1.24213393E-05  -1.70714920E-05
  -1.21725525E-05  -1.66614536E-05
  -1.19489441E-05  -1.62553370E-05
  -1.17493173E-05  -1.58537205E-05
  -1.15718785E-05  -1.54571208E-05
  -1.14142949E-05  -1.50660007E-05
  -1.12737616E-05  -1.46807752E-05
  -1.11470881E-05  -1.43018187E-05
  -1.10307919E-05  -1.39294725E-05
  -1.09212051E-05  -1.35640466E-05
  -1.08145787E-05  -1.32058267E-05
  -1.07071974E-05  -1.28550782E-05
  -1.05954878E-05  -1.25120487E-05
  -1.04761248E-05  -1.21769708E-05
  -1.03461280E-05  -1.18500639E-05
  -1.02029526E-05  -1.15315352E-05
  -1.00445613E-05  -1.12215839E-05
  -9.86948453E-06  -1.09203993E-05
  -9.67686447E-06  -1.06281595E-05
  -9.46647924E-06  -1.03450338E-05
  -9.23875359E-06  -1.00711777E-05
  -8.99474617E-06  -9.80672939E-06
  -8.73612225E-06  -9.55180349E-06
  -8.46511011E-06  -9.30648730E-06
  -8.18444278E-06  -9.07082904E-06
  -7.89728438E-06  -8.84483052E-06
  -7.60714511E-06  -8.62843808E-06
  -7.31779028E-06  -8.42153531E-06
  -7.03313754E-06  -8.22393122E-06
  -6.75715273E-06  -8.03536022E-06
  -6.49374215E-06  -7.85547218E-06
  -6.24664699E-06  -7.68383688E-06
  -6.01933789E-06  -7.51994276E-06
  -5.81491986E-06  -7.36320590E-06
  -5.63604090E-06  -7.21297602E-06
  -5.48481512E-06  -7.06855053E-06
  -5.36275638E-06  -6.92918729E-06
  -5.27073007E-06  -6.79412142E-06
  -5.20891808E-06  -6.66258165E-06
  -5.17680428E-06  -6.53380766E-06
  -5.17317812E-06  -6.40706730E-06
  -5.19615696E-06  -6.28167163E-06
  -5.24322559E-06  -6.15698991E-06
  -5.31129535E-06  -6.03246144E-06
  -5.39677694E-06  -5.90760601E-06
  -5.49566766E-06  -5.78203208E-06
  -5.60364924E-06  -5.65544315E-06
  -5.71619330E-06  -5.52764141E-06
  -5.82867324E-06  -5.39853090E-06
  -5.93647428E-06  -5.26811800E-06
  -6.03510443E-06  -5.13651094E-06
  -6.12029908E-06  -5.00391707E-06
  -6.18811828E-06  -4.87064017E-06
  -6.23503138E-06  -4.73707451E-06
  -6.25799157E-06  -4.60369984E-06
  -6.25449456E-06  -4.47107186E-06
  -6.22262178E-06  -4.33981450E-06
  -6.16106809E-06  -4.21060804E-06
  -6.06915182E-06  -4.08417782E-06
  -5.94681114E-06  -3.96128144E-06
  -5.79458265E-06  -3.84269379E-06
  -5.61356774E-06  -3.72919476E-06
  -5.40538576E-06  -3.62155333E-06
  -5.17211674E-06  -3.52051529E-06
  -4.91623359E-06  -3.42678959E-06
  -4.64052937E-06  -3.34103675E-06
  -4.34803678E-06  -3.26385884E-06
  -4.04194770E-06  -3.19579067E-06
  -3.72552972E-06  -3.13729220E-06
  -3.40204383E-06  -3.08874337E-06
  -3.07466712E-06  -3.05044045E-06
  -2.74641798E-06  -3.02259264E-06
  -2.42008900E-06  -3.00532110E-06
  -2.09818722E-06  -2.99865883E-06
  -1.78288428E-06  -3.00255010E-06
  -1.47597575E-06  -3.01685213E-06
  -1.17885111E-06  -3.04133687E-06
  -8.92476578E-07  -3.07569280E-06
  -6.17386945E-07  -3.11952840E-06
  -3.53690723E-07  -3.17237573E-06
  -1.01084993E-07  -3.23369477E-06
   1.41118619E-07  -3.30287889E-06
   3.73959466E-07  -3.37926122E-06
   5.98784254E-07  -3.46212164E-06
   8.17197247E-07  -3.55069551E-06
   1.03100479E-06  -3.64418270E-06
   1.24215569E-06  -3.74175715E-06
   1.45268041E-06  -3.84257874E-06
   1.66462905E-06  -3.94580366E-06
   1.88001104E-06  -4.05059654E-06
   2.10073790E-06  -4.15614250E-06
   2.32856974E-06  -4.26166025E-06
   2.56506883E-06  -4.36641267E-06
   2.81155758E-06  -4.46971853E-06
   3.06908669E-06  -4.57096348E-06
   3.33840921E-06  -4.66960955E-06
   3.61996399E-06  -4.76520381E-06
   3.91386675E-06  -4.85738610E-06
   4.21990990E-06  -4.94589312E-06
   4.53756911E-06  -5.03056435E-06
   4.86601812E-06  -5.11134203E-06
   5.20414915E-06  -5.18827255E-06
   5.55059887E-06  -5.26150325E-06
   5.90377931E-06  -5.33127923E-06
   6.26191331E-06  -5.39793746E-06
   6.62307366E-06  -5.46190040E-06
   6.98522263E-06  -5.52366464E-06
   7.34625519E-06  -5.58379315E-06
   7.70404222E-06  -5.64290212E-06
   8.05647323E-06  -5.70164957E-06
   8.40149914E-06  -5.76072125E-06
   8.73716999E-06  -5.82081657E-06
   9.06167315E-06  -5.88263401E-06
   9.37336790E-06  -5.94685525E-06
   9.67080996E-06  -6.01413012E-06
   9.95277696E-06  -6.08505979E-06
   1.02182858E-05  -6.16018133E-06
   1.04666005E-05  -6.23995174E-06
   1.06972393E-05  -6.32473439E-06
   1.09099701E-05  -6.41478618E-06
   1.11048039E-05  -6.51024584E-06
   1.12819807E-05  -6.61112699E-06
   1.14419527E-05  -6.71731323E-06
   1.15853609E-05  -6.82855716E-06
   1.17130130E-05  -6.94448227E-06
   1.18258567E-05  -7.06459014E-06
   1.19249553E-05  -7.18827050E-06
   1.20114564E-05  -7.31481578E-06
   1.20865689E-05  -7.44343515E-06
   1.21515350E-05  -7.57327462E-06
   1.22076044E-05  -7.70343468E-06
   1.22560114E-05  -7.83299129E-06
   1.22979491E-05  -7.96101358E-06
   1.23345471E-05  -8.08658206E-06
   1.23668524E-05  -8.20880450E-06
   1.23958043E-05  -8.32683054E-06
   1.24222197E-05  -8.43986436E-06
   1.24467761E-05  -8.54717564E-06
   1.24699973E-05  -8.64811136E-06
   1.24922444E-05  -8.74210036E-06
   1.25137094E-05  -8.82866516E-06
   1.25344113E-05  -8.90742831E-06
   1.25542028E-05  -8.97811788E-06
   1.25727738E-05  -9.04057561E-06
   1.25896640E-05  -9.09476239E-06
   1.26042787E-05  -9.14076008E-06
   1.26159066E-05  -9.17877605E-06
   1.26237373E-05  -9.20913953E-06
   1.26268824E-05  -9.23229891E-06
   1.26243967E-05  -9.24881260E-06
   1.26152972E-05  -9.25933819E-06
   1.25985789E-05  -9.26461689E-06
   1.25732304E-05  -9.26545363E-06
   1.25382503E-05  -9.26269877E-06
   1.24926555E-05  -9.25722452E-06
   1.24354929E-05  -9.24990127E-06
   1.23658501E-05  -9.24157848E-06
   1.22828651E-05  -9.23306197E-06
   1.21857356E-05  -9.22509844E-06
   1.20737332E-05  -9.21836090E-06
   1.19462138E-05  -9.21343690E-06
   1.18026364E-05  -9.21082301E-06
   1.16425754E-05  -9.21091851E-06
   1.14657387E-05  -9.21402443E-06
   1.12719827E-05  -9.22034360E-06
   1.10613255E-05  -9.22998152E-06
   1.08339609E-05  -9.24295091E-06
   1.05902645E-05  -9.25917175E-06
   1.03307975E-05  -9.27847395E-06
   1.00563047E-05  -9.30060287E-06
   9.76771025E-06  -9.32522107E-06
   9.46610271E-06  -9.35191565E-06
   9.15271903E-06  -9.38020185E-06
