   0.00000000    
   0.00000000    
   0.00000000    
   0.00000000    
   0.00000000    
  -7.70705888E-26
  -5.34028462E-25
  -1.95551755E-24
  -5.74971408E-24
  -1.88249649E-23
  -7.12345689E-23
  -2.57843718E-22
  -8.02063685E-22
  -2.09358605E-21
  -4.55761533E-21
  -8.07340476E-21
  -1.05163510E-20
  -4.94706351E-21
   2.48322496E-20
   1.09998439E-19
   3.02104816E-19
   6.74638064E-19
   1.31478104E-18
   2.29693725E-18
   3.62785742E-18
   5.15343406E-18
   6.42070826E-18
   6.49656734E-18
   3.75765818E-18
  -4.31616598E-18
  -2.12918109E-17
  -5.18029833E-17
  -1.01352303E-16
  -1.75804507E-16
  -2.80495066E-16
  -4.18917270E-16
  -5.91015333E-16
  -7.91201141E-16
  -1.00631728E-15
  -1.21388154E-15
  -1.38104487E-15
  -1.46475523E-15
  -1.41362525E-15
  -1.17192874E-15
  -6.85998802E-16
   8.69463769E-17
   1.16781735E-15
   2.54310737E-15
   4.15168710E-15
   5.87205252E-15
   7.51117816E-15
   8.79596536E-15
   9.36779815E-15
   8.77994458E-15
   6.49646488E-15
   1.88986370E-15
  -5.76690608E-15
  -1.73203703E-14
  -3.37766958E-14
  -5.63726820E-14
  -8.66907525E-14
  -1.26834022E-13
  -1.79681763E-13
  -2.49250653E-13
  -3.41194954E-13
  -4.63489544E-13
  -6.27354993E-13
  -8.48505185E-13
  -1.14882875E-12
  -1.55865230E-12
  -2.11979154E-12
  -2.88966268E-12
  -3.94682073E-12
  -5.39840351E-12
  -7.39012757E-12
  -1.01196525E-11
  -1.38544011E-11
  -1.89552263E-11
  -2.59077100E-11
  -3.53633893E-11
  -4.81938656E-11
  -6.55614729E-11
  -8.90113330E-11
  -1.20590676E-10
  -1.63003111E-10
  -2.19807145E-10
  -2.95670988E-10
  -3.96698424E-10
  -5.30843980E-10
  -7.08440029E-10
  -9.42864120E-10
  -1.25138111E-09
  -1.65620073E-09
  -2.18580309E-09
  -2.87659430E-09
  -3.77496567E-09
  -4.93984897E-09
  -6.44587095E-09
  -8.38724290E-09
  -1.08825349E-08
  -1.40805163E-08
  -1.81672792E-08
  -2.33748967E-08
  -2.99919023E-08
  -3.83759549E-08
  -4.89690599E-08
  -6.23158485E-08
  -7.90854031E-08
  -1.00097239E-07
  -1.26352177E-07
  -1.59068847E-07
  -1.99726699E-07
  -2.50116642E-07
  -3.12400232E-07
  -3.89178695E-07
  -4.83573217E-07
  -5.99318184E-07
  -7.40868416E-07
  -9.13522683E-07
  -1.12356531E-06
  -1.37842790E-06
  -1.68687336E-06
  -2.05920401E-06
  -2.50749690E-06
  -3.04586797E-06
  -3.69076793E-06
  -4.46131435E-06
  -5.37965570E-06
  -6.47137813E-06
  -7.76595243E-06
  -9.29722410E-06
  -1.11039435E-05
  -1.32303494E-05
  -1.57267932E-05
  -1.86504094E-05
  -2.20658385E-05
  -2.60459874E-05
  -3.06728289E-05
  -3.60382619E-05
  -4.22449739E-05
  -4.94073574E-05
  -5.76524435E-05
  -6.71208545E-05
  -7.79677430E-05
  -9.03637338E-05
  -1.04495870E-04
  -1.20568475E-04
  -1.38804011E-04
  -1.59443851E-04
  -1.82748990E-04
  -2.09000573E-04
  -2.38500419E-04
  -2.71571247E-04
  -3.08556831E-04
  -3.49821988E-04
  -3.95752257E-04
  -4.46753314E-04
  -5.03250223E-04
  -5.65686321E-04
  -6.34521944E-04
  -7.10232358E-04
  -7.93306157E-04
  -8.84242239E-04
  -9.83547303E-04
  -1.09173311E-03
  -1.20931165E-03
  -1.33679202E-03
  -1.47467607E-03
  -1.62345311E-03
  -1.78359507E-03
  -1.95555063E-03
  -2.13973993E-03
  -2.33654724E-03
  -2.54631555E-03
  -2.76933890E-03
  -3.00585548E-03
  -3.25604063E-03
  -3.51999910E-03
  -3.79775674E-03
  -4.08925349E-03
  -4.39433614E-03
  -4.71274788E-03
  -5.04412316E-03
  -5.38798003E-03
  -5.74370753E-03
  -6.11056434E-03
  -6.48766803E-03
  -6.87398901E-03
  -7.26833986E-03
  -7.66937528E-03
  -8.07557907E-03
  -8.48526228E-03
  -8.89655761E-03
  -9.30740964E-03
  -9.71557759E-03
  -1.01186270E-02
  -1.05139278E-02
  -1.08986506E-02
  -1.12697696E-02
  -1.16240559E-02
  -1.19580887E-02
  -1.22682462E-02
  -1.25507172E-02
  -1.28015028E-02
  -1.30164251E-02
  -1.31911393E-02
  -1.33211361E-02
  -1.34017672E-02
  -1.34282503E-02
  -1.33956913E-02
  -1.32991076E-02
  -1.31334495E-02
  -1.28936283E-02
  -1.25745423E-02
  -1.21711120E-02
  -1.16783138E-02
  -1.10912230E-02
  -1.04050441E-02
  -9.61516518E-03
  -8.71719606E-03
  -7.70702213E-03
  -6.58084871E-03
  -5.33525692E-03
  -3.96725303E-03
  -2.47432222E-03
  -8.54482001E-04
   8.93664372E-04
   2.77087837E-03
   4.77723405E-03
   6.91207172E-03
   9.17395391E-03
   1.15606207E-02
   1.40689565E-02
   1.66949574E-02
   1.94336995E-02
   2.22793259E-02
   2.52250284E-02
   2.82630380E-02
   3.13846245E-02
   3.45801078E-02
   3.78388762E-02
   4.11494039E-02
   4.44992818E-02
   4.78752591E-02
   5.12632877E-02
   5.46485893E-02
   5.80157042E-02
   6.13485686E-02
   6.46305904E-02
   6.78447336E-02
   7.09735900E-02
   7.39995092E-02
   7.69046471E-02
   7.96711221E-02
   8.22810829E-02
   8.47168341E-02
   8.69609192E-02
   8.89962539E-02
   9.08062235E-02
   9.23748165E-02
   9.36866999E-02
   9.47273597E-02
   9.54831690E-02
   9.59415287E-02
   9.60909203E-02
   9.59210545E-02
   9.54229161E-02
   9.45888981E-02
   9.34128463E-02
   9.18901563E-02
   9.00178105E-02
   8.77945200E-02
   8.52206722E-02
   8.22984651E-02
   7.90319443E-02
   7.54269958E-02
   7.14914128E-02
   6.72348812E-02
   6.26690015E-02
   5.78073077E-02
   5.26651926E-02
   4.72599417E-02
   4.16106507E-02
   3.57381962E-02
   2.96651553E-02
   2.34157406E-02
   1.70156863E-02
   1.04921525E-02
   3.87359271E-03
  -2.81038159E-03
  -9.52915568E-03
  -1.62512772E-02
  -2.29446422E-02
  -2.95766722E-02
  -3.61145474E-02
  -4.25253808E-02
  -4.87764739E-02
  -5.48355319E-02
  -6.06708899E-02
  -6.62517697E-02
  -7.15484768E-02
  -7.65326694E-02
  -8.11775997E-02
  -8.54582936E-02
  -8.93517807E-02
  -9.28373039E-02
  -9.58964974E-02
  -9.85135362E-02
 -0.100675344    
 -0.102371663    
 -0.103595190    
 -0.104341663    
 -0.104609884    
 -0.104401812    
 -0.103722490    
 -0.102580070    
 -0.100985773    
  -9.89537612E-02
  -9.65010822E-02
  -9.36475024E-02
  -9.04153585E-02
  -8.68294463E-02
  -8.29167068E-02
  -7.87061006E-02
  -7.42283762E-02
  -6.95157573E-02
  -6.46017492E-02
  -5.95208630E-02
  -5.43083251E-02
  -4.89998125E-02
  -4.36311774E-02
  -3.82381640E-02
  -3.28561626E-02
  -2.75199004E-02
  -2.22632196E-02
  -1.71188246E-02
  -1.21180397E-02
  -7.29058869E-03
  -2.66439538E-03
   1.73460937E-03
   5.88265527E-03
   9.75828618E-03
   1.33424895E-02
   1.66188106E-02
   1.95734408E-02
   2.21952833E-02
   2.44760066E-02
   2.64100600E-02
   2.79946830E-02
   2.92298850E-02
   3.01184058E-02
   3.06656510E-02
   3.08796149E-02
   3.07707731E-02
   3.03519703E-02
   2.96382643E-02
   2.86467914E-02
   2.73965783E-02
   2.59083584E-02
   2.42043752E-02
   2.23081708E-02
   2.02443637E-02
   1.80384181E-02
   1.57164074E-02
   1.33047858E-02
   1.08301351E-02
   8.31893086E-03
   5.79730514E-03
   3.29081388E-03
   8.24211049E-04
  -1.57876452E-03
  -3.89559567E-03
  -6.10517804E-03
  -8.18799064E-03
  -1.01262573E-02
  -1.19040878E-02
  -1.35075906E-02
  -1.49249779E-02
  -1.61466356E-02
  -1.71651728E-02
  -1.79754682E-02
  -1.85746551E-02
  -1.89621169E-02
  -1.91394426E-02
  -1.91103704E-02
  -1.88807026E-02
  -1.84582043E-02
  -1.78524684E-02
  -1.70748048E-02
  -1.61380544E-02
  -1.50564564E-02
  -1.38454447E-02
  -1.25214737E-02
  -1.11018158E-02
  -9.60437022E-03
  -8.04745685E-03
  -6.44961465E-03
  -4.82940022E-03
  -3.20519018E-03
  -1.59499189E-03
  -1.62563774E-05
   1.51429442E-03
   2.98083271E-03
   4.36857576E-03
   5.66392392E-03
   6.85458351E-03
   7.92967342E-03
   8.87981709E-03
   9.69721097E-03
   1.03756841E-02
   1.09107336E-02
   1.12995375E-02
   1.15409642E-02
   1.16355484E-02
   1.15854545E-02
   1.13944281E-02
   1.10677229E-02
   1.06120165E-02
   1.00353165E-02
   9.34684463E-03
   8.55691079E-03
   7.67678674E-03
   6.71855407E-03
   5.69496024E-03
   4.61926265E-03
   3.50506743E-03
   2.36617075E-03
   1.21639716E-03
   6.94408445E-05
  -1.06128899E-03
  -2.16281880E-03
  -3.22275236E-03
  -4.22940589E-03
  -5.17193042E-03
  -6.04042597E-03
  -6.82603894E-03
  -7.52104912E-03
  -8.11894238E-03
  -8.61446373E-03
  -9.00366064E-03
  -9.28390399E-03
  -9.45389457E-03
  -9.51366406E-03
  -9.46454238E-03
  -9.30912327E-03
  -9.05121118E-03
  -8.69575422E-03
  -8.24876409E-03
  -7.71722570E-03
  -7.10900221E-03
  -6.43271813E-03
  -5.69764990E-03
  -4.91359970E-03
  -4.09077248E-03
  -3.23964516E-03
  -2.37083971E-03
  -1.49499311E-03
  -6.22631283E-04
   2.35954110E-04
   1.07082340E-03
   1.87250052E-03
   2.63207708E-03
   3.34130810E-03
   3.99269816E-03
   4.57957806E-03
   5.09616686E-03
   5.53762773E-03
   5.90010732E-03
   6.18076511E-03
   6.37779059E-03
   6.49040425E-03
   6.51885243E-03
   6.46438636E-03
   6.32922817E-03
   6.11652900E-03
   5.83031727E-03
   5.47543354E-03
   5.05746016E-03
   4.58264258E-03
   4.05779993E-03
   3.49023892E-03
   2.88765202E-03
   2.25802138E-03
   1.60951435E-03
   9.50384536E-04
   2.88867013E-04
  -3.66920780E-04
  -1.00907660E-03
  -1.63000741E-03
  -2.22251774E-03
  -2.77989078E-03
  -3.29596596E-03
  -3.76520352E-03
  -4.18274570E-03
  -4.54446441E-03
  -4.84699989E-03
  -5.08779287E-03
  -5.26510179E-03
  -5.37801161E-03
  -5.42643154E-03
  -5.41108102E-03
  -5.33347204E-03
  -5.19587239E-03
  -5.00126695E-03
  -4.75330604E-03
  -4.45625093E-03
  -4.11490723E-03
  -3.73455696E-03
  -3.32088210E-03
  -2.87988666E-03
  -2.41781445E-03
  -1.94106647E-03
  -1.45611668E-03
  -9.69428336E-04
  -4.87372163E-04
  -1.61471598E-05
   4.38295334E-04
   8.70323100E-04
   1.27468887E-03
   1.64659112E-03
   1.98172638E-03
   2.27633677E-03
   2.52724718E-03
   2.73189670E-03
   2.88836006E-03
   2.99536204E-03
   3.05228168E-03
   3.05915065E-03
   3.01664067E-03
   2.92604510E-03
   2.78925197E-03
   2.60871043E-03
   2.38738977E-03
   2.12873612E-03
   1.83661666E-03
   1.51526753E-03
   1.16923265E-03
   8.03301518E-04
   4.22445388E-04
   3.17508275E-05
  -3.63646133E-04
  -7.58625742E-04
  -1.14814891E-03
  -1.52732001E-03
  -1.89144572E-03
  -2.23609246E-03
  -2.55713752E-03
  -2.85081659E-03
  -3.11376736E-03
  -3.34306364E-03
  -3.53624718E-03
  -3.69135127E-03
  -3.80691933E-03
  -3.88201326E-03
  -3.91622027E-03
  -3.90964700E-03
  -3.86291347E-03
  -3.77713516E-03
  -3.65390046E-03
  -3.49524547E-03
  -3.30361887E-03
  -3.08184605E-03
  -2.83308537E-03
  -2.56078457E-03
  -2.26862961E-03
  -1.96049549E-03
  -1.64039386E-03
  -1.31241779E-03
  -9.80688841E-04
  -6.49304362E-04
  -3.22284526E-04
  -3.52237953E-06
   3.03264096E-04
   5.94576646E-04
   8.67177790E-04
   1.11812807E-03
   1.34481804E-03
   1.54499640E-03
   1.71679212E-03
   1.85873185E-03
   1.96975120E-03
   2.04920070E-03
   2.09684647E-03
   2.11286522E-03
   2.09783367E-03
   2.05271388E-03
   1.97883253E-03
   1.87785749E-03
   1.75176864E-03
   1.60282571E-03
   1.43353455E-03
   1.24660868E-03
   1.04493008E-03
   8.31508776E-04
   6.09441136E-04
   3.81867721E-04
   1.51931759E-04
  -7.72616913E-05
  -3.02685134E-04
  -5.21426380E-04
  -7.30724307E-04
  -9.28001013E-04
  -1.11089204E-03
  -1.27727247E-03
  -1.42527989E-03
  -1.55333325E-03
  -1.66014757E-03
  -1.74474553E-03
  -1.80646311E-03
  -1.84495235E-03
  -1.86018029E-03
  -1.85242295E-03
  -1.82225567E-03
  -1.77054037E-03
  -1.69840839E-03
  -1.60724134E-03
  -1.49864843E-03
  -1.37444097E-03
  -1.23660511E-03
  -1.08727370E-03
  -9.28695081E-04
  -7.63201970E-04
  -5.93179429E-04
  -4.21033328E-04
  -2.49158242E-04
  -7.99066474E-05
   8.44411479E-05
   2.41705406E-04
   3.89833818E-04
   5.26926015E-04
   6.51255832E-04
   7.61290896E-04
   8.55709426E-04
   9.33413976E-04
   9.93541791E-04
   1.03547261E-03
   1.05883239E-03
   1.06349355E-03
   1.04957307E-03
   1.01742684E-03
   9.67640313E-04
   9.01017454E-04
   8.18566186E-04
   7.21481803E-04
   6.11127762E-04
   4.89015365E-04
   3.56781034E-04
   2.16162865E-04
   6.89762310E-05
  -8.29112905E-05
  -2.37605112E-04
  -3.93208698E-04
  -5.47848118E-04
  -6.99695898E-04
  -8.46993644E-04
  -9.88073414E-04
  -1.12137711E-03
  -1.24547456E-03
  -1.35907868E-03
  -1.46105979E-03
  -1.55045593E-03
  -1.62648153E-03
  -1.68853428E-03
  -1.73619785E-03
  -1.76924327E-03
  -1.78762712E-03
  -1.79148861E-03
  -1.78114255E-03
  -1.75707182E-03
  -1.71991636E-03
  -1.67046185E-03
  -1.60962588E-03
  -1.53844245E-03
  -1.45804649E-03
  -1.36965676E-03
  -1.27455755E-03
  -1.17408123E-03
  -1.06959022E-03
  -9.62457794E-04
  -8.54051439E-04
  -7.45714642E-04
  -6.38750498E-04
  -5.34406339E-04
  -4.33859153E-04
  -3.38202080E-04
  -2.48432800E-04
  -1.65443111E-04
  -9.00102095E-05
  -2.27898163E-05
   3.56891578E-05
   8.50280921E-05
   1.24960308E-04
   1.55351037E-04
   1.76195652E-04
   1.87616315E-04
   1.89856815E-04
   1.83276294E-04
   1.68341314E-04
   1.45616810E-04
   1.15756055E-04
   7.94895386E-05
   3.76132193E-05
  -9.02386000E-06
  -5.95323509E-05
  -1.12995629E-04
  -1.68482802E-04
  -2.25061711E-04
  -2.81811459E-04
  -3.37834528E-04
  -3.92268499E-04
  -4.44296718E-04
  -4.93158004E-04
  -5.38155786E-04
  -5.78665815E-04
  -6.14142278E-04
  -6.44123938E-04
  -6.68237451E-04
  -6.86200394E-04
  -6.97822252E-04
  -7.03005178E-04
  -7.01742072E-04
  -6.94114482E-04
  -6.80288940E-04
  -6.60512189E-04
  -6.35105651E-04
  -6.04458910E-04
  -5.69022202E-04
  -5.29298908E-04
  -4.85836674E-04
  -4.39219002E-04
  -3.90056201E-04
  -3.38976271E-04
  -2.86615919E-04
  -2.33611659E-04
  -1.80591465E-04
  -1.28166444E-04
  -7.69233156E-05
  -2.74173417E-05
   1.98339912E-05
   6.43565800E-05
   1.05724503E-04
   1.43563986E-04
   1.77556474E-04
   2.07440957E-04
   2.33015278E-04
   2.54136685E-04
   2.70721473E-04
   2.82743917E-04
   2.90234486E-04
   2.93277175E-04
   2.92006560E-04
   2.86603899E-04
   2.77293148E-04
   2.64336151E-04
   2.48027849E-04
   2.28691177E-04
   2.06671539E-04
   1.82331554E-04
   1.56045484E-04
   1.28193991E-04
   9.91587658E-05
   6.93175389E-05
   3.90392270E-05
   8.67949348E-06
  -2.14234697E-05
  -5.09526471E-05
  -7.96155728E-05
  -1.07147178E-04
  -1.33312191E-04
  -1.57906994E-04
  -1.80761126E-04
  -2.01738076E-04
  -2.20735790E-04
  -2.37686458E-04
  -2.52555998E-04
  -2.65343144E-04
  -2.76077772E-04
  -2.84819282E-04
  -2.91654374E-04
  -2.96694401E-04
  -3.00072774E-04
  -3.01941880E-04
  -3.02469882E-04
  -3.01837455E-04
  -3.00234329E-04
  -2.97855993E-04
  -2.94900150E-04
  -2.91563570E-04
  -2.88038835E-04
  -2.84511130E-04
  -2.81155750E-04
  -2.78135325E-04
  -2.75597558E-04
  -2.73673242E-04
  -2.72474543E-04
  -2.72093806E-04
  -2.72602541E-04
  -2.74050806E-04
  -2.76466948E-04
  -2.79857864E-04
  -2.84209353E-04
  -2.89486983E-04
  -2.95637117E-04
  -3.02588422E-04
  -3.10253410E-04
  -3.18530278E-04
  -3.27304966E-04
  -3.36453231E-04
  -3.45843000E-04
  -3.55336553E-04
  -3.64792882E-04
  -3.74070019E-04
  -3.83027131E-04
  -3.91526788E-04
  -3.99436831E-04
  -4.06632287E-04
  -4.12997179E-04
  -4.18425741E-04
  -4.22823767E-04
  -4.26109735E-04
  -4.28215659E-04
  -4.29087522E-04
  -4.28685773E-04
  -4.26985469E-04
  -4.23976162E-04
  -4.19661752E-04
  -4.14059934E-04
  -4.07201675E-04
  -3.99130513E-04
  -3.89901572E-04
  -3.79580655E-04
  -3.68243171E-04
  -3.55973141E-04
  -3.42861837E-04
  -3.29006609E-04
  -3.14509729E-04
  -2.99477251E-04
  -2.84017733E-04
  -2.68241012E-04
  -2.52257218E-04
  -2.36175692E-04
  -2.20103844E-04
  -2.04146374E-04
  -1.88404330E-04
  -1.72974222E-04
  -1.57947463E-04
  -1.43409619E-04
  -1.29439795E-04
  -1.16110255E-04
  -1.03485967E-04
  -9.16242279E-05
  -8.05744567E-05
  -7.03780024E-05
  -6.10680145E-05
  -5.26694603E-05
  -4.51991073E-05
  -3.86656575E-05
  -3.30699331E-05
  -2.84050730E-05
  -2.46568634E-05
  -2.18040823E-05
  -1.98189009E-05
  -1.86673406E-05
  -1.83097582E-05
  -1.87013848E-05
  -1.97928857E-05
  -2.15309519E-05
  -2.38588800E-05
  -2.67172345E-05
  -3.00444299E-05
  -3.37773672E-05
  -3.78520235E-05
  -4.22040612E-05
  -4.67693862E-05
  -5.14847088E-05
  -5.62880305E-05
  -6.11191426E-05
  -6.59200887E-05
  -7.06355131E-05
  -7.52130436E-05
  -7.96036838E-05
  -8.37619737E-05
  -8.76463309E-05
  -9.12192263E-05
  -9.44473722E-05
  -9.73018396E-05
  -9.97581592E-05
  -1.01796439E-04
  -1.03401435E-04
  -1.04562539E-04
  -1.05273793E-04
  -1.05533916E-04
  -1.05346277E-04
  -1.04718834E-04
  -1.03664119E-04
  -1.02199134E-04
  -1.00345271E-04
  -9.81282210E-05
  -9.55778087E-05
  -9.27278597E-05
  -8.96159836E-05
  -8.62833622E-05
  -8.27745098E-05
  -7.91369821E-05
  -7.54209905E-05
  -7.16790819E-05
  -6.79656659E-05
  -6.43366002E-05
  -6.08486589E-05
  -5.75590057E-05
  -5.45246148E-05
  -5.18016568E-05
  -4.94448941E-05
  -4.75070192E-05
  -4.60379997E-05
  -4.50844382E-05
  -4.46889171E-05
  -4.48893552E-05
  -4.57184397E-05
  -4.72030188E-05
  -4.93636471E-05
  -5.22140763E-05
  -5.57608837E-05
  -6.00031526E-05
  -6.49322465E-05
  -7.05316925E-05
  -7.67770543E-05
  -8.36360923E-05
  -9.10688177E-05
  -9.90277913E-05
  -1.07458436E-04
  -1.16299496E-04
  -1.25483537E-04
  -1.34937582E-04
  -1.44583770E-04
  -1.54340087E-04
  -1.64121288E-04
  -1.73839566E-04
  -1.83405660E-04
  -1.92729625E-04
  -2.01721807E-04
  -2.10293831E-04
  -2.18359506E-04
  -2.25835713E-04
  -2.32643331E-04
  -2.38708046E-04
  -2.43961273E-04
  -2.48340657E-04
  -2.51791032E-04
  -2.54264858E-04
  -2.55722727E-04
  -2.56133877E-04
  -2.55476509E-04
  -2.53738079E-04
  -2.50915502E-04
  -2.47015065E-04
  -2.42052629E-04
  -2.36053282E-04
  -2.29051293E-04
  -2.21089780E-04
  -2.12220271E-04
  -2.02502226E-04
  -1.92002524E-04
  -1.80794799E-04
  -1.68958752E-04
  -1.56579306E-04
  -1.43745841E-04
  -1.30551314E-04
  -1.17091302E-04
  -1.03463084E-04
  -8.97646605E-05
  -7.60937619E-05
  -6.25469038E-05
  -4.92183717E-05
  -3.61993189E-05
  -2.35768330E-05
  -1.14331069E-05
   1.55388676E-07
   1.11186282E-05
   2.13937001E-05
   3.09253701E-05
   3.96665855E-05
   4.75788547E-05
   5.46325355E-05
   6.08069968E-05
   6.60907099E-05
   7.04811828E-05
   7.39848183E-05
   7.66166413E-05
   7.83999494E-05
   7.93658255E-05
   7.95525921E-05
   7.90051417E-05
   7.77742316E-05
   7.59157192E-05
   7.34896967E-05
   7.05596467E-05
   6.71915259E-05
   6.34528769E-05
   5.94118574E-05
   5.51363846E-05
   5.06932447E-05
   4.61472300E-05
   4.15603645E-05
   3.69911177E-05
   3.24937500E-05
   2.81176945E-05
   2.39070250E-05
   1.99000351E-05
   1.61288754E-05
   1.26192954E-05
   9.39049187E-06
   6.45504815E-06
   3.81896461E-06
   1.48178799E-06
  -5.63185097E-07
  -2.32861362E-06
  -3.83273482E-06
  -5.09893243E-06
  -6.15522958E-06
  -7.03374417E-06
  -7.77007426E-06
  -8.40267967E-06
  -8.97220980E-06
  -9.52083155E-06
  -1.00915340E-05
  -1.07274400E-05
  -1.14711193E-05
  -1.23639284E-05
  -1.34453685E-05
  -1.47524752E-05
  -1.63192472E-05
  -1.81761297E-05
  -2.03495420E-05
  -2.28614590E-05
  -2.57290685E-05
  -2.89644904E-05
  -3.25745605E-05
  -3.65606938E-05
  -4.09188251E-05
  -4.56393936E-05
  -5.07074656E-05
  -5.61028501E-05
  -6.18003396E-05
  -6.77700009E-05
  -7.39775060E-05
  -8.03845760E-05
  -8.69494324E-05
  -9.36272845E-05
  -1.00370853E-04
  -1.07131033E-04
  -1.13857379E-04
  -1.20498808E-04
  -1.27004183E-04
  -1.33322959E-04
  -1.39405762E-04
  -1.45205020E-04
  -1.50675536E-04
  -1.55775007E-04
  -1.60464522E-04
  -1.64708996E-04
  -1.68477607E-04
  -1.71744134E-04
  -1.74487097E-04
  -1.76690111E-04
  -1.78341958E-04
  -1.79436669E-04
  -1.79973431E-04
  -1.79956653E-04
  -1.79395647E-04
  -1.78304603E-04
  -1.76702189E-04
  -1.74611268E-04
  -1.72058571E-04
  -1.69074192E-04
  -1.65691221E-04
  -1.61945252E-04
  -1.57873903E-04
  -1.53516274E-04
  -1.48912455E-04
  -1.44103018E-04
  -1.39128504E-04
  -1.34028989E-04
  -1.28843603E-04
  -1.23610109E-04
  -1.18364464E-04
  -1.13140544E-04
  -1.07969754E-04
  -1.02880811E-04
  -9.78995013E-05
  -9.30484966E-05
  -8.83472458E-05
  -8.38119013E-05
  -7.94552325E-05
  -7.52867272E-05
  -7.13125773E-05
  -6.75357951E-05
  -6.39563659E-05
  -6.05713976E-05
  -5.73753241E-05
  -5.43601091E-05
  -5.15155079E-05
  -4.88293445E-05
  -4.62877542E-05
  -4.38754942E-05
  -4.15762443E-05
  -3.93728806E-05
  -3.72478316E-05
  -3.51833405E-05
  -3.31617630E-05
  -3.11658987E-05
  -2.91792330E-05
  -2.71862191E-05
  -2.51725123E-05
  -2.31252088E-05
  -2.10330454E-05
  -1.88865633E-05
  -1.66782829E-05
  -1.44028108E-05
  -1.20569475E-05
  -9.63973525E-06
  -7.15250007E-06
  -4.59885405E-06
  -1.98466091E-06
   6.82018197E-07
   3.39101803E-06
   6.13017892E-06
   8.88548857E-06
   1.16412575E-05
   1.43803045E-05
   1.70841831E-05
   1.97334030E-05
   2.23076877E-05
   2.47862372E-05
   2.71480021E-05
   2.93719513E-05
   3.14373610E-05
   3.33240750E-05
   3.50127702E-05
   3.64852021E-05
   3.77244723E-05
   3.87151995E-05
   3.94437338E-05
   3.98983284E-05
   4.00692661E-05
   3.99489691E-05
   3.95320785E-05
   3.88155167E-05
   3.77984761E-05
   3.64824264E-05
   3.48710637E-05
   3.29702525E-05
   3.07879127E-05
   2.83339396E-05
   2.56200310E-05
   2.26595548E-05
   1.94673885E-05
   1.60597319E-05
   1.24539283E-05
   8.66827941E-06
   4.72186639E-06
   6.34353967E-07
  -3.57417480E-06
  -7.88339548E-06
  -1.22729034E-05
  -1.67223570E-05
  -2.12116174E-05
  -2.57208594E-05
  -3.02306762E-05
  -3.47221685E-05
  -3.91770300E-05
  -4.35775801E-05
  -4.79068549E-05
  -5.21486290E-05
  -5.62874447E-05
  -6.03086555E-05
  -6.41984298E-05
  -6.79437726E-05
  -7.15325514E-05
  -7.49534884E-05
  -7.81962226E-05
  -8.12512226E-05
  -8.41098954E-05
  -8.67645140E-05
  -8.92082971E-05
  -9.14353877E-05
  -9.34408599E-05
  -9.52207265E-05
  -9.67719825E-05
  -9.80925906E-05
  -9.91814886E-05
  -1.00038589E-04
  -1.00664845E-04
  -1.01062171E-04
  -1.01233469E-04
  -1.01182610E-04
  -1.00914425E-04
  -1.00434670E-04
  -9.97500174E-05
  -9.88679822E-05
  -9.77968812E-05
  -9.65458021E-05
  -9.51245383E-05
  -9.35434946E-05
  -9.18136502E-05
  -8.99464721E-05
  -8.79538420E-05
  -8.58480053E-05
  -8.36414692E-05
  -8.13469451E-05
  -7.89772894E-05
  -7.65454097E-05
  -7.40642354E-05
  -7.15466231E-05
  -6.90052912E-05
  -6.64528052E-05
  -6.39014470E-05
  -6.13632365E-05
  -5.88498224E-05
  -5.63724388E-05
  -5.39418543E-05
  -5.15683241E-05
  -4.92615400E-05
  -4.70305422E-05
  -4.48837200E-05
  -4.28287203E-05
  -4.08724118E-05
  -3.90208443E-05
  -3.72792019E-05
  -3.56517739E-05
  -3.41419181E-05
  -3.27520247E-05
  -3.14835270E-05
  -3.03368597E-05
  -2.93114826E-05
  -2.84058660E-05
  -2.76175288E-05
  -2.69430511E-05
  -2.63781239E-05
  -2.59175904E-05
  -2.55555206E-05
  -2.52852769E-05
  -2.50995890E-05
  -2.49906570E-05
  -2.49502464E-05
  -2.49698023E-05
  -2.50405556E-05
  -2.51536349E-05
  -2.53001836E-05
  -2.54714705E-05
  -2.56590156E-05
  -2.58546825E-05
  -2.60507750E-05
  -2.62401209E-05
  -2.64161354E-05
  -2.65729086E-05
  -2.67052092E-05
  -2.68085332E-05
  -2.68791064E-05
  -2.69138982E-05
  -2.69105949E-05
  -2.68675758E-05
  -2.67838732E-05
  -2.66591233E-05
  -2.64935024E-05
  -2.62876711E-05
  -2.60427078E-05
  -2.57600404E-05
  -2.54413808E-05
  -2.50886587E-05
  -2.47039516E-05
  -2.42894293E-05
  -2.38473003E-05
  -2.33797691E-05
  -2.28889949E-05
  -2.23770694E-05
  -2.18460063E-05
  -2.12977211E-05
  -2.07340418E-05
  -2.01567073E-05
  -1.95674002E-05
  -1.89677576E-05
  -1.83594220E-05
  -1.77440652E-05
  -1.71234205E-05
  -1.64993253E-05
  -1.58737566E-05
  -1.52488647E-05
  -1.46269958E-05
  -1.40107195E-05
  -1.34028342E-05
  -1.28063930E-05
  -1.22246975E-05
  -1.16613010E-05
  -1.11200043E-05
  -1.06048419E-05
  -1.01200585E-05
  -9.67009237E-06
  -9.25954009E-06
  -8.89312741E-06
  -8.57567375E-06
  -8.31205307E-06
  -8.10715301E-06
  -7.96583390E-06
  -7.89287697E-06
  -7.89294518E-06
  -7.97053599E-06
  -8.12993767E-06
  -8.37518655E-06
  -8.71002339E-06
  -9.13784788E-06
  -9.66168045E-06
  -1.02841286E-05
  -1.10073415E-05
  -1.18329745E-05
  -1.27621570E-05
  -1.37954603E-05
  -1.49328589E-05
  -1.61737007E-05
  -1.75166751E-05
  -1.89597831E-05
  -2.05003198E-05
  -2.21348473E-05
  -2.38591911E-05
  -2.56684107E-05
  -2.75568127E-05
  -2.95179452E-05
  -3.15446196E-05
  -3.36289304E-05
  -3.57622739E-05
  -3.79353914E-05
  -4.01384386E-05
  -4.23610181E-05
  -4.45922669E-05
  -4.68209291E-05
  -4.90354287E-05
  -5.12239676E-05
  -5.33746206E-05
  -5.54754333E-05
  -5.75145277E-05
  -5.94802186E-05
  -6.13610900E-05
  -6.31461444E-05
  -6.48248752E-05
  -6.63873507E-05
  -6.78243450E-05
  -6.91273744E-05
  -7.02888065E-05
  -7.13019253E-05
  -7.21609613E-05
  -7.28611267E-05
  -7.33986817E-05
  -7.37709415E-05
  -7.39762399E-05
  -7.40139512E-05
  -7.38844828E-05
  -7.35892172E-05
  -7.31305045E-05
  -7.25115751E-05
  -7.17365183E-05
  -7.08102089E-05
  -6.97382420E-05
  -6.85268533E-05
  -6.71828529E-05
  -6.57135533E-05
  -6.41266815E-05
  -6.24303138E-05
  -6.06327703E-05
  -5.87425784E-05
  -5.67683710E-05
  -5.47188465E-05
  -5.26026670E-05
  -5.04284108E-05
  -4.82045252E-05
  -4.59392431E-05
  -4.36405317E-05
  -4.13160597E-05
  -3.89731358E-05
  -3.66186650E-05
  -3.42591011E-05
  -3.19004321E-05
  -2.95481314E-05
  -2.72071411E-05
  -2.48818451E-05
  -2.25760541E-05
  -2.02929969E-05
  -1.80353127E-05
  -1.58050534E-05
  -1.36037024E-05
  -1.14321829E-05
  -9.29088128E-06
  -7.17967987E-06
  -5.09799020E-06
  -3.04479363E-06
  -1.01869557E-06
   9.82022698E-07
   2.95934274E-06
   4.91545188E-06
   6.85267742E-06
   8.77341699E-06
   1.06800726E-05
   1.25749839E-05
   1.44603709E-05
   1.63382629E-05
   1.82104450E-05
   2.00784070E-05
   2.19432786E-05
   2.38058001E-05
   2.56662788E-05
   2.75245784E-05
   2.93800749E-05
   3.12316770E-05
   3.30777984E-05
   3.49163856E-05
   3.67449211E-05
   3.85604362E-05
   4.03595732E-05
   4.21385739E-05
   4.38933566E-05
   4.56195194E-05
   4.73124273E-05
   4.89672275E-05
   5.05788994E-05
   5.21423026E-05
   5.36522275E-05
   5.51034245E-05
   5.64906732E-05
   5.78087929E-05
   5.90527161E-05
   6.02175060E-05
   6.12983858E-05
   6.22907901E-05
   6.31903895E-05
   6.39931022E-05
   6.46951230E-05
   6.52929593E-05
   6.57834389E-05
   6.61637387E-05
   6.64313775E-05
   6.65842308E-05
   6.66205742E-05
   6.65390835E-05
   6.63387982E-05
   6.60191945E-05
   6.55801414E-05
   6.50219299E-05
   6.43452877E-05
   6.35513352E-05
   6.26416440E-05
   6.16181424E-05
   6.04831948E-05
   5.92395409E-05
   5.78902691E-05
   5.64388283E-05
   5.48889730E-05
   5.32447411E-05
   5.15104366E-05
   4.96905850E-05
   4.77898757E-05
   4.58131581E-05
   4.37653835E-05
   4.16515650E-05
   3.94767376E-05
   3.72459108E-05
   3.49640432E-05
   3.26359914E-05
   3.02664830E-05
   2.78600837E-05
   2.54211554E-05
   2.29538509E-05
   2.04620628E-05
   1.79494200E-05
   1.54192712E-05
   1.28746724E-05
   1.03183829E-05
   7.75286480E-06
   5.18028219E-06
   2.60250636E-06
   2.11323616E-08
  -2.56251337E-06
  -5.14735711E-06
  -7.73255215E-06
  -1.03174580E-05
  -1.29016134E-05
  -1.54847112E-05
  -1.80665647E-05
  -2.06470668E-05
  -2.32261664E-05
  -2.58038253E-05
  -2.83799818E-05
  -3.09545176E-05
  -3.35272234E-05
  -3.60977647E-05
  -3.86656247E-05
  -4.12301088E-05
  -4.37902745E-05
  -4.63449214E-05
  -4.88925616E-05
  -5.14313833E-05
  -5.39592402E-05
  -5.64736365E-05
  -5.89716874E-05
  -6.14501478E-05
  -6.39053833E-05
  -6.63333922E-05
  -6.87297870E-05
  -7.10898530E-05
  -7.34084970E-05
  -7.56803420E-05
  -7.78997055E-05
  -8.00606649E-05
  -8.21570575E-05
  -8.41825677E-05
  -8.61307490E-05
  -8.79950530E-05
  -8.97689388E-05
  -9.14458724E-05
  -9.30193710E-05
  -9.44830826E-05
  -9.58308374E-05
  -9.70566834E-05
  -9.81549019E-05
  -9.91201159E-05
  -9.99472686E-05
  -1.00631689E-04
  -1.01169106E-04
  -1.01555692E-04
  -1.01788071E-04
  -1.01863348E-04
  -1.01779115E-04
  -1.01533478E-04
  -1.01125042E-04
  -1.00552941E-04
  -9.98168543E-05
  -9.89169639E-05
  -9.78539683E-05
  -9.66291336E-05
  -9.52442206E-05
  -9.37015138E-05
  -9.20038146E-05
  -9.01544336E-05
  -8.81571978E-05
  -8.60164146E-05
  -8.37368862E-05
  -8.13238876E-05
  -7.87831741E-05
  -7.61209594E-05
  -7.33438937E-05
  -7.04590639E-05
  -6.74739567E-05
  -6.43964377E-05
  -6.12347358E-05
  -5.79974112E-05
  -5.46933370E-05
  -5.13316481E-05
  -4.79217051E-05
  -4.44730576E-05
  -4.09954228E-05
  -3.74985975E-05
  -3.39924518E-05
  -3.04868518E-05
  -2.69916291E-05
  -2.35165353E-05
  -2.00711856E-05
  -1.66650170E-05
  -1.33072590E-05
  -1.00068819E-05
  -6.77257503E-06
  -3.61270895E-06
  -5.35300387E-07
   2.45200226E-06
   5.34194942E-06
   8.12770577E-06
   1.08028789E-05
   1.33615222E-05
   1.57981558E-05
   1.81077885E-05
   2.02859173E-05
   2.23285442E-05
   2.42321930E-05
   2.59939061E-05
   2.76112623E-05
   2.90823718E-05
   3.04058958E-05
   3.15810248E-05
   3.26075242E-05
   3.34856704E-05
   3.42163148E-05
   3.48008325E-05
   3.52411407E-05
   3.55396842E-05
   3.56994278E-05
   3.57238168E-05
   3.56167875E-05
   3.53827090E-05
   3.50263945E-05
   3.45530243E-05
   3.39681355E-05
   3.32775599E-05
   3.24873909E-05
   3.16039332E-05
   3.06336442E-05
   2.95830851E-05
   2.84588641E-05
   2.72675952E-05
   2.60158231E-05
   2.47099979E-05
   2.33564115E-05
   2.19611666E-05
   2.05301512E-05
   1.90689952E-05
   1.75830519E-05
   1.60773816E-05
   1.45567274E-05
   1.30255230E-05
   1.14878812E-05
   9.94759648E-06
   8.40815028E-06
   6.87272586E-06
   5.34422497E-06
   3.82528015E-06
   2.31827653E-06
   8.25377185E-07
  -6.51459743E-07
  -2.11045540E-06
  -3.54998679E-06
  -4.96855409E-06
  -6.36476034E-06
  -7.73728971E-06
  -9.08487618E-06
  -1.04062892E-05
  -1.17003201E-05
  -1.29657574E-05
  -1.42013832E-05
  -1.54059508E-05
  -1.65781803E-05
  -1.77167458E-05
  -1.88202703E-05
  -1.98873313E-05
  -2.09164318E-05
  -2.19060075E-05
  -2.28544122E-05
  -2.37599052E-05
  -2.46206600E-05
  -2.54347378E-05
  -2.62001031E-05
  -2.69146039E-05
  -2.75759739E-05
  -2.81818266E-05
  -2.87296589E-05
  -2.92168679E-05
  -2.96407488E-05
  -2.99985059E-05
  -3.02872722E-05
  -3.05041249E-05
  -3.06461116E-05
  -3.07102673E-05
  -3.06936417E-05
  -3.05933245E-05
  -3.04064943E-05
  -3.01304317E-05
  -2.97625757E-05
  -2.93005542E-05
  -2.87422172E-05
  -2.80856711E-05
  -2.73293281E-05
  -2.64719420E-05
  -2.55126433E-05
  -2.44509756E-05
  -2.32869315E-05
  -2.20209822E-05
  -2.06541044E-05
  -1.91878062E-05
  -1.76241338E-05
  -1.59656956E-05
  -1.42156769E-05
  -1.23778309E-05
  -1.04564888E-05
  -8.45655995E-06
  -6.38351594E-06
  -4.24337577E-06
  -2.04269486E-06
   2.11458186E-07
   2.51152574E-06
   4.84948532E-06
   7.21687502E-06
   9.60483794E-06
   1.20041504E-05
   1.44052574E-05
   1.67983289E-05
   1.91732997E-05
   2.15199216E-05
   2.38278062E-05
   2.60864927E-05
   2.82855035E-05
   3.04144032E-05
   3.24628600E-05
   3.44207037E-05
   3.62780156E-05
   3.80251440E-05
   3.96528303E-05
   4.11522196E-05
   4.25149592E-05
   4.37332419E-05
   4.47998718E-05
   4.57083152E-05
   4.64527657E-05
   4.70281666E-05
   4.74302833E-05
   4.76557434E-05
   4.77020621E-05
   4.75676570E-05
   4.72519132E-05
   4.67551617E-05
   4.60787232E-05
   4.52248933E-05
   4.41969496E-05
   4.29991560E-05
   4.16367220E-05
   4.01157995E-05
   3.84434679E-05
   3.66276799E-05
   3.46772104E-05
   3.26016379E-05
   3.04112546E-05
   2.81170269E-05
   2.57305128E-05
   2.32638031E-05
   2.07294343E-05
   1.81403138E-05
   1.55096222E-05
   1.28507454E-05
   1.01771748E-05
   7.50241406E-06
   4.83990334E-06
   2.20292281E-06
  -3.95491895E-07
  -2.94264669E-06
  -5.42626549E-06
  -7.83456926E-06
  -1.01563528E-05
  -1.23810578E-05
  -1.44988417E-05
  -1.65006404E-05
  -1.83782158E-05
  -2.01242055E-05
  -2.17321649E-05
  -2.31965932E-05
  -2.45129722E-05
  -2.56777548E-05
  -2.66883944E-05
  -2.75433249E-05
  -2.82419605E-05
  -2.87846669E-05
  -2.91727429E-05
  -2.94083766E-05
  -2.94946040E-05
  -2.94352667E-05
  -2.92349614E-05
  -2.88989722E-05
  -2.84332236E-05
  -2.78442112E-05
  -2.71389345E-05
  -2.63248385E-05
  -2.54097449E-05
  -2.44017920E-05
  -2.33093506E-05
  -2.21409646E-05
  -2.09052978E-05
  -1.96110341E-05
  -1.82668555E-05
  -1.68813549E-05
  -1.54629852E-05
  -1.40200063E-05
  -1.25604274E-05
  -1.10919664E-05
  -9.62200920E-06
  -8.15756175E-06
  -6.70522741E-06
  -5.27117027E-06
  -3.86109195E-06
  -2.48020456E-06
  -1.13322972E-06
   1.75624180E-07
   1.44266630E-06
   2.66472716E-06
   3.83915403E-06
   4.96380244E-06
   6.03703029E-06
   7.05768116E-06
   8.02506202E-06
   8.93891593E-06
   9.79940160E-06
   1.06070584E-05
   1.13627757E-05
   1.20677505E-05
   1.27234471E-05
   1.33315671E-05
   1.38940013E-05
   1.44127926E-05
   1.48901017E-05
