   0.00000000    
   0.00000000    
   0.00000000    
   0.00000000    
   0.00000000    
  -1.70088112E-29
  -5.04045086E-29
  -1.53323512E-28
  -1.57541830E-27
  -7.97040484E-27
  -1.05132479E-26
   9.99137080E-26
   8.07867868E-25
   3.55366771E-24
   1.15128585E-23
   2.97485096E-23
   6.24397543E-23
   1.02693755E-22
   1.08226933E-22
  -4.42429957E-23
  -6.28602033E-22
  -2.15219450E-21
  -5.41481961E-21
  -1.14660481E-20
  -2.13322319E-20
  -3.53369910E-20
  -5.18198798E-20
  -6.51045620E-20
  -6.27251705E-20
  -2.22313158E-20
   9.16149057E-20
   3.27773911E-19
   7.45755435E-19
   1.40537407E-18
   2.34601367E-18
   3.55207733E-18
   4.90226439E-18
   6.10242364E-18
   6.60514845E-18
   5.52389311E-18
   1.55486742E-18
  -7.07451099E-18
  -2.26074136E-17
  -4.76845370E-17
  -8.51733517E-17
  -1.37884682E-16
  -2.08176240E-16
  -2.97464074E-16
  -4.05690348E-16
  -5.30827289E-16
  -6.68528324E-16
  -8.12065415E-16
  -9.52708884E-16
  -1.08070933E-15
  -1.18702911E-15
  -1.26593108E-15
  -1.31848789E-15
  -1.35700332E-15
  -1.41027248E-15
  -1.52955272E-15
  -1.79508071E-15
  -2.32299146E-15
  -3.27256198E-15
  -4.85385242E-15
  -7.33605156E-15
  -1.10571376E-14
  -1.64358832E-14
  -2.39876749E-14
  -3.43462543E-14
  -4.82939426E-14
  -6.68038690E-14
  -9.10981970E-14
  -1.22727891E-13
  -1.63680064E-13
  -2.16521679E-13
  -2.84589897E-13
  -3.72243306E-13
  -4.85192778E-13
  -6.30936818E-13
  -8.19335973E-13
  -1.06337205E-12
  -1.38015359E-12
  -1.79225081E-12
  -2.32946952E-12
  -3.03121113E-12
  -3.94960713E-12
  -5.15368520E-12
  -6.73488565E-12
  -8.81436070E-12
  -1.15526052E-11
  -1.51621129E-11
  -1.99240121E-11
  -2.62097809E-11
  -3.45096000E-11
  -4.54692221E-11
  -5.99377284E-11
  -7.90293039E-11
  -1.04202834E-10
  -1.37364051E-10
  -1.80996440E-10
  -2.38328385E-10
  -3.13545578E-10
  -4.12060774E-10
  -5.40854417E-10
  -7.08903991E-10
  -9.27723343E-10
  -1.21203758E-09
  -1.58062430E-09
  -2.05736073E-09
  -2.67251976E-09
  -3.46437212E-09
  -4.48115633E-09
  -5.78349901E-09
  -7.44736539E-09
  -9.56766932E-09
  -1.22626407E-08
  -1.56791238E-08
  -1.99989625E-08
  -2.54466777E-08
  -3.22986722E-08
  -4.08942107E-08
  -5.16484917E-08
  -6.50681713E-08
  -8.17696630E-08
  -1.02500728E-07
  -1.28165851E-07
  -1.59855844E-07
  -1.98882375E-07
  -2.46818161E-07
  -3.05543267E-07
  -3.77298846E-07
  -4.64748524E-07
  -5.71048815E-07
  -6.99929785E-07
  -8.55785743E-07
  -1.04377898E-06
  -1.26995633E-06
  -1.54137979E-06
  -1.86627256E-06
  -2.25418330E-06
  -2.71616500E-06
  -3.26497707E-06
  -3.91530330E-06
  -4.68399367E-06
  -5.59032651E-06
  -6.65629204E-06
  -7.90689955E-06
  -9.37050845E-06
  -1.10791771E-05
  -1.30690441E-05
  -1.53807068E-05
  -1.80596599E-05
  -2.11567040E-05
  -2.47284024E-05
  -2.88375377E-05
  -3.35535769E-05
  -3.89531488E-05
  -4.51205015E-05
  -5.21479778E-05
  -6.01364518E-05
  -6.91957684E-05
  -7.94451335E-05
  -9.10134913E-05
  -1.04039842E-04
  -1.18673532E-04
  -1.35074457E-04
  -1.53413159E-04
  -1.73870983E-04
  -1.96639929E-04
  -2.21922586E-04
  -2.49931909E-04
  -2.80890934E-04
  -3.15032055E-04
  -3.52596777E-04
  -3.93834809E-04
  -4.39003168E-04
  -4.88365244E-04
  -5.42189635E-04
  -6.00748870E-04
  -6.64318155E-04
  -7.33173452E-04
  -8.07590317E-04
  -8.87841685E-04
  -9.74196126E-04
  -1.06691616E-03
  -1.16625556E-03
  -1.27245730E-03
  -1.38575176E-03
  -1.50635419E-03
  -1.63446215E-03
  -1.77025376E-03
  -1.91388384E-03
  -2.06548348E-03
  -2.22515617E-03
  -2.39297538E-03
  -2.56898324E-03
  -2.75318651E-03
  -2.94555491E-03
  -3.14601953E-03
  -3.35446815E-03
  -3.57074523E-03
  -3.79464682E-03
  -4.02591983E-03
  -4.26426018E-03
  -4.50930605E-03
  -4.76064021E-03
  -5.01778303E-03
  -5.28019248E-03
  -5.54725854E-03
  -5.81830367E-03
  -6.09257445E-03
  -6.36924384E-03
  -6.64740521E-03
  -6.92606810E-03
  -7.20415870E-03
  -7.48051191E-03
  -7.75387324E-03
  -8.02289229E-03
  -8.28612503E-03
  -8.54202639E-03
  -8.78895167E-03
  -9.02515650E-03
  -9.24879499E-03
  -9.45791975E-03
  -9.65048466E-03
  -9.82434768E-03
  -9.97727457E-03
  -1.01069370E-02
  -1.02109304E-02
  -1.02867698E-02
  -1.03319036E-02
  -1.03437230E-02
  -1.03195729E-02
  -1.02567635E-02
  -1.01525877E-02
  -1.00043286E-02
  -9.80928633E-03
  -9.56478808E-03
  -9.26821120E-03
  -8.91699921E-03
  -8.50868598E-03
  -8.04091524E-03
  -7.51146348E-03
  -6.91825943E-03
  -6.25940785E-03
  -5.53321047E-03
  -4.73818881E-03
  -3.87310307E-03
  -2.93697370E-03
  -1.92909990E-03
  -8.49078118E-04
   3.03181383E-04
   1.52743957E-03
   2.82311370E-03
   4.18926589E-03
   5.62459277E-03
   7.12741585E-03
   8.69567413E-03
   1.03269201E-02
   1.20183164E-02
   1.37666324E-02
   1.55682415E-02
   1.74191352E-02
   1.93149019E-02
   2.12507602E-02
   2.32215375E-02
   2.52216998E-02
   2.72453427E-02
   2.92862058E-02
   3.13376896E-02
   3.33928615E-02
   3.54444757E-02
   3.74849662E-02
   3.95064950E-02
   4.15009484E-02
   4.34599519E-02
   4.53748927E-02
   4.72369827E-02
   4.90372181E-02
   5.07664531E-02
   5.24154156E-02
   5.39747551E-02
   5.54350466E-02
   5.67868687E-02
   5.80208302E-02
   5.91276176E-02
   6.00980446E-02
   6.09231070E-02
   6.15940467E-02
   6.21024296E-02
   6.24401644E-02
   6.25996292E-02
   6.25736862E-02
   6.23557828E-02
   6.19400479E-02
   6.13213032E-02
   6.04951978E-02
   5.94582409E-02
   5.82078882E-02
   5.67426085E-02
   5.50619513E-02
   5.31665832E-02
   5.10583632E-02
   4.87403721E-02
   4.62169349E-02
   4.34936918E-02
   4.05775644E-02
   3.74767855E-02
   3.42008919E-02
   3.07607017E-02
   2.71682926E-02
   2.34369449E-02
   1.95811000E-02
   1.56162856E-02
   1.15590375E-02
   7.42681231E-03
   3.23788240E-03
  -9.88774118E-04
  -5.23359422E-03
  -9.47655924E-03
  -1.36973271E-02
  -1.78753808E-02
  -2.19901633E-02
  -2.60212328E-02
  -2.99484041E-02
  -3.37519012E-02
  -3.74125019E-02
  -4.09116782E-02
  -4.42317389E-02
  -4.73559611E-02
  -5.02687059E-02
  -5.29555269E-02
  -5.54033071E-02
  -5.76003231E-02
  -5.95363416E-02
  -6.12026900E-02
  -6.25923350E-02
  -6.36998937E-02
  -6.45216778E-02
  -6.50557429E-02
  -6.53018653E-02
  -6.52615651E-02
  -6.49380535E-02
  -6.43362477E-02
  -6.34627193E-02
  -6.23255894E-02
  -6.09345511E-02
  -5.93007430E-02
  -5.74366860E-02
  -5.53561859E-02
  -5.30742444E-02
  -5.06069623E-02
  -4.79713976E-02
  -4.51854914E-02
  -4.22679186E-02
  -3.92379574E-02
  -3.61153856E-02
  -3.29203233E-02
  -2.96731070E-02
  -2.63941586E-02
  -2.31038462E-02
  -1.98223386E-02
  -1.65694822E-02
  -1.33646633E-02
  -1.02266762E-02
  -7.17360154E-03
  -4.22267942E-03
  -1.39019557E-03
   1.30862603E-03
   3.85972741E-03
   6.25030976E-03
   8.46891664E-03
   1.05055086E-02
   1.23515259E-02
   1.39999390E-02
   1.54452901E-02
   1.66837238E-02
   1.77129898E-02
   1.85324494E-02
   1.91430636E-02
   1.95473693E-02
   1.97494384E-02
   1.97548140E-02
   1.95704624E-02
   1.92046855E-02
   1.86670348E-02
   1.79682169E-02
   1.71199776E-02
   1.61349978E-02
   1.50267640E-02
   1.38094407E-02
   1.24977361E-02
   1.11067696E-02
   9.65193007E-03
   8.14874377E-03
   6.61272835E-03
   5.05926646E-03
   3.50347091E-03
   1.96005660E-03
   4.43222118E-04
  -1.03346608E-03
  -2.45717820E-03
  -3.81592032E-03
  -5.09862229E-03
  -6.29521580E-03
  -7.39670126E-03
  -8.39520805E-03
  -9.28403717E-03
  -1.00576971E-02
  -1.07119307E-02
  -1.12437196E-02
  -1.16512906E-02
  -1.19341034E-02
  -1.20928278E-02
  -1.21293170E-02
  -1.20465597E-02
  -1.18486322E-02
  -1.15406392E-02
  -1.11286398E-02
  -1.06195798E-02
  -1.00211985E-02
  -9.34194773E-03
  -8.59089289E-03
  -7.77761266E-03
  -6.91210106E-03
  -6.00465527E-03
  -5.06577455E-03
  -4.10604849E-03
  -3.13605089E-03
  -2.16623349E-03
  -1.20682328E-03
  -2.67721625E-04
   6.41592080E-04
   1.51215005E-03
   2.33558053E-03
   3.10418569E-03
   3.81100853E-03
   4.44989651E-03
   5.01554925E-03
   5.50356368E-03
   5.91046317E-03
   6.23371825E-03
   6.47175824E-03
   6.62397221E-03
   6.69069588E-03
   6.67319028E-03
   6.57361327E-03
   6.39497768E-03
   6.14110287E-03
   5.81655605E-03
   5.42658847E-03
   4.97706328E-03
   4.47437912E-03
   3.92538682E-03
   3.33730830E-03
   2.71764467E-03
   2.07408867E-03
   1.41443557E-03
   7.46493752E-04
   7.79979600E-05
  -5.83475863E-04
  -1.23059063E-03
  -1.85632554E-03
  -2.45404686E-03
  -3.01757432E-03
  -3.54123930E-03
  -4.01993608E-03
  -4.44917241E-03
  -4.82509704E-03
  -5.14453743E-03
  -5.40501764E-03
  -5.60477143E-03
  -5.74274780E-03
  -5.81861008E-03
  -5.83272334E-03
  -5.78613719E-03
  -5.68056293E-03
  -5.51833957E-03
  -5.30239940E-03
  -5.03621995E-03
  -4.72378079E-03
  -4.36950801E-03
  -3.97821749E-03
  -3.55505571E-03
  -3.10543622E-03
  -2.63497443E-03
  -2.14942312E-03
  -1.65460492E-03
  -1.15634687E-03
  -6.60414284E-04
  -1.72447268E-04
   3.02101107E-04
   7.58023234E-04
   1.19041244E-03
   1.59471377E-03
   1.96677167E-03
   2.30287062E-03
   2.59977044E-03
   2.85473769E-03
   3.06556933E-03
   3.23061016E-03
   3.34876333E-03
   3.41949519E-03
   3.44283320E-03
   3.41935572E-03
   3.35017825E-03
   3.23693175E-03
   3.08173499E-03
   2.88716122E-03
   2.65620183E-03
   2.39222287E-03
   2.09892029E-03
   1.78026909E-03
   1.44047197E-03
   1.08390534E-03
   7.15063827E-04
   3.38504382E-04
  -4.12091831E-05
  -4.19561198E-04
  -7.92137347E-04
  -1.15467608E-03
  -1.50311610E-03
  -1.83364283E-03
  -2.14272854E-03
  -2.42716935E-03
  -2.68411776E-03
  -2.91110994E-03
  -3.10608768E-03
  -3.26741487E-03
  -3.39388917E-03
  -3.48474761E-03
  -3.53966700E-03
  -3.55875795E-03
  -3.54255573E-03
  -3.49200470E-03
  -3.40843876E-03
  -3.29355709E-03
  -3.14939627E-03
  -2.97829905E-03
  -2.78287916E-03
  -2.56598578E-03
  -2.33066361E-03
  -2.08011200E-03
  -1.81764504E-03
  -1.54664752E-03
  -1.27053389E-03
  -9.92706860E-04
  -7.16516632E-04
  -4.45221958E-04
  -1.81952681E-04
   7.03252372E-05
   3.08842136E-04
   5.31053869E-04
   7.34668400E-04
   9.17668222E-04
   1.07832975E-03
   1.21523801E-03
   1.32729858E-03
   1.41374441E-03
   1.47413893E-03
   1.50837551E-03
   1.51667278E-03
   1.49956532E-03
   1.45789247E-03
   1.39278173E-03
   1.30563031E-03
   1.19808246E-03
   1.07200595E-03
   9.29464062E-04
   7.72687141E-04
   6.04041852E-04
   4.25999635E-04
   2.41103902E-04
   5.19371606E-05
  -1.38911957E-04
  -3.28881346E-04
  -5.15467022E-04
  -6.96253672E-04
  -8.68943811E-04
  -1.03138457E-03
  -1.18159247E-03
  -1.31777627E-03
  -1.43835554E-03
  -1.54197798E-03
  -1.62753218E-03
  -1.69415853E-03
  -1.74125494E-03
  -1.76848075E-03
  -1.77575671E-03
  -1.76326116E-03
  -1.73142378E-03
  -1.68091559E-03
  -1.61263638E-03
  -1.52769929E-03
  -1.42741331E-03
  -1.31326262E-03
  -1.18688506E-03
  -1.05004897E-03
  -9.04627494E-04
  -7.52574007E-04
  -5.95895282E-04
  -4.36625618E-04
  -2.76800420E-04
  -1.18430486E-04
   3.65227679E-05
   1.86171223E-04
   3.28722323E-04
   4.62499913E-04
   5.85963135E-04
   6.97723066E-04
   7.96557579E-04
   8.81423184E-04
   9.51465045E-04
   1.00602407E-03
   1.04464206E-03
   1.06706272E-03
   1.07323204E-03
   1.06329517E-03
   1.03759090E-03
   9.96644492E-04
   9.41157283E-04
   8.71995755E-04
   7.90177495E-04
   6.96856237E-04
   5.93305507E-04
   4.80901013E-04
   3.61102022E-04
   2.35431929E-04
   1.05458894E-04
  -2.72242669E-05
  -1.61019809E-04
  -2.94344849E-04
  -4.25650214E-04
  -5.53439022E-04
  -6.76284079E-04
  -7.92843988E-04
  -9.01878462E-04
  -1.00226176E-03
  -1.09299482E-03
  -1.17321487E-03
  -1.24220469E-03
  -1.29939814E-03
  -1.34438521E-03
  -1.37691444E-03
  -1.39689341E-03
  -1.40438683E-03
  -1.39961368E-03
  -1.38294091E-03
  -1.35487749E-03
  -1.31606439E-03
  -1.26726460E-03
  -1.20935135E-03
  -1.14329532E-03
  -1.07014994E-03
  -9.91036999E-04
  -9.07130656E-04
  -8.19641748E-04
  -7.29801483E-04
  -6.38844911E-04
  -5.47995267E-04
  -4.58448339E-04
  -3.71357513E-04
  -2.87819654E-04
  -2.08861820E-04
  -1.35429567E-04
  -6.83761318E-05
  -8.45316026E-06
   4.36969131E-05
   8.75471815E-05
   1.22690617E-04
   1.48842984E-04
   1.65844016E-04
   1.73656823E-04
   1.72365879E-04
   1.62173295E-04
   1.43393758E-04
   1.16447933E-04
   8.18548360E-05
   4.02229780E-05
  -7.75947592E-06
  -6.13353041E-05
  -1.19689532E-04
  -1.81961106E-04
  -2.47255026E-04
  -3.14654579E-04
  -3.83233564E-04
  -4.52068169E-04
  -5.20249072E-04
  -5.86892187E-04
  -6.51149836E-04
  -7.12220208E-04
  -7.69356906E-04
  -8.21876863E-04
  -8.69167619E-04
  -9.10693430E-04
  -9.46000568E-04
  -9.74720460E-04
  -9.96573595E-04
  -1.01136987E-03
  -1.01900985E-03
  -1.01948332E-03
  -1.01286790E-03
  -9.99326236E-04
  -9.79101635E-04
  -9.52514005E-04
  -9.19953396E-04
  -8.81874352E-04
  -8.38788401E-04
  -7.91256665E-04
  -7.39881827E-04
  -6.85299863E-04
  -6.28171198E-04
  -5.69172320E-04
  -5.08986705E-04
  -4.48296400E-04
  -3.87773558E-04
  -3.28072259E-04
  -2.69820914E-04
  -2.13614927E-04
  -1.60010008E-04
  -1.09516230E-04
  -6.25926914E-05
  -1.96429664E-05
   1.89886305E-05
   5.30199322E-05
   8.22329748E-05
   1.06475112E-04
   1.25659339E-04
   1.39763695E-04
   1.48829815E-04
   1.52960813E-04
   1.52318287E-04
   1.47118568E-04
   1.37628507E-04
   1.24160564E-04
   1.07067492E-04
   8.67365525E-05
   6.35834804E-05
   3.80461497E-05
   1.05782001E-05
  -1.83574648E-05
  -4.82950563E-05
  -7.87722020E-05
  -1.09335946E-04
  -1.39548574E-04
  -1.68992919E-04
  -1.97277332E-04
  -2.24040137E-04
  -2.48953525E-04
  -2.71726836E-04
  -2.92109355E-04
  -3.09892319E-04
  -3.24910478E-04
  -3.37042729E-04
  -3.46212473E-04
  -3.52387084E-04
  -3.55576980E-04
  -3.55834083E-04
  -3.53249663E-04
  -3.47951951E-04
  -3.40103084E-04
  -3.29895905E-04
  -3.17550410E-04
  -3.03309876E-04
  -2.87436880E-04
  -2.70209130E-04
  -2.51915451E-04
  -2.32851424E-04
  -2.13315332E-04
  -1.93604108E-04
  -1.74009474E-04
  -1.54814275E-04
  -1.36289003E-04
  -1.18688564E-04
  -1.02249505E-04
  -8.71873999E-05
  -7.36946240E-05
  -6.19385610E-05
  -5.20600697E-05
  -4.41724369E-05
  -3.83606566E-05
  -3.46810702E-05
  -3.31614428E-05
  -3.38013233E-05
  -3.65728083E-05
  -4.14216047E-05
  -4.82683936E-05
  -5.70104858E-05
  -6.75237388E-05
  -7.96646491E-05
  -9.32727271E-05
  -1.08172913E-04
  -1.24178201E-04
  -1.41092358E-04
  -1.58712661E-04
  -1.76832575E-04
  -1.95244618E-04
  -2.13742926E-04
  -2.32125909E-04
  -2.50198762E-04
  -2.67775584E-04
  -2.84681795E-04
  -3.00755841E-04
  -3.15850979E-04
  -3.29836679E-04
  -3.42599873E-04
  -3.54045653E-04
  -3.64098261E-04
  -3.72701092E-04
  -3.79816920E-04
  -3.85427586E-04
  -3.89533641E-04
  -3.92153452E-04
  -3.93322378E-04
  -3.93091497E-04
  -3.91526235E-04
  -3.88705026E-04
  -3.84717365E-04
  -3.79662262E-04
  -3.73646384E-04
  -3.66782100E-04
  -3.59185651E-04
  -3.50975373E-04
  -3.42269836E-04
  -3.33185948E-04
  -3.23837623E-04
  -3.14334058E-04
  -3.04778485E-04
  -2.95266917E-04
  -2.85887101E-04
  -2.76717590E-04
  -2.67827330E-04
  -2.59274879E-04
  -2.51108315E-04
  -2.43365052E-04
  -2.36071966E-04
  -2.29245532E-04
  -2.22892340E-04
  -2.17009539E-04
  -2.11585488E-04
  -2.06600598E-04
  -2.02028168E-04
  -1.97835267E-04
  -1.93983695E-04
  -1.90431092E-04
  -1.87131853E-04
  -1.84038290E-04
  -1.81101554E-04
  -1.78272618E-04
  -1.75503214E-04
  -1.72746775E-04
  -1.69959210E-04
  -1.67099643E-04
  -1.64131037E-04
  -1.61020856E-04
  -1.57741495E-04
  -1.54270660E-04
  -1.50591659E-04
  -1.46693579E-04
  -1.42571487E-04
  -1.38226300E-04
  -1.33664769E-04
  -1.28899279E-04
  -1.23947626E-04
  -1.18832657E-04
  -1.13581860E-04
  -1.08226908E-04
  -1.02803097E-04
  -9.73488131E-05
  -9.19048616E-05
  -8.65138936E-05
  -8.12196595E-05
  -7.60663315E-05
  -7.10978784E-05
  -6.63573082E-05
  -6.18860504E-05
  -5.77232968E-05
  -5.39054126E-05
  -5.04653472E-05
  -4.74321569E-05
  -4.48305291E-05
  -4.26804363E-05
  -4.09967761E-05
  -3.97891781E-05
  -3.90618297E-05
  -3.88134249E-05
  -3.90371679E-05
  -3.97209114E-05
  -4.08473024E-05
  -4.23940983E-05
  -4.43344870E-05
  -4.66375495E-05
  -4.92687177E-05
  -5.21903348E-05
  -5.53622522E-05
  -5.87424547E-05
  -6.22877487E-05
  -6.59543875E-05
  -6.96987845E-05
  -7.34781424E-05
  -7.72511266E-05
  -8.09784542E-05
  -8.46234325E-05
  -8.81524684E-05
  -9.15355413E-05
  -9.47464941E-05
  -9.77633827E-05
  -1.00568614E-04
  -1.03149141E-04
  -1.05496460E-04
  -1.07606524E-04
  -1.09479690E-04
  -1.11120426E-04
  -1.12537084E-04
  -1.13741546E-04
  -1.14748807E-04
  -1.15576579E-04
  -1.16244752E-04
  -1.16774907E-04
  -1.17189797E-04
  -1.17512827E-04
  -1.17767500E-04
  -1.17976946E-04
  -1.18163443E-04
  -1.18347954E-04
  -1.18549731E-04
  -1.18785967E-04
  -1.19071512E-04
  -1.19418604E-04
  -1.19836688E-04
  -1.20332334E-04
  -1.20909157E-04
  -1.21567777E-04
  -1.22305966E-04
  -1.23118705E-04
  -1.23998339E-04
  -1.24934842E-04
  -1.25915976E-04
  -1.26927654E-04
  -1.27954234E-04
  -1.28978761E-04
  -1.29983426E-04
  -1.30949804E-04
  -1.31859284E-04
  -1.32693312E-04
  -1.33433787E-04
  -1.34063361E-04
  -1.34565751E-04
  -1.34925955E-04
  -1.35130496E-04
  -1.35167647E-04
  -1.35027629E-04
  -1.34702685E-04
  -1.34187198E-04
  -1.33477806E-04
  -1.32573419E-04
  -1.31475128E-04
  -1.30186309E-04
  -1.28712447E-04
  -1.27061052E-04
  -1.25241553E-04
  -1.23265127E-04
  -1.21144549E-04
  -1.18893899E-04
  -1.16528434E-04
  -1.14064300E-04
  -1.11518289E-04
  -1.08907581E-04
  -1.06249478E-04
  -1.03561149E-04
  -1.00859383E-04
  -9.81602861E-05
  -9.54791030E-05
  -9.28299778E-05
  -9.02257161E-05
  -8.76776612E-05
  -8.51955338E-05
  -8.27872427E-05
  -8.04588781E-05
  -7.82145798E-05
  -7.60565672E-05
  -7.39851093E-05
  -7.19986056E-05
  -7.00935707E-05
  -6.82648606E-05
  -6.65057232E-05
  -6.48080313E-05
  -6.31624353E-05
  -6.15585959E-05
  -5.99854102E-05
  -5.84312802E-05
  -5.68843607E-05
  -5.53328355E-05
  -5.37651795E-05
  -5.21704205E-05
  -5.05384014E-05
  -4.88600053E-05
  -4.71273561E-05
  -4.53340399E-05
  -4.34752583E-05
  -4.15479735E-05
  -3.95509815E-05
  -3.74850169E-05
  -3.53527757E-05
  -3.31589035E-05
  -3.09099596E-05
  -2.86143804E-05
  -2.62823542E-05
  -2.39257006E-05
  -2.15577074E-05
  -1.91929576E-05
  -1.68471306E-05
  -1.45367876E-05
  -1.22791353E-05
  -1.00917969E-05
  -7.99256941E-06
  -5.99918349E-06
  -4.12906866E-06
  -2.39912401E-06
  -8.25501502E-07
   5.76592015E-07
   1.79308086E-06
   2.81118400E-06
   3.61955404E-06
   4.20839569E-06
   4.56956332E-06
   4.69662609E-06
   4.58492605E-06
   4.23159781E-06
   3.63556796E-06
   2.79754363E-06
   1.71997237E-06
   4.06986658E-07
  -1.13567091E-06
  -2.90073308E-06
  -4.87951547E-06
  -7.06202763E-06
  -9.43710165E-06
  -1.19925198E-05
  -1.47151677E-05
  -1.75911700E-05
  -2.06060431E-05
  -2.37448439E-05
  -2.69923257E-05
  -3.03330780E-05
  -3.37516867E-05
  -3.72328650E-05
  -4.07615989E-05
  -4.43232311E-05
  -4.79036280E-05
  -5.14892417E-05
  -5.50672303E-05
  -5.86255082E-05
  -6.21528307E-05
  -6.56388511E-05
  -6.90741217E-05
  -7.24501515E-05
  -7.57594098E-05
  -7.89953265E-05
  -8.21522190E-05
  -8.52253434E-05
  -8.82107270E-05
  -9.11052339E-05
  -9.39063902E-05
  -9.66123407E-05
  -9.92217538E-05
  -1.01733662E-04
  -1.04147432E-04
  -1.06462619E-04
  -1.08678832E-04
  -1.10795641E-04
  -1.12812471E-04
  -1.14728500E-04
  -1.16542571E-04
  -1.18253127E-04
  -1.19858094E-04
  -1.21354875E-04
  -1.22740370E-04
  -1.24010869E-04
  -1.25162071E-04
  -1.26189159E-04
  -1.27086765E-04
  -1.27849111E-04
  -1.28469983E-04
  -1.28942891E-04
  -1.29261098E-04
  -1.29417778E-04
  -1.29406137E-04
  -1.29219508E-04
  -1.28851461E-04
  -1.28295898E-04
  -1.27547275E-04
  -1.26600658E-04
  -1.25451770E-04
  -1.24097263E-04
  -1.22534679E-04
  -1.20762568E-04
  -1.18780532E-04
  -1.16589341E-04
  -1.14190909E-04
  -1.11588379E-04
  -1.08786044E-04
  -1.05789426E-04
  -1.02605205E-04
  -9.92412170E-05
  -9.57063603E-05
  -9.20106031E-05
  -8.81648593E-05
  -8.41809597E-05
  -8.00715425E-05
  -7.58499809E-05
  -7.15302958E-05
  -6.71270609E-05
  -6.26553010E-05
  -5.81304375E-05
  -5.35681320E-05
  -4.89842569E-05
  -4.43947465E-05
  -3.98155680E-05
  -3.52626012E-05
  -3.07515584E-05
  -2.62979229E-05
  -2.19168523E-05
  -1.76231224E-05
  -1.34310458E-05
  -9.35441312E-06
  -5.40642259E-06
  -1.59961394E-06
   2.05418951E-06
   5.54393728E-06
   8.85941245E-06
   1.19912784E-05
   1.49311454E-05
   1.76716003E-05
   2.02062529E-05
   2.25297590E-05
   2.46378622E-05
   2.65273975E-05
   2.81963166E-05
   2.96436756E-05
   3.08696253E-05
   3.18754101E-05
   3.26633053E-05
   3.32365998E-05
   3.35995319E-05
   3.37572455E-05
   3.37156889E-05
   3.34815668E-05
   3.30622279E-05
   3.24656030E-05
   3.17000886E-05
   3.07744522E-05
   2.96977469E-05
   2.84791913E-05
   2.71280751E-05
   2.56536678E-05
   2.40651316E-05
   2.23714360E-05
   2.05812830E-05
   1.87030491E-05
   1.67447160E-05
   1.47138480E-05
   1.26175373E-05
   1.04623969E-05
   8.25455118E-06
   5.99963914E-06
   3.70283487E-06
   1.36886933E-06
  -9.97928169E-07
  -3.39359644E-06
  -5.81449422E-06
  -8.25724692E-06
  -1.07186970E-05
  -1.31958504E-05
  -1.56858187E-05
  -1.81857831E-05
  -2.06929381E-05
  -2.32044385E-05
  -2.57173851E-05
  -2.82287729E-05
  -3.07354785E-05
  -3.32342279E-05
  -3.57215977E-05
  -3.81939863E-05
  -4.06476393E-05
  -4.30786095E-05
  -4.54828078E-05
  -4.78559923E-05
  -5.01937939E-05
  -5.24917123E-05
  -5.47451709E-05
  -5.69494987E-05
  -5.90999844E-05
  -6.11918731E-05
  -6.32203883E-05
  -6.51807713E-05
  -6.70682784E-05
  -6.88782093E-05
  -7.06059072E-05
  -7.22467885E-05
  -7.37963492E-05
  -7.52501874E-05
  -7.66040030E-05
  -7.78536341E-05
  -7.89950645E-05
  -8.00244234E-05
  -8.09380726E-05
  -8.17325708E-05
  -8.24047311E-05
  -8.29516939E-05
  -8.33708909E-05
  -8.36601394E-05
  -8.38176784E-05
  -8.38422347E-05
  -8.37330444E-05
  -8.34899038E-05
  -8.31132056E-05
  -8.26040050E-05
  -8.19640409E-05
  -8.11957725E-05
  -8.03023722E-05
  -7.92877909E-05
  -7.81566996E-05
  -7.69145263E-05
  -7.55674118E-05
  -7.41221957E-05
  -7.25863938E-05
  -7.09680899E-05
  -6.92759131E-05
  -6.75189731E-05
  -6.57067721E-05
  -6.38491256E-05
  -6.19560451E-05
  -6.00376698E-05
  -5.81041822E-05
  -5.61656525E-05
  -5.42319940E-05
  -5.23128510E-05
  -5.04174968E-05
  -4.85547826E-05
  -4.67330210E-05
  -4.49599465E-05
  -4.32426568E-05
  -4.15875584E-05
  -4.00003373E-05
  -3.84859304E-05
  -3.70485104E-05
  -3.56914716E-05
  -3.44174441E-05
  -3.32283125E-05
  -3.21252155E-05
  -3.11085751E-05
  -3.01781311E-05
  -2.93329613E-05
  -2.85715305E-05
  -2.78917141E-05
  -2.72908510E-05
  -2.67657742E-05
  -2.63128495E-05
  -2.59280150E-05
  -2.56068179E-05
  -2.53444559E-05
  -2.51358160E-05
  -2.49755121E-05
  -2.48579163E-05
  -2.47772041E-05
  -2.47273820E-05
  -2.47023327E-05
  -2.46958534E-05
  -2.47016942E-05
  -2.47135940E-05
  -2.47253374E-05
  -2.47307835E-05
  -2.47239241E-05
  -2.46989348E-05
  -2.46502168E-05
  -2.45724441E-05
  -2.44606326E-05
  -2.43101658E-05
  -2.41168545E-05
  -2.38769753E-05
  -2.35873158E-05
  -2.32452167E-05
  -2.28485860E-05
  -2.23959396E-05
  -2.18864152E-05
  -2.13197709E-05
  -2.06964032E-05
  -2.00173326E-05
  -1.92842017E-05
  -1.84992459E-05
  -1.76652811E-05
  -1.67856670E-05
  -1.58642652E-05
  -1.49054204E-05
  -1.39139065E-05
  -1.28948850E-05
  -1.18538674E-05
  -1.07966616E-05
  -9.72933412E-06
  -8.65816310E-06
  -7.58959550E-06
  -6.53021425E-06
  -5.48668777E-06
  -4.46574086E-06
  -3.47411697E-06
  -2.51854749E-06
  -1.60572051E-06
  -7.42250393E-07
   6.53516352E-08
   8.10708627E-07
   1.48760716E-06
   2.09002746E-06
   2.61217201E-06
   3.04849755E-06
   3.39375038E-06
   3.64300399E-06
   3.79169910E-06
   3.83569204E-06
   3.77128981E-06
   3.59530463E-06
   3.30510193E-06
   2.89864602E-06
   2.37454492E-06
   1.73209537E-06
   9.71321811E-07
   9.30158208E-08
  -9.01241151E-07
  -2.00905629E-06
  -3.22721280E-06
  -4.55167174E-06
  -5.97758026E-06
  -7.49929723E-06
  -9.11041298E-06
  -1.08038012E-05
  -1.25716633E-05
  -1.44055903E-05
  -1.62966317E-05
  -1.82353760E-05
  -2.02120300E-05
  -2.22165072E-05
  -2.42385213E-05
  -2.62676767E-05
  -2.82935816E-05
  -3.03059333E-05
  -3.22946034E-05
  -3.42497733E-05
  -3.61619750E-05
  -3.80221827E-05
  -3.98219345E-05
  -4.15533286E-05
  -4.32091401E-05
  -4.47828534E-05
  -4.62686839E-05
  -4.76616260E-05
  -4.89574595E-05
  -5.01527611E-05
  -5.12449224E-05
  -5.22321025E-05
  -5.31132318E-05
  -5.38879940E-05
  -5.45568000E-05
  -5.51207377E-05
  -5.55815277E-05
  -5.59414984E-05
  -5.62035420E-05
  -5.63710310E-05
  -5.64478141E-05
  -5.64381335E-05
  -5.63465728E-05
  -5.61780071E-05
  -5.59375439E-05
  -5.56304585E-05
  -5.52621568E-05
  -5.48380849E-05
  -5.43636997E-05
  -5.38443928E-05
  -5.32854392E-05
  -5.26919248E-05
  -5.20687136E-05
  -5.14203821E-05
  -5.07511759E-05
  -5.00649476E-05
  -4.93651241E-05
  -4.86546523E-05
  -4.79359769E-05
  -4.72110078E-05
  -4.64810801E-05
  -4.57469578E-05
  -4.50088082E-05
  -4.42662058E-05
  -4.35181319E-05
  -4.27629930E-05
  -4.19986318E-05
  -4.12223853E-05
  -4.04311068E-05
  -3.96212126E-05
  -3.87887339E-05
  -3.79293779E-05
  -3.70386078E-05
  -3.61117163E-05
  -3.51438975E-05
  -3.41303348E-05
  -3.30662588E-05
  -3.19470637E-05
  -3.07683586E-05
  -2.95260706E-05
  -2.82164910E-05
  -2.68363565E-05
  -2.53829094E-05
  -2.38539542E-05
  -2.22478975E-05
  -2.05637880E-05
  -1.88013400E-05
  -1.69609521E-05
  -1.50437172E-05
  -1.30514181E-05
  -1.09865123E-05
  -8.85212921E-06
  -6.65203152E-06
  -4.39059158E-06
  -2.07274979E-06
   2.96026286E-07
   2.70979308E-06
   5.16217369E-06
   7.64641936E-06
   1.01554670E-05
   1.26819859E-05
   1.52184393E-05
   1.77571310E-05
   2.02902629E-05
   2.28099743E-05
   2.53083908E-05
   2.77776762E-05
   3.02100561E-05
   3.25978690E-05
   3.49335860E-05
   3.72098366E-05
   3.94194576E-05
   4.15555041E-05
   4.36112641E-05
   4.55802801E-05
   4.74563822E-05
   4.92336840E-05
   5.09066012E-05
   5.24698917E-05
   5.39186367E-05
   5.52482597E-05
   5.64545444E-05
   5.75336417E-05
   5.84820664E-05
   5.92966899E-05
   5.99747691E-05
   6.05139358E-05
   6.09121962E-05
   6.11679643E-05
   6.12800141E-05
   6.12475415E-05
   6.10700954E-05
   6.07476577E-05
   6.02805922E-05
   5.96696991E-05
   5.89161573E-05
   5.80215747E-05
   5.69879594E-05
   5.58177344E-05
   5.45137118E-05
   5.30791003E-05
   5.15174906E-05
   4.98328336E-05
   4.80294439E-05
   4.61119671E-05
   4.40853546E-05
   4.19548851E-05
   3.97261028E-05
   3.74048213E-05
   3.49970978E-05
   3.25092005E-05
   2.99475978E-05
   2.73189253E-05
   2.46299551E-05
   2.18875630E-05
   1.90987012E-05
   1.62703636E-05
   1.34095426E-05
   1.05232011E-05
   7.61823776E-06
   4.70144641E-06
   1.77948050E-06
  -1.14117017E-06
  -4.05421633E-06
  -6.95359086E-06
  -9.83347036E-06
  -1.26882824E-05
  -1.55127327E-05
  -1.83018074E-05
  -2.10507787E-05
  -2.37552067E-05
  -2.64109349E-05
  -2.90141015E-05
  -3.15611178E-05
  -3.40486731E-05
  -3.64737098E-05
  -3.88334374E-05
  -4.11252877E-05
  -4.33469213E-05
  -4.54962101E-05
  -4.75712186E-05
  -4.95701643E-05
  -5.14914391E-05
  -5.33335515E-05
  -5.50951263E-05
  -5.67748866E-05
  -5.83716355E-05
  -5.98842344E-05
  -6.13115772E-05
  -6.26526162E-05
  -6.39063146E-05
  -6.50716465E-05
  -6.61476079E-05
  -6.71331873E-05
  -6.80273806E-05
  -6.88291839E-05
  -6.95376148E-05
  -7.01516692E-05
  -7.06703504E-05
  -7.10927125E-05
  -7.14178095E-05
  -7.16447394E-05
  -7.17726507E-05
  -7.18007504E-05
  -7.17283474E-05
  -7.15548376E-05
  -7.12797628E-05
  -7.09028172E-05
  -7.04238773E-05
  -6.98430376E-05
  -6.91606256E-05
  -6.83772523E-05
  -6.74938565E-05
  -6.65116895E-05
  -6.54323740E-05
  -6.42579471E-05
  -6.29908100E-05
  -6.16338511E-05
  -6.01903739E-05
  -5.86641399E-05
  -5.70593875E-05
  -5.53807949E-05
  -5.36335028E-05
  -5.18230918E-05
  -4.99555572E-05
  -4.80372910E-05
  -4.60750489E-05
  -4.40759213E-05
  -4.20472934E-05
  -3.99967794E-05
  -3.79322009E-05
  -3.58615143E-05
  -3.37927522E-05
  -3.17339836E-05
  -2.96932303E-05
  -2.76784249E-05
  -2.56973399E-05
  -2.37575223E-05
  -2.18662499E-05
  -2.00304730E-05
  -1.82567674E-05
  -1.65512847E-05
  -1.49197058E-05
  -1.33672129E-05
  -1.18984526E-05
  -1.05175104E-05
  -9.22789059E-06
  -8.03249895E-06
  -6.93363563E-06
  -5.93298591E-06
  -5.03160663E-06
  -4.22994617E-06
  -3.52783172E-06
  -2.92448726E-06
  -2.41853922E-06
  -2.00802901E-06
  -1.69043176E-06
  -1.46266848E-06
  -1.32112723E-06
  -1.26169118E-06
  -1.27975864E-06
  -1.37027405E-06
  -1.52775351E-06
  -1.74632419E-06
  -2.01975263E-06
  -2.34148797E-06
  -2.70469718E-06
  -3.10230894E-06
  -3.52705979E-06
  -3.97154963E-06
  -4.42828741E-06
  -4.88974683E-06
  -5.34843275E-06
  -5.79692824E-06
  -6.22796506E-06
  -6.63448373E-06
  -7.00969758E-06
  -7.34715059E-06
  -7.64078050E-06
  -7.88497346E-06
  -8.07461674E-06
  -8.20514560E-06
  -8.27259009E-06
  -8.27361964E-06
  -8.20557943E-06
  -8.06651224E-06
  -7.85518932E-06
  -7.57112048E-06
  -7.21456945E-06
  -6.78655806E-06
  -6.28885437E-06
  -5.72396721E-06
  -5.09513302E-06
  -4.40627946E-06
  -3.66200334E-06
  -2.86752197E-06
  -2.02863748E-06
  -1.15168780E-06
  -2.43491911E-07
   6.88708269E-07
   1.63730863E-06
   2.59440139E-06
   3.55184170E-06
   4.50131620E-06
   5.43440819E-06
   6.34267008E-06
   7.21769493E-06
   8.05118179E-06
   8.83501252E-06
   9.56131862E-06
   1.02225549E-05
   1.08115564E-05
   1.13216238E-05
   1.17465670E-05
   1.20807763E-05
   1.23192776E-05
   1.24577900E-05
   1.24927774E-05
   1.24214921E-05
   1.22420161E-05
   1.19532888E-05
   1.15551447E-05
   1.10483261E-05
   1.04345118E-05
   9.71631198E-06
   8.89728290E-06
   7.98190922E-06
   6.97560017E-06
   5.88466082E-06
   4.71626663E-06
   3.47842524E-06
   2.17992852E-06
   8.30299541E-07
  -5.60270166E-07
  -1.98098110E-06
  -3.42050771E-06
  -4.86708177E-06
  -6.30857130E-06
  -7.73258307E-06
  -9.12655742E-06
  -1.04778728E-05
  -1.17739410E-05
  -1.30023200E-05
  -1.41508144E-05
  -1.52075809E-05
  -1.61612334E-05
  -1.70009516E-05
  -1.77165603E-05
  -1.82986441E-05
  -1.87386286E-05
  -1.90288683E-05
  -1.91627369E-05
  -1.91346917E-05
  -1.89403308E-05
  -1.85764620E-05
  -1.80411516E-05
  -1.73337576E-05
  -1.64549492E-05
  -1.54067347E-05
  -1.41924620E-05
  -1.28168085E-05
  -1.12857606E-05
  -9.60658690E-06
  -7.78779668E-06
  -5.83909150E-06
  -3.77129322E-06
  -1.59629155E-06
   6.73048646E-07
   3.02296985E-06
   5.43890656E-06
   7.90559443E-06
   1.04071714E-05
   1.29272839E-05
   1.54492100E-05
   1.79559793E-05
   2.04304797E-05
   2.28556000E-05
   2.52143527E-05
   2.74899921E-05
   2.96661437E-05
   3.17269332E-05
   3.36570993E-05
   3.54421063E-05
   3.70682428E-05
   3.85227613E-05
   3.97939402E-05
   4.08711785E-05
   4.17450865E-05
   4.24075624E-05
   4.28518360E-05
   4.30725559E-05
   4.30657965E-05
   4.28291169E-05
   4.23615711E-05
   4.16637304E-05
   4.07376792E-05
   3.95870084E-05
   3.82168000E-05
   3.66335917E-05
   3.48453468E-05
   3.28613678E-05
   3.06922666E-05
   2.83498775E-05
   2.58471791E-05
   2.31981958E-05
   2.04179014E-05
   1.75221066E-05
   1.45273325E-05
   1.14507111E-05
   8.30984300E-06
   5.12267889E-06
   1.90738092E-06
  -1.31780405E-06
  -4.53468192E-06
  -7.72523708E-06
  -1.08717650E-05
  -1.39569929E-05
  -1.69642026E-05
  -1.98773505E-05
  -2.26811735E-05
  -2.53612907E-05
  -2.79043070E-05
  -3.02978788E-05
  -3.25308029E-05
  -3.45930639E-05
  -3.64758998E-05
  -3.81718419E-05
  -3.96747491E-05
  -4.09797940E-05
  -4.20835095E-05
  -4.29837673E-05
  -4.36797709E-05
  -4.41720149E-05
  -4.44622856E-05
  -4.45535843E-05
  -4.44500947E-05
  -4.41571246E-05
  -4.36810224E-05
  -4.30291257E-05
  -4.22096673E-05
  -4.12317022E-05
  -4.01050129E-05
  -3.88400258E-05
  -3.74477022E-05
  -3.59394617E-05
  -3.43270622E-05
  -3.26225163E-05
  -3.08379931E-05
  -2.89857180E-05
  -2.70778728E-05
  -2.51265083E-05
  -2.31434587E-05
  -2.11402603E-05
  -1.91280706E-05
  -1.71175961E-05
  -1.51190261E-05
  -1.31419711E-05
  -1.11954050E-05
  -9.28762256E-06
  -7.42619932E-06
  -5.61794923E-06
  -3.86890542E-06
  -2.18430523E-06
  -5.68571295E-07
   9.74682621E-07
   2.44264970E-06
   3.83331508E-06
   5.14543353E-06
   6.37850508E-06
   7.53273844E-06
   8.60900946E-06
   9.60881971E-06
   1.05342433E-05
   1.13878687E-05
