   0.00000000    
   0.00000000    
   0.00000000    
   0.00000000    
   0.00000000    
   0.00000000    
   0.00000000    
   0.00000000    
   5.64723281E-43
  -4.52787560E-41
   2.85730642E-39
   3.50654398E-38
   1.42031610E-37
  -2.05958857E-37
  -5.69251291E-36
  -3.70358666E-35
  -1.53588381E-34
  -4.56687820E-34
  -9.38664933E-34
  -8.42217458E-34
   2.95411961E-33
   1.84800025E-32
   5.93687066E-32
   1.33376303E-31
   1.93235414E-31
   1.95859271E-33
  -1.15402221E-30
  -4.95228698E-30
  -1.46463406E-29
  -3.53825048E-29
  -7.31001215E-29
  -1.29728185E-28
  -1.90832502E-28
  -2.00379264E-28
  -1.70182272E-29
   6.50632965E-28
   2.32264936E-27
   5.81347308E-27
   1.22242556E-26
   2.27542445E-26
   3.81686651E-26
   5.77155722E-26
   7.72823055E-26
   8.66764371E-26
   6.61756000E-26
  -1.70065777E-26
  -2.10881502E-25
  -5.76885253E-25
  -1.18015968E-24
  -2.06659173E-24
  -3.22038285E-24
  -4.49617820E-24
  -5.52217109E-24
  -5.57621398E-24
  -3.44695218E-24
   2.69285637E-24
   1.53532117E-23
   3.76615954E-23
   7.30669350E-23
   1.24691166E-22
   1.94193473E-22
   2.80018813E-22
   3.74936526E-22
   4.62849306E-22
   5.14972286E-22
   4.85651248E-22
   3.08302240E-22
  -1.07803674E-22
  -8.78940793E-22
  -2.14533715E-21
  -4.06529140E-21
  -6.80371079E-21
  -1.05140028E-20
  -1.53126948E-20
  -2.12468643E-20
  -2.82554331E-20
  -3.61265316E-20
  -4.44544536E-20
  -5.26008837E-20
  -5.96661984E-20
  -6.44772553E-20
  -6.55978977E-20
  -6.13677929E-20
  -4.99730989E-20
  -2.95495895E-20
   1.68525751E-21
   4.52803159E-20
   1.02394174E-19
   1.73656979E-19
   2.59082248E-19
   3.58070254E-19
   4.69556209E-19
   5.92369834E-19
   7.25888417E-19
   8.71087876E-19
   1.03211740E-18
   1.21855822E-18
   1.44855848E-18
   1.75308833E-18
   2.18160449E-18
   2.80947676E-18
   3.74759429E-18
   5.15463720E-18
   7.25257072E-18
   1.03459797E-17
   1.48459365E-17
   2.12991034E-17
   3.04228294E-17
   4.31469220E-17
   6.06627791E-17
   8.44802339E-17
   1.16492468E-16
   1.59048462E-16
   2.15032244E-16
   2.87946733E-16
   3.81998889E-16
   5.02180000E-16
   6.54333375E-16
   8.45196262E-16
   1.08239852E-15
   1.37439333E-15
   1.73028460E-15
   2.15950796E-15
   2.67130136E-15
   3.27388949E-15
   3.97327740E-15
   4.77152590E-15
   5.66433844E-15
   6.63776946E-15
   7.66378470E-15
   8.69438578E-15
   9.65391910E-15
   1.04291321E-14
   1.08564679E-14
   1.07059908E-14
   9.66125526E-15
   7.29434620E-15
   3.03522928E-15
  -3.86553819E-15
  -1.43817030E-14
  -2.97648259E-14
  -5.16073966E-14
  -8.19164140E-14
  -1.23198055E-13
  -1.78553868E-13
  -2.51788147E-13
  -3.47525638E-13
  -4.71337650E-13
  -6.29873215E-13
  -8.30989845E-13
  -1.08387691E-12
  -1.39915954E-12
  -1.78897197E-12
  -2.26697632E-12
  -2.84830514E-12
  -3.54939689E-12
  -4.38767815E-12
  -5.38104934E-12
  -6.54710531E-12
  -7.90202018E-12
  -9.45899869E-12
  -1.12261910E-11
  -1.32039345E-11
  -1.53811790E-11
  -1.77309070E-11
  -2.02043608E-11
  -2.27238419E-11
  -2.51738110E-11
  -2.73900382E-11
  -2.91464422E-11
  -3.01393528E-11
  -2.99687705E-11
  -2.81162975E-11
  -2.39194133E-11
  -1.65416743E-11
  -4.93858079E-12
   1.21811684E-11
   3.63991753E-11
   6.96356653E-11
   1.14202446E-10
   1.72860226E-10
   2.48879473E-10
   3.46104090E-10
   4.69015882E-10
   6.22798202E-10
   8.13395962E-10
   1.04756848E-09
   1.33292988E-09
   1.67797265E-09
   2.09206541E-09
   2.58541877E-09
   3.16900683E-09
   3.85443233E-09
   4.65372141E-09
   5.57902879E-09
   6.64223787E-09
   7.85442822E-09
   9.22517884E-09
   1.07616929E-08
   1.24676909E-08
   1.43420449E-08
   1.63771059E-08
   1.85566762E-08
   2.08535784E-08
   2.32267414E-08
   2.56177781E-08
   2.79469425E-08
   3.01084171E-08
   3.19648628E-08
   3.33410739E-08
   3.40167503E-08
   3.37182477E-08
   3.21091385E-08
   2.87796258E-08
   2.32345716E-08
   1.48801247E-08
   3.00878877E-09
  -1.32171172E-08
  -3.47837457E-08
  -6.28458565E-08
  -9.87487496E-08
  -1.44052350E-07
  -2.00557182E-07
  -2.70332436E-07
  -3.55746181E-07
  -4.59497784E-07
  -5.84652128E-07
  -7.34676064E-07
  -9.13476697E-07
  -1.12544171E-06
  -1.37548102E-06
  -1.66906989E-06
  -2.01229363E-06
  -2.41189241E-06
  -2.87530770E-06
  -3.41072723E-06
  -4.02713249E-06
  -4.73434011E-06
  -5.54304779E-06
  -6.46487342E-06
  -7.51239259E-06
  -8.69917585E-06
  -1.00398147E-05
  -1.15499461E-05
  -1.32462674E-05
  -1.51465510E-05
  -1.72696455E-05
  -1.96354558E-05
  -2.22649378E-05
  -2.51800575E-05
  -2.84037433E-05
  -3.19598257E-05
  -3.58729740E-05
  -4.01685829E-05
  -4.48726714E-05
  -5.00117530E-05
  -5.56126870E-05
  -6.17024925E-05
  -6.83081744E-05
  -7.54564826E-05
  -8.31737270E-05
  -9.14854609E-05
  -1.00416226E-04
  -1.09989269E-04
  -1.20226177E-04
  -1.31146604E-04
  -1.42767880E-04
  -1.55104586E-04
  -1.68168262E-04
  -1.81967000E-04
  -1.96504960E-04
  -2.11782099E-04
  -2.27793658E-04
  -2.44529889E-04
  -2.61975511E-04
  -2.80109583E-04
  -2.98904954E-04
  -3.18328093E-04
  -3.38338810E-04
  -3.58889898E-04
  -3.79927194E-04
  -4.01389232E-04
  -4.23207297E-04
  -4.45305428E-04
  -4.67600563E-04
  -4.90002625E-04
  -5.12414903E-04
  -5.34734165E-04
  -5.56851388E-04
  -5.78652194E-04
  -6.00017374E-04
  -6.20823877E-04
  -6.40945334E-04
  -6.60253514E-04
  -6.78618730E-04
  -6.95911294E-04
  -7.12002919E-04
  -7.26767583E-04
  -7.40083167E-04
  -7.51832791E-04
  -7.61906267E-04
  -7.70201557E-04
  -7.76626228E-04
  -7.81099079E-04
  -7.83551368E-04
  -7.83928495E-04
  -7.82191055E-04
  -7.78316462E-04
  -7.72299885E-04
  -7.64155411E-04
  -7.53917033E-04
  -7.41639233E-04
  -7.27397739E-04
  -7.11289817E-04
  -6.93434675E-04
  -6.73973060E-04
  -6.53067487E-04
  -6.30901370E-04
  -6.07678376E-04
  -5.83621615E-04
  -5.58972184E-04
  -5.33987884E-04
  -5.08941361E-04
  -4.84118267E-04
  -4.59815114E-04
  -4.36336937E-04
  -4.13994625E-04
  -3.93102440E-04
  -3.73974966E-04
  -3.56924400E-04
  -3.42257350E-04
  -3.30271956E-04
  -3.21254600E-04
  -3.15477111E-04
  -3.13193596E-04
  -3.14637582E-04
  -3.20019171E-04
  -3.29522503E-04
  -3.43303196E-04
  -3.61486163E-04
  -3.84163490E-04
  -4.11392888E-04
  -4.43195953E-04
  -4.79557260E-04
  -5.20423288E-04
  -5.65702037E-04
  -6.15262834E-04
  -6.68936234E-04
  -7.26514729E-04
  -7.87753554E-04
  -8.52371450E-04
  -9.20052291E-04
  -9.90446657E-04
  -1.06317364E-03
  -1.13782333E-03
  -1.21395872E-03
  -1.29111810E-03
  -1.36881811E-03
  -1.44655653E-03
  -1.52381440E-03
  -1.60005933E-03
  -1.67474838E-03
  -1.74733053E-03
  -1.81724969E-03
  -1.88394752E-03
  -1.94686523E-03
  -2.00544694E-03
  -2.05914141E-03
  -2.10740417E-03
  -2.14969972E-03
  -2.18550349E-03
  -2.21430254E-03
  -2.23559793E-03
  -2.24890537E-03
  -2.25375732E-03
  -2.24970304E-03
  -2.23630993E-03
  -2.21316330E-03
  -2.17986898E-03
  -2.13605235E-03
  -2.08135904E-03
  -2.01545702E-03
  -1.93803571E-03
  -1.84880733E-03
  -1.74750783E-03
  -1.63389777E-03
  -1.50776259E-03
  -1.36891496E-03
  -1.21719541E-03
  -1.05247379E-03
  -8.74651305E-04
  -6.83661841E-04
  -4.79474227E-04
  -2.62094138E-04
  -3.15665566E-05
   2.12022089E-04
   4.68541548E-04
   7.37815222E-04
   1.01961766E-03
   1.31367194E-03
   1.61964772E-03
   1.93715829E-03
   2.26575928E-03
   2.60494510E-03
   2.95414939E-03
   3.31274117E-03
   3.68002593E-03
   4.05524299E-03
   4.43756534E-03
   4.82609868E-03
   5.21988701E-03
   5.61790587E-03
   6.01906935E-03
   6.42223004E-03
   6.82618096E-03
   7.22965831E-03
   7.63134891E-03
   8.02988838E-03
   8.42386857E-03
   8.81184544E-03
   9.19233728E-03
   9.56383534E-03
   9.92481597E-03
   1.02737341E-02
   1.06090419E-02
   1.09291868E-02
   1.12326294E-02
   1.15178423E-02
   1.17833251E-02
   1.20276054E-02
   1.22492546E-02
   1.24468887E-02
   1.26191797E-02
   1.27648665E-02
   1.28827561E-02
   1.29717374E-02
   1.30307851E-02
   1.30589660E-02
   1.30554475E-02
   1.30195059E-02
   1.29505275E-02
   1.28480177E-02
   1.27116041E-02
   1.25410445E-02
   1.23362234E-02
   1.20971603E-02
   1.18240137E-02
   1.15170795E-02
   1.11767966E-02
   1.08037395E-02
   1.03986301E-02
   9.96232871E-03
   9.49583389E-03
   9.00028180E-03
   8.47694557E-03
   7.92722590E-03
   7.35265203E-03
   6.75487565E-03
   6.13566488E-03
   5.49689773E-03
   4.84055607E-03
   4.16871812E-03
   3.48355062E-03
   2.78729829E-03
   2.08227639E-03
   1.37086050E-03
   6.55476120E-04
  -6.14118762E-05
  -7.77310168E-04
  -1.48970843E-03
  -2.19609099E-03
  -2.89394823E-03
  -3.58078931E-03
  -4.25415300E-03
  -4.91162157E-03
  -5.55083062E-03
  -6.16948120E-03
  -6.76535303E-03
  -7.33631477E-03
  -7.88033102E-03
  -8.39548185E-03
  -8.87996331E-03
  -9.33210086E-03
  -9.75035783E-03
  -1.01333428E-02
  -1.04798200E-02
  -1.07887071E-02
  -1.10590914E-02
  -1.12902280E-02
  -1.14815412E-02
  -1.16326371E-02
  -1.17432941E-02
  -1.18134692E-02
  -1.18433004E-02
  -1.18330996E-02
  -1.17833549E-02
  -1.16947265E-02
  -1.15680387E-02
  -1.14042833E-02
  -1.12046096E-02
  -1.09703131E-02
  -1.07028354E-02
  -1.04037523E-02
  -1.00747691E-02
  -9.71770380E-03
  -9.33448505E-03
  -8.92713945E-03
  -8.49778112E-03
  -8.04859772E-03
  -7.58184120E-03
  -7.09981797E-03
  -6.60487497E-03
  -6.09938754E-03
  -5.58574963E-03
  -5.06635802E-03
  -4.54360619E-03
  -4.01986856E-03
  -3.49748926E-03
  -2.97877332E-03
  -2.46597291E-03
  -1.96127896E-03
  -1.46680977E-03
  -9.84602375E-04
  -5.16602187E-04
  -6.46552871E-05
   3.69499961E-04
   7.84240488E-04
   1.17806543E-03
   1.54960179E-03
   1.89761049E-03
   2.22099083E-03
   2.51878472E-03
   2.79017910E-03
   3.03450972E-03
   3.25126178E-03
   3.44007090E-03
   3.60072381E-03
   3.73315695E-03
   3.83745530E-03
   3.91385052E-03
   3.96271609E-03
   3.98456631E-03
   3.98004893E-03
   3.94994207E-03
   3.89514677E-03
   3.81668238E-03
   3.71567742E-03
   3.59336287E-03
   3.45106353E-03
   3.29019059E-03
   3.11223115E-03
   2.91873957E-03
   2.71132798E-03
   2.49165576E-03
   2.26141931E-03
   2.02234322E-03
   1.77616824E-03
   1.52464199E-03
   1.26950850E-03
   1.01249828E-03
   7.55317800E-04
   4.99640417E-04
   2.47096643E-04
  -7.34874504E-07
  -2.42335998E-04
  -4.76257293E-04
  -7.01126002E-04
  -9.15653131E-04
  -1.11863995E-03
  -1.30898459E-03
  -1.48568675E-03
  -1.64785329E-03
  -1.79470179E-03
  -1.92556391E-03
  -2.03988841E-03
  -2.13724258E-03
  -2.21731397E-03
  -2.27991026E-03
  -2.32495973E-03
  -2.35250918E-03
  -2.36272207E-03
  -2.35587731E-03
  -2.33236444E-03
  -2.29268009E-03
  -2.23742402E-03
  -2.16729310E-03
  -2.08307523E-03
  -1.98564376E-03
  -1.87594921E-03
  -1.75501336E-03
  -1.62391993E-03
  -1.48380757E-03
  -1.33586011E-03
  -1.18129852E-03
  -1.02137181E-03
  -8.57347157E-04
  -6.90501940E-04
  -5.22113463E-04
  -3.53450450E-04
  -1.85763463E-04
  -2.02766369E-05
   1.41821060E-04
   2.99384032E-04
   4.51317901E-04
   5.96586673E-04
   7.34219793E-04
   8.63318157E-04
   9.83060105E-04
   1.09270657E-03
   1.19160442E-03
   1.27919181E-03
   1.35499961E-03
   1.41865422E-03
   1.46987918E-03
   1.50849519E-03
   1.53442100E-03
   1.54767092E-03
   1.54835545E-03
   1.53667689E-03
   1.51292770E-03
   1.47748622E-03
   1.43081252E-03
   1.37344375E-03
   1.30598852E-03
   1.22912112E-03
   1.14357506E-03
   1.05013675E-03
   9.49638605E-04
   8.42951355E-04
   7.30977044E-04
   6.14641351E-04
   4.94885899E-04
   3.72661045E-04
   2.48917961E-04
   1.24601473E-04
   6.42761847E-07
  -1.22047612E-04
  -2.42586408E-04
  -3.60124133E-04
  -4.73850901E-04
  -5.83002111E-04
  -6.86863496E-04
  -7.84775766E-04
  -8.76138569E-04
  -9.60414356E-04
  -1.03713095E-03
  -1.10588444E-03
  -1.16634055E-03
  -1.21823617E-03
  -1.26137945E-03
  -1.29565108E-03
  -1.32100249E-03
  -1.33745524E-03
  -1.34509965E-03
  -1.34409254E-03
  -1.33465498E-03
  -1.31706812E-03
  -1.29167072E-03
  -1.25885499E-03
  -1.21906225E-03
  -1.17277843E-03
  -1.12052949E-03
  -1.06287573E-03
  -1.00040738E-03
  -9.33738484E-04
  -8.63501860E-04
  -7.90343853E-04
  -7.14918307E-04
  -6.37881632E-04
  -5.59886917E-04
  -4.81579249E-04
  -4.03590297E-04
  -3.26533656E-04
  -2.51000281E-04
  -1.77553986E-04
  -1.06727581E-04
  -3.90191562E-05
   2.51112760E-05
   8.52446537E-05
   1.41005497E-04
   1.92064006E-04
   2.38137829E-04
   2.78993277E-04
   3.14446312E-04
   3.44362837E-04
   3.68658890E-04
   3.87300039E-04
   4.00300691E-04
   4.07722837E-04
   4.09674452E-04
   4.06307605E-04
   3.97816009E-04
   3.84432555E-04
   3.66426306E-04
   3.44099419E-04
   3.17783735E-04
   2.87837174E-04
   2.54640065E-04
   2.18591216E-04
   1.80103976E-04
   1.39602242E-04
   9.75164075E-05
   5.42793714E-05
   1.03225912E-05
  -3.39278122E-05
  -7.80547707E-05
  -1.21653844E-04
  -1.64336729E-04
  -2.05734323E-04
  -2.45499716E-04
  -2.83310947E-04
  -3.18873354E-04
  -3.51921743E-04
  -3.82222061E-04
  -4.09573026E-04
  -4.33807203E-04
  -4.54791792E-04
  -4.72429150E-04
  -4.86656820E-04
  -4.97447618E-04
  -5.04808675E-04
  -5.08780940E-04
  -5.09437930E-04
  -5.06884593E-04
  -5.01255272E-04
  -4.92712017E-04
  -4.81442403E-04
  -4.67657403E-04
  -4.51588538E-04
  -4.33485577E-04
  -4.13613627E-04
  -3.92250367E-04
  -3.69683112E-04
  -3.46205808E-04
  -3.22116161E-04
  -2.97712657E-04
  -2.73291807E-04
  -2.49145058E-04
  -2.25556229E-04
  -2.02798838E-04
  -1.81133655E-04
  -1.60806288E-04
  -1.42045072E-04
  -1.25059087E-04
  -1.10036359E-04
  -9.71423578E-05
  -8.65186084E-05
  -7.82816205E-05
  -7.25220816E-05
  -6.93042093E-05
  -6.86654239E-05
  -7.06162900E-05
  -7.51406187E-05
  -8.21959184E-05
  -9.17140278E-05
  -1.03601997E-04
  -1.17743206E-04
  -1.33998692E-04
  -1.52208624E-04
  -1.72194064E-04
  -1.93758809E-04
  -2.16691376E-04
  -2.40767200E-04
  -2.65750859E-04
  -2.91398348E-04
  -3.17459606E-04
  -3.43680760E-04
  -3.69806803E-04
  -3.95583746E-04
  -4.20761324E-04
  -4.45095182E-04
  -4.68349084E-04
  -4.90297389E-04
  -5.10726881E-04
  -5.29438606E-04
  -5.46250143E-04
  -5.60996647E-04
  -5.73532714E-04
  -5.83733432E-04
  -5.91495424E-04
  -5.96737838E-04
  -5.99402876E-04
  -5.99456253E-04
  -5.96887141E-04
  -5.91708347E-04
  -5.83956076E-04
  -5.73689234E-04
  -5.60988788E-04
  -5.45957126E-04
  -5.28716540E-04
  -5.09408303E-04
  -4.88190824E-04
  -4.65238467E-04
  -4.40739474E-04
  -4.14894224E-04
  -3.87913169E-04
  -3.60014848E-04
  -3.31423798E-04
  -3.02368193E-04
  -2.73077807E-04
  -2.43781804E-04
  -2.14706626E-04
  -1.86073768E-04
  -1.58097842E-04
  -1.30984612E-04
  -1.04929219E-04
  -8.01143324E-05
  -5.67087482E-05
  -3.48659523E-05
  -1.47229157E-05
   3.60093486E-06
   2.00045215E-05
   3.44057407E-05
   4.67418613E-05
   5.69697513E-05
   6.50658621E-05
   7.10260065E-05
   7.48649691E-05
   7.66159428E-05
   7.63297139E-05
   7.40737669E-05
   6.99311713E-05
   6.39994323E-05
   5.63890862E-05
   4.72223182E-05
   3.66314853E-05
   2.47574990E-05
   1.17482768E-05
  -2.24289306E-06
  -1.70589719E-05
  -3.25407564E-05
  -4.85284545E-05
  -6.48631976E-05
  -8.13884981E-05
  -9.79516190E-05
  -1.14404836E-04
  -1.30606655E-04
  -1.46422914E-04
  -1.61727628E-04
  -1.76404021E-04
  -1.90345090E-04
  -2.03454299E-04
  -2.15645952E-04
  -2.26845688E-04
  -2.36990614E-04
  -2.46029376E-04
  -2.53922306E-04
  -2.60641071E-04
  -2.66168703E-04
  -2.70499062E-04
  -2.73636600E-04
  -2.75595696E-04
  -2.76400184E-04
  -2.76082690E-04
  -2.74683931E-04
  -2.72252015E-04
  -2.68841541E-04
  -2.64512870E-04
  -2.59331224E-04
  -2.53366015E-04
  -2.46689655E-04
  -2.39377026E-04
  -2.31504469E-04
  -2.23149036E-04
  -2.14387677E-04
  -2.05296557E-04
  -1.95950270E-04
  -1.86421297E-04
  -1.76779344E-04
  -1.67090853E-04
  -1.57418501E-04
  -1.47820771E-04
  -1.38351679E-04
  -1.29060456E-04
  -1.19991368E-04
  -1.11183537E-04
  -1.02670856E-04
  -9.44819913E-05
  -8.66404007E-05
  -7.91643979E-05
  -7.20673052E-05
  -6.53575771E-05
  -5.90390300E-05
  -5.31110927E-05
  -4.75690467E-05
  -4.24043137E-05
  -3.76047537E-05
  -3.31549854E-05
  -2.90367061E-05
  -2.52290156E-05
  -2.17087600E-05
  -1.84508590E-05
  -1.54286445E-05
  -1.26141758E-05
  -9.97858297E-06
  -7.49239007E-06
  -5.12581983E-06
  -2.84911812E-06
  -6.32855347E-07
   1.55176178E-06
   3.73260605E-06
   5.93633240E-06
   8.18809986E-06
   1.05113013E-05
   1.29273039E-05
   1.54551981E-05
   1.81115593E-05
   2.09102400E-05
   2.38621669E-05
   2.69751727E-05
   3.02538483E-05
   3.36994053E-05
   3.73096118E-05
   4.10787034E-05
   4.49973886E-05
   4.90528619E-05
   5.32288432E-05
   5.75056765E-05
   6.18604827E-05
   6.62673265E-05
   7.06974388E-05
   7.51194457E-05
   7.94997177E-05
   8.38026463E-05
   8.79910003E-05
   9.20263483E-05
   9.58694509E-05
   9.94806542E-05
   1.02820370E-04
   1.05849511E-04
   1.08529930E-04
   1.10824883E-04
   1.12699476E-04
   1.14121060E-04
   1.15059673E-04
   1.15488423E-04
   1.15383853E-04
   1.14726237E-04
   1.13499926E-04
   1.11693567E-04
   1.09300345E-04
   1.06318126E-04
   1.02749582E-04
   9.86022787E-05
   9.38886951E-05
   8.86261987E-05
   8.28369302E-05
   7.65477162E-05
   6.97898722E-05
   6.25989924E-05
   5.50146360E-05
   4.70800478E-05
   3.88417939E-05
   3.03493234E-05
   2.16545777E-05
   1.28115007E-05
   3.87555474E-06
  -5.09679876E-06
  -1.40486272E-05
  -2.29230700E-05
  -3.16638834E-05
  -4.02159858E-05
  -4.85260025E-05
  -5.65427763E-05
  -6.42178784E-05
  -7.15060887E-05
  -7.83658325E-05
  -8.47595729E-05
  -9.06541827E-05
  -9.60212637E-05
  -1.00837387E-04
  -1.05084306E-04
  -1.08749075E-04
  -1.11824163E-04
  -1.14307448E-04
  -1.16202209E-04
  -1.17516989E-04
  -1.18265467E-04
  -1.18466196E-04
  -1.18142416E-04
  -1.17321681E-04
  -1.16035502E-04
  -1.14318980E-04
  -1.12210379E-04
  -1.09750625E-04
  -1.06982923E-04
  -1.03952181E-04
  -1.00704550E-04
  -9.72869675E-05
  -9.37466248E-05
  -9.01304957E-05
  -8.64849135E-05
  -8.28550910E-05
  -7.92846913E-05
  -7.58155220E-05
  -7.24870843E-05
  -6.93363181E-05
  -6.63972605E-05
  -6.37008343E-05
  -6.12746444E-05
  -5.91427561E-05
  -5.73255929E-05
  -5.58398242E-05
  -5.46982919E-05
  -5.39099856E-05
  -5.34800529E-05
  -5.34098072E-05
  -5.36968073E-05
  -5.43349634E-05
  -5.53146492E-05
  -5.66228337E-05
  -5.82432876E-05
  -6.01567408E-05
  -6.23411615E-05
  -6.47719062E-05
  -6.74220573E-05
  -7.02626421E-05
  -7.32629705E-05
  -7.63908611E-05
  -7.96130262E-05
  -8.28953707E-05
  -8.62032612E-05
  -8.95019039E-05
  -9.27566798E-05
  -9.59333775E-05
  -9.89986147E-05
  -1.01920079E-04
  -1.04666826E-04
  -1.07209555E-04
  -1.09520850E-04
  -1.11575442E-04
  -1.13350397E-04
  -1.14825314E-04
  -1.15982468E-04
  -1.16806950E-04
  -1.17286749E-04
  -1.17412819E-04
  -1.17179166E-04
  -1.16582763E-04
  -1.15623596E-04
  -1.14304588E-04
  -1.12631518E-04
  -1.10612928E-04
  -1.08259963E-04
  -1.05586252E-04
  -1.02607730E-04
  -9.93424328E-05
  -9.58103410E-05
  -9.20331440E-05
  -8.80340376E-05
  -8.38374835E-05
  -7.94690350E-05
  -7.49551036E-05
  -7.03227124E-05
  -6.55993208E-05
  -6.08126065E-05
  -5.59902692E-05
  -5.11598337E-05
  -4.63484721E-05
  -4.15828290E-05
  -3.68888504E-05
  -3.22916349E-05
  -2.78152911E-05
  -2.34827803E-05
  -1.93158085E-05
  -1.53346937E-05
  -1.15582625E-05
  -8.00373982E-06
  -4.68666622E-06
  -1.62081926E-06
   1.18186017E-06
   3.71132410E-06
   5.95945903E-06
   7.92011724E-06
   9.58913279E-06
   1.09643315E-05
   1.20455043E-05
   1.28343936E-05
   1.33346311E-05
   1.35516884E-05
   1.34927895E-05
   1.31668185E-05
   1.25842043E-05
   1.17567952E-05
   1.06977132E-05
   9.42120732E-06
   7.94248353E-06
   6.27753070E-06
   4.44294164E-06
   2.45572915E-06
   3.33141173E-07
  -1.90752394E-06
  -4.24909740E-06
  -6.67471249E-06
  -9.16796853E-06
  -1.17130812E-05
  -1.42950221E-05
  -1.68996357E-05
  -1.95137509E-05
  -2.21252521E-05
  -2.47231510E-05
  -2.72976395E-05
  -2.98400973E-05
  -3.23431050E-05
  -3.48004214E-05
  -3.72069626E-05
  -3.95587340E-05
  -4.18527670E-05
  -4.40870535E-05
  -4.62604403E-05
  -4.83725380E-05
  -5.04236086E-05
  -5.24144561E-05
  -5.43463248E-05
  -5.62207824E-05
  -5.80396118E-05
  -5.98047045E-05
  -6.15179742E-05
  -6.31812654E-05
  -6.47962515E-05
  -6.63644023E-05
  -6.78868819E-05
  -6.93645270E-05
  -7.07977815E-05
  -7.21867182E-05
  -7.35309441E-05
  -7.48296370E-05
  -7.60815528E-05
  -7.72850181E-05
  -7.84379445E-05
  -7.95378437E-05
  -8.05819145E-05
  -8.15670282E-05
  -8.24897725E-05
  -8.33465529E-05
  -8.41336005E-05
  -8.48470518E-05
  -8.54829923E-05
  -8.60375294E-05
  -8.65068723E-05
  -8.68873612E-05
  -8.71755619E-05
  -8.73683166E-05
  -8.74627804E-05
  -8.74565085E-05
  -8.73475146E-05
  -8.71342709E-05
  -8.68158240E-05
  -8.63917812E-05
  -8.58623462E-05
  -8.52283920E-05
  -8.44914175E-05
  -8.36536346E-05
  -8.27178810E-05
  -8.16877218E-05
  -8.05673335E-05
  -7.93615691E-05
  -7.80759001E-05
  -7.67163365E-05
  -7.52894484E-05
  -7.38022645E-05
  -7.22622208E-05
  -7.06771316E-05
  -6.90550878E-05
  -6.74043622E-05
  -6.57333803E-05
  -6.40506405E-05
  -6.23645828E-05
  -6.06835820E-05
  -5.90158343E-05
  -5.73692960E-05
  -5.57516250E-05
  -5.41701120E-05
  -5.26316435E-05
  -5.11426406E-05
  -4.97090259E-05
  -4.83361910E-05
  -4.70289706E-05
  -4.57916212E-05
  -4.46278391E-05
  -4.35407128E-05
  -4.25327707E-05
  -4.16059738E-05
  -4.07617372E-05
  -4.00009521E-05
  -3.93240189E-05
  -3.87308610E-05
  -3.82209837E-05
  -3.77934921E-05
  -3.74471238E-05
  -3.71802926E-05
  -3.69911322E-05
  -3.68774963E-05
  -3.68370202E-05
  -3.68671463E-05
  -3.69651425E-05
  -3.71281349E-05
  -3.73531184E-05
  -3.76370008E-05
  -3.79765988E-05
  -3.83686565E-05
  -3.88098670E-05
  -3.92968868E-05
  -3.98263292E-05
  -4.03947924E-05
  -4.09988534E-05
  -4.16350777E-05
  -4.23000165E-05
  -4.29902357E-05
  -4.37022900E-05
  -4.44327306E-05
  -4.51781198E-05
  -4.59350158E-05
  -4.66999845E-05
  -4.74696062E-05
  -4.82404575E-05
  -4.90091370E-05
  -4.97722467E-05
  -5.05264215E-05
  -5.12683109E-05
  -5.19945934E-05
  -5.27019802E-05
  -5.33872335E-05
  -5.40471556E-05
  -5.46786141E-05
  -5.52785277E-05
  -5.58439024E-05
  -5.63718277E-05
  -5.68594878E-05
  -5.73041798E-05
  -5.77033170E-05
  -5.80544402E-05
  -5.83552501E-05
  -5.86036003E-05
  -5.87975337E-05
  -5.89352894E-05
  -5.90153140E-05
  -5.90362943E-05
  -5.89971642E-05
  -5.88971197E-05
  -5.87356481E-05
  -5.85125235E-05
  -5.82278408E-05
  -5.78820036E-05
  -5.74757614E-05
  -5.70102093E-05
  -5.64867769E-05
  -5.59072578E-05
  -5.52737802E-05
  -5.45888179E-05
  -5.38551831E-05
  -5.30760153E-05
  -5.22547525E-05
  -5.13951345E-05
  -5.05011631E-05
  -4.95770801E-05
  -4.86273493E-05
  -4.76566092E-05
  -4.66696511E-05
  -4.56713715E-05
  -4.46667473E-05
  -4.36608025E-05
  -4.26585393E-05
  -4.16649418E-05
  -4.06849140E-05
  -3.97232579E-05
  -3.87846230E-05
  -3.78734949E-05
  -3.69941699E-05
  -3.61507082E-05
  -3.53469404E-05
  -3.45864428E-05
  -3.38725222E-05
  -3.32082054E-05
  -3.25962501E-05
  -3.20391337E-05
  -3.15390389E-05
  -3.10978903E-05
  -3.07173432E-05
  -3.03987999E-05
  -3.01434302E-05
  -2.99521653E-05
  -2.98257164E-05
  -2.97645929E-05
  -2.97691095E-05
  -2.98393970E-05
  -2.99754156E-05
  -3.01769396E-05
  -3.04435998E-05
  -3.07748451E-05
  -3.11699478E-05
  -3.16280020E-05
  -3.21479165E-05
  -3.27283924E-05
  -3.33679127E-05
  -3.40647166E-05
  -3.48167960E-05
  -3.56218516E-05
  -3.64772895E-05
  -3.73801849E-05
  -3.83272745E-05
  -3.93149166E-05
  -4.03390914E-05
  -4.13953821E-05
  -4.24789505E-05
  -4.35845504E-05
  -4.47064958E-05
  -4.58386858E-05
  -4.69745864E-05
  -4.81072639E-05
  -4.92293875E-05
  -5.03332558E-05
  -5.14108251E-05
  -5.24537281E-05
  -5.34533247E-05
  -5.44007489E-05
  -5.52869533E-05
  -5.61027628E-05
  -5.68389041E-05
  -5.74861151E-05
  -5.80351807E-05
  -5.84769950E-05
  -5.88026305E-05
  -5.90034251E-05
  -5.90710406E-05
  -5.89975316E-05
  -5.87754184E-05
  -5.83977599E-05
  -5.78582221E-05
  -5.71511373E-05
  -5.62715868E-05
  -5.52154270E-05
  -5.39793764E-05
  -5.25610521E-05
  -5.09590245E-05
  -4.91728351E-05
  -4.72030588E-05
  -4.50513071E-05
  -4.27202540E-05
  -4.02136393E-05
  -3.75362870E-05
  -3.46940869E-05
  -3.16939731E-05
  -2.85439110E-05
  -2.52528644E-05
  -2.18307414E-05
  -1.82883541E-05
  -1.46373595E-05
  -1.08901886E-05
  -7.05997900E-06
  -3.16048545E-06
   7.94000414E-07
   4.78874426E-06
   8.80866355E-06
   1.28384318E-05
   1.68625702E-05
   2.08655547E-05
   2.48319175E-05
   2.87463463E-05
   3.25937835E-05
   3.63595245E-05
   4.00292884E-05
   4.35893235E-05
   4.70264786E-05
   5.03282608E-05
   5.34829232E-05
   5.64795009E-05
   5.93078730E-05
   6.19587809E-05
   6.44239044E-05
   6.66958294E-05
   6.87681022E-05
   7.06352221E-05
   7.22926707E-05
   7.37368973E-05
   7.49652827E-05
   7.59761606E-05
   7.67688034E-05
   7.73433640E-05
   7.77008900E-05
   7.78432732E-05
   7.77732421E-05
   7.74943182E-05
   7.70107654E-05
   7.63276112E-05
   7.54505891E-05
   7.43860728E-05
   7.31411128E-05
   7.17233415E-05
   7.01409808E-05
   6.84027764E-05
   6.65179978E-05
   6.44963802E-05
   6.23480955E-05
   6.00837229E-05
   5.77142237E-05
   5.52508282E-05
   5.27050834E-05
   5.00887472E-05
   4.74137814E-05
   4.46922604E-05
   4.19363641E-05
   3.91582871E-05
   3.63702056E-05
   3.35842124E-05
   3.08122653E-05
   2.80661388E-05
   2.53573526E-05
   2.26971224E-05
   2.00963113E-05
   1.75653749E-05
   1.51143158E-05
   1.27526291E-05
   1.04892642E-05
   8.33258582E-06
   6.29033821E-06
   4.36961182E-06
   2.57681859E-06
   9.17666284E-07
  -6.02856744E-07
  -1.98049679E-06
  -3.21174275E-06
  -4.29383135E-06
  -5.22474647E-06
  -6.00321346E-06
  -6.62869570E-06
  -7.10137556E-06
  -7.42214479E-06
  -7.59258410E-06
  -7.61494266E-06
  -7.49211222E-06
  -7.22760251E-06
  -6.82551172E-06
  -6.29049646E-06
  -5.62773812E-06
  -4.84291331E-06
  -3.94215294E-06
  -2.93200492E-06
  -1.81940038E-06
  -6.11610062E-07
   6.83796145E-07
   2.05898868E-06
   3.50592404E-06
   5.01638169E-06
   6.58201589E-06
   8.19439174E-06
   9.84503185E-06
   1.15254543E-05
   1.32272153E-05
   1.49419502E-05
   1.66614045E-05
   1.83774700E-05
   2.00822178E-05
   2.17679317E-05
   2.34271156E-05
   2.50525354E-05
   2.66372263E-05
   2.81745015E-05
   2.96579674E-05
   3.10815340E-05
   3.24393914E-05
   3.37260535E-05
   3.49363108E-05
   3.60652339E-05
   3.71081842E-05
   3.80607817E-05
   3.89189045E-05
   3.96786672E-05
   4.03364211E-05
   4.08887390E-05
   4.13324087E-05
   4.16644216E-05
   4.18819654E-05
   4.19824355E-05
   4.19634343E-05
   4.18227719E-05
   4.15584764E-05
   4.11687943E-05
   4.06522377E-05
   4.00075587E-05
   3.92338152E-05
   3.83303523E-05
   3.72968534E-05
   3.61333587E-05
   3.48402828E-05
   3.34184406E-05
   3.18690727E-05
   3.01938562E-05
   2.83949375E-05
   2.64749415E-05
   2.44369821E-05
   2.22846666E-05
   2.00221057E-05
   1.76539124E-05
   1.51851846E-05
   1.26215118E-05
   9.96894687E-06
   7.23398762E-06
   4.42355304E-06
   1.54495660E-06
  -1.39413544E-06
  -4.38573807E-06
  -7.42158863E-06
  -1.04931942E-05
  -1.35918772E-05
  -1.67088238E-05
  -1.98351427E-05
  -2.29619163E-05
  -2.60802353E-05
  -2.91812867E-05
  -3.22563756E-05
  -3.52969910E-05
  -3.82948674E-05
  -4.12420013E-05
  -4.41307348E-05
  -4.69537699E-05
  -4.97042311E-05
  -5.23756935E-05
  -5.49622091E-05
  -5.74583428E-05
  -5.98591942E-05
  -6.21604340E-05
  -6.43582825E-05
  -6.64495528E-05
  -6.84316256E-05
  -7.03024853E-05
  -7.20606913E-05
  -7.37053488E-05
  -7.52361084E-05
  -7.66531521E-05
  -7.79571565E-05
  -7.91492566E-05
  -8.02310387E-05
  -8.12044818E-05
  -8.20718851E-05
  -8.28358898E-05
  -8.34993843E-05
  -8.40654830E-05
  -8.45375180E-05
  -8.49189237E-05
  -8.52132289E-05
  -8.54240716E-05
  -8.55550679E-05
  -8.56098704E-05
  -8.55920807E-05
  -8.55052494E-05
  -8.53528327E-05
  -8.51382210E-05
  -8.48646669E-05
  -8.45353425E-05
  -8.41532747E-05
  -8.37213884E-05
  -8.32424994E-05
  -8.27192925E-05
  -8.21543508E-05
  -8.15501917E-05
  -8.09092016E-05
  -8.02337236E-05
  -7.95260275E-05
  -7.87883182E-05
  -7.80227419E-05
  -7.72313942E-05
  -7.64163560E-05
  -7.55796646E-05
  -7.47232771E-05
  -7.38491508E-05
  -7.29591702E-05
  -7.20551398E-05
  -7.11388348E-05
  -7.02119214E-05
  -6.92759859E-05
  -6.83324688E-05
  -6.73827162E-05
  -6.64279069E-05
  -6.54690375E-05
  -6.45069522E-05
  -6.35422621E-05
  -6.25753673E-05
  -6.16064062E-05
  -6.06352805E-05
  -5.96616374E-05
  -5.86848400E-05
  -5.77039791E-05
  -5.67178613E-05
  -5.57250278E-05
  -5.47237432E-05
  -5.37120104E-05
  -5.26875883E-05
  -5.16480104E-05
  -5.05906100E-05
  -4.95125278E-05
  -4.84107659E-05
  -4.72822103E-05
  -4.61236668E-05
  -4.49318977E-05
  -4.37036797E-05
  -4.24358259E-05
  -4.11252586E-05
  -3.97690274E-05
  -3.83643928E-05
  -3.69088411E-05
  -3.54001386E-05
  -3.38363971E-05
  -3.22160995E-05
  -3.05381327E-05
  -2.88018564E-05
  -2.70071014E-05
  -2.51542133E-05
  -2.32440798E-05
  -2.12781324E-05
  -1.92583739E-05
  -1.71873689E-05
  -1.50682517E-05
  -1.29047166E-05
  -1.07009964E-05
  -8.46184503E-06
  -6.19250932E-06
  -3.89869865E-06
  -1.58654245E-06
   7.37452638E-07
   3.06644847E-06
   5.39332677E-06
   7.71074247E-06
   1.00111856E-05
   1.22870279E-05
   1.45305912E-05
   1.67341987E-05
   1.88902359E-05
   2.09911977E-05
   2.30297574E-05
   2.49988025E-05
   2.68914864E-05
   2.87012717E-05
   3.04219666E-05
   3.20477739E-05
   3.35732911E-05
   3.49935763E-05
   3.63041363E-05
   3.75009513E-05
   3.85804960E-05
   3.95397292E-05
   4.03761151E-05
   4.10876273E-05
   4.16727271E-05
   4.21303557E-05
   4.24599712E-05
   4.26614861E-05
   4.27352898E-05
   4.26822189E-05
   4.25035578E-05
   4.22010307E-05
   4.17767806E-05
   4.12333538E-05
   4.05737010E-05
   3.98011653E-05
   3.89194611E-05
   3.79326666E-05
   3.68452202E-05
   3.56618912E-05
   3.43877946E-05
   3.30283583E-05
   3.15893158E-05
   3.00766915E-05
   2.84967882E-05
   2.68561744E-05
   2.51616511E-05
   2.34202489E-05
   2.16391945E-05
   1.98259004E-05
   1.79879280E-05
   1.61329572E-05
   1.42687686E-05
   1.24032049E-05
   1.05441377E-05
   8.69943142E-06
   6.87690772E-06
   5.08430321E-06
   3.32923400E-06
   1.61915079E-06
  -3.87003425E-08
  -1.63732045E-06
  -3.16999967E-06
  -4.63035713E-06
  -6.01238389E-06
  -7.31047885E-06
  -8.51948516E-06
  -9.63472939E-06
  -1.06520483E-05
  -1.15678258E-05
  -1.23790160E-05
  -1.30831631E-05
  -1.36784292E-05
  -1.41636074E-05
  -1.45381300E-05
  -1.48020781E-05
  -1.49561893E-05
  -1.50018514E-05
  -1.49410962E-05
  -1.47765895E-05
  -1.45116155E-05
  -1.41500577E-05
  -1.36963690E-05
  -1.31555471E-05
  -1.25330916E-05
  -1.18349753E-05
  -1.10675928E-05
  -1.02377135E-05
  -9.35243497E-06
  -8.41912606E-06
  -7.44536464E-06
  -6.43888461E-06
  -5.40750671E-06
  -4.35907714E-06
  -3.30140051E-06
  -2.24217524E-06
  -1.18892569E-06
  -1.48936380E-07
   8.70810595E-07
   1.86369732E-06
   2.82352994E-06
   3.74459341E-06
   4.62170192E-06
   5.45024477E-06
   6.22622747E-06
   6.94630489E-06
   7.60780904E-06
   8.20877085E-06
   8.74793295E-06
   9.22475738E-06
   9.63942330E-06
   9.99281474E-06
   1.02865124E-05
   1.05227555E-05
   1.07044243E-05
   1.08349959E-05
   1.09184975E-05
   1.09594585E-05
   1.09628536E-05
   1.09340372E-05
   1.08786908E-05
   1.08027398E-05
   1.07122969E-05
   1.06135794E-05
   1.05128465E-05
   1.04163246E-05
   1.03301363E-05
   1.02602326E-05
   1.02123313E-05
   1.01918558E-05
   1.02038757E-05
   1.02530557E-05
   1.03436123E-05
   1.04792680E-05
   1.06632187E-05
   1.08981067E-05
   1.11859918E-05
   1.15283437E-05
   1.19260239E-05
   1.23792888E-05
   1.28877809E-05
   1.34505481E-05
   1.40660468E-05
   1.47321571E-05
   1.54462159E-05
   1.62050255E-05
   1.70049025E-05
   1.78416922E-05
   1.87108035E-05
   1.96072651E-05
   2.05257420E-05
   2.14605789E-05
   2.24058622E-05
   2.33554329E-05
   2.43029554E-05
   2.52419377E-05
   2.61657988E-05
   2.70679011E-05
   2.79415999E-05
   2.87802759E-05
   2.95773953E-05
   3.03265424E-05
   3.10214818E-05
   3.16561891E-05
   3.22248925E-05
   3.27221278E-05
   3.31427582E-05
   3.34820616E-05
   3.37357233E-05
   3.38999052E-05
   3.39712642E-05
   3.39470025E-05
   3.38248938E-05
   3.36033045E-05
   3.32812342E-05
   3.28583228E-05
   3.23348686E-05
   3.17118502E-05
   3.09909228E-05
   3.01744167E-05
   2.92653494E-05
   2.82673955E-05
