   0.00000000    
   0.00000000    
   0.00000000    
   0.00000000    
   0.00000000    
   0.00000000    
   0.00000000    
   0.00000000    
   0.00000000    
   0.00000000    
   0.00000000    
   0.00000000    
   0.00000000    
   0.00000000    
   0.00000000    
   0.00000000    
   0.00000000    
   0.00000000    
   0.00000000    
   0.00000000    
   0.00000000    
   0.00000000    
   0.00000000    
   0.00000000    
   0.00000000    
   0.00000000    
   0.00000000    
   0.00000000    
   0.00000000    
   0.00000000    
   0.00000000    
   0.00000000    
   0.00000000    
   0.00000000    
   0.00000000    
   0.00000000    
   0.00000000    
   0.00000000    
   0.00000000    
   0.00000000    
   0.00000000    
   0.00000000    
   0.00000000    
   0.00000000    
   0.00000000    
   0.00000000    
   0.00000000    
   0.00000000    
   0.00000000    
   0.00000000    
   0.00000000    
   0.00000000    
   0.00000000    
   0.00000000    
   0.00000000    
   0.00000000    
   0.00000000    
   0.00000000    
   0.00000000    
   0.00000000    
   0.00000000    
   0.00000000    
   0.00000000    
  -1.40129846E-45
  -4.20389539E-45
  -9.80908925E-45
  -1.82168800E-44
  -2.80259693E-44
  -3.36311631E-44
  -2.52233724E-44
   1.96181785E-44
   1.40129846E-43
   3.96567465E-43
   8.70206346E-43
   1.64512440E-42
   2.75635408E-42
   4.07777853E-42
   5.11894329E-42
   4.69575115E-42
   4.54020702E-43
  -1.17246643E-41
  -3.83044935E-41
  -8.83560721E-41
  -1.72910421E-40
  -3.02376387E-40
  -4.80510849E-40
  -6.92895848E-40
  -8.87425502E-40
  -9.44461152E-40
  -6.35425795E-40
   4.28521274E-40
   2.85027331E-39
   7.48599424E-39
   1.54378586E-38
   2.79481131E-38
   4.61166316E-38
   7.03359848E-38
   9.93131162E-38
   1.28535200E-37
   1.48056263E-37
   1.39553554E-37
   7.27597042E-38
  -9.83436980E-38
  -4.38746190E-37
  -1.03358178E-36
  -1.98495089E-36
  -3.40104689E-36
  -5.37309184E-36
  -7.93448284E-36
  -1.09957961E-35
  -1.42492874E-35
  -1.70379641E-35
  -1.81879124E-35
  -1.58093644E-35
  -7.08311398E-36
   1.19346498E-35
   4.64332351E-35
   1.02808862E-34
   1.88345844E-34
   3.10457242E-34
   4.75285059E-34
   6.85427496E-34
   9.36545094E-34
   1.21261398E-33
   1.47966160E-33
   1.67796162E-33
   1.71290576E-33
   1.44514394E-33
   6.81110493E-34
  -8.34244208E-34
  -3.41980180E-33
  -7.45194799E-33
  -1.33446277E-32
  -2.15096849E-32
  -3.22902803E-32
  -4.58596140E-32
  -6.20770867E-32
  -8.02952391E-32
  -9.91135694E-32
  -1.16080044E-31
  -1.27349061E-31
  -1.27315289E-31
  -1.08257940E-31
  -6.00484950E-32
   3.00022452E-32
   1.77055886E-31
   3.98287814E-31
   7.11902042E-31
   1.13544046E-30
   1.68319375E-30
   2.36252453E-30
   3.16893378E-30
   4.07976549E-30
   5.04653304E-30
   5.98600656E-30
   6.77041262E-30
   7.21735325E-30
   7.08043318E-30
   6.04196084E-30
   3.70957542E-30
  -3.80832099E-31
  -6.75305066E-30
  -1.59660044E-29
  -2.85730726E-29
  -4.50614524E-29
  -6.57679618E-29
  -9.07682778E-29
  -1.19737761E-28
  -1.51784019E-28
  -1.85254299E-28
  -2.17524615E-28
  -2.44782663E-28
  -2.61823002E-28
  -2.61881406E-28
  -2.36543173E-28
  -1.75772019E-28
  -6.81156463E-29
   9.88429136E-29
   3.37709673E-28
   6.60091351E-28
   1.07490050E-27
   1.58605752E-27
   2.18950289E-27
   2.86944611E-27
   3.59381147E-27
   4.30888846E-27
   4.93327148E-27
   5.35126838E-27
   5.40610230E-27
   4.89341436E-27
   3.55580209E-27
   1.07943482E-27
  -2.90585754E-27
  -8.82117515E-27
  -1.71254338E-26
  -2.82915411E-26
  -4.27681155E-26
  -6.09222548E-26
  -8.29578577E-26
  -1.08803110E-25
  -1.37959927E-25
  -1.69306991E-25
  -2.00847635E-25
  -2.29393356E-25
  -2.50173850E-25
  -2.56366063E-25
  -2.38536377E-25
  -1.83995162E-25
  -7.60692470E-26
   1.06692279E-25
   3.91348102E-25
   8.11380419E-25
   1.40741838E-24
   2.22775385E-24
   3.32848933E-24
   4.77309205E-24
   6.63105985E-24
   8.97530360E-24
   1.18777398E-23
   1.54024508E-23
   1.95956204E-23
   2.44712573E-23
   2.99915418E-23
   3.60403726E-23
   4.23885793E-23
   4.86489069E-23
   5.42188328E-23
   5.82091122E-23
   5.93559392E-23
   5.59147576E-23
   4.55342095E-23
   2.51093211E-23
  -9.38574951E-24
  -6.30833323E-23
  -1.42421667E-22
  -2.55349984E-22
  -4.11526545E-22
  -6.22490468E-22
  -9.01779945E-22
  -1.26496070E-21
  -1.72951127E-21
  -2.31450447E-21
  -3.03999174E-21
  -3.92599063E-21
  -4.99093478E-21
  -6.24941981E-21
  -7.70905108E-21
  -9.36614427E-21
  -1.12000069E-20
  -1.31654809E-20
  -1.51833687E-20
  -1.71283595E-20
  -1.88140405E-20
  -1.99745232E-20
  -2.02423035E-20
  -1.91219504E-20
  -1.59593901E-20
  -9.90661067E-21
   1.17998067E-22
   1.54732228E-20
   3.78414774E-20
   6.92764345E-20
   1.12249275E-19
   1.69689666E-19
   2.45016352E-19
   3.42150258E-19
   4.65500232E-19
   6.19910192E-19
   8.10550560E-19
   1.04273675E-18
   1.32164799E-18
   1.65192001E-18
   2.03707391E-18
   2.47874183E-18
   2.97564039E-18
   3.52223472E-18
   4.10703529E-18
   4.71045320E-18
   5.30214418E-18
   5.83776017E-18
   6.25503557E-18
   6.46912645E-18
   6.36714832E-18
   5.80186219E-18
   4.58448600E-18
   2.47667698E-18
  -8.18255179E-19
  -5.66470944E-18
  -1.25044703E-17
  -2.18662730E-17
  -3.43746749E-17
  -5.07573641E-17
  -7.18499139E-17
  -9.85964218E-17
  -1.32044297E-16
  -1.73330867E-16
  -2.23658944E-16
  -2.84257798E-16
  -3.56325347E-16
  -4.40946718E-16
  -5.38983105E-16
  -6.50923432E-16
  -7.76692578E-16
  -9.15405870E-16
  -1.06506050E-15
  -1.22215282E-15
  -1.38121089E-15
  -1.53423046E-15
  -1.67000148E-15
  -1.77331483E-15
  -1.82404077E-15
  -1.79606730E-15
  -1.65610145E-15
  -1.36232893E-15
  -8.62945096E-16
  -9.45766350E-17
   1.01937768E-15
   2.57043202E-15
   4.66666238E-15
   7.43421590E-15
   1.10185595E-14
   1.55853012E-14
   2.13203766E-14
   2.84293226E-14
   3.71353644E-14
   4.76758457E-14
   6.02966028E-14
   7.52436782E-14
   9.27517205E-14
   1.13028381E-13
   1.36233676E-13
   1.62453533E-13
   1.91666168E-13
   2.23700358E-13
   2.58184153E-13
   2.94482402E-13
   3.31622100E-13
   3.68203542E-13
   4.02296387E-13
   4.31318664E-13
   4.51898068E-13
   4.59714135E-13
   4.49321488E-13
   4.13953756E-13
   3.45309230E-13
   2.33320687E-13
   6.59122889E-14
  -1.71251332E-13
  -4.95016354E-13
  -9.24982421E-13
  -1.48372384E-12
  -2.19697307E-12
  -3.09374488E-12
  -4.20638220E-12
  -5.57048244E-12
  -7.22467745E-12
  -9.21022113E-12
  -1.15703298E-11
  -1.43492163E-11
  -1.75907483E-11
  -2.13366616E-11
  -2.56242284E-11
  -3.04832687E-11
  -3.59324306E-11
  -4.19745766E-11
  -4.85911797E-11
  -5.57355620E-11
  -6.33248246E-11
  -7.12303549E-11
  -7.92667251E-11
  -8.71787989E-11
  -9.46269729E-11
  -1.01170357E-10
  -1.06247802E-10
  -1.09156705E-10
  -1.09029549E-10
  -1.04808162E-10
  -9.52158144E-11
  -7.87273441E-11
  -5.35375425E-11
  -1.75282167E-11
   3.17654236E-11
   9.71883893E-11
   1.81998555E-10
   2.89897106E-10
   4.25055241E-10
   5.92135174E-10
   7.96303912E-10
   1.04323605E-09
   1.33910372E-09
   1.69054915E-09
   2.10463624E-09
   2.58877741E-09
   3.15062754E-09
   3.79794196E-09
   4.53839322E-09
   5.37932809E-09
   6.32747810E-09
   7.38858930E-09
   8.56698534E-09
   9.86502702E-09
   1.12824914E-08
   1.28158186E-08
   1.44572514E-08
   1.61938267E-08
   1.80062223E-08
   1.98674286E-08
   2.17412524E-08
   2.35806148E-08
   2.53256669E-08
   2.69016489E-08
   2.82165509E-08
   2.91585049E-08
   2.95929432E-08
   2.93594802E-08
   2.82685395E-08
   2.60977053E-08
   2.25878107E-08
   1.74387562E-08
   1.03050759E-08
   7.91278154E-10
  -1.15530581E-08
  -2.72383698E-08
  -4.68403556E-08
  -7.10053527E-08
  -1.00455807E-07
  -1.35995748E-07
  -1.78516217E-07
  -2.29000634E-07
  -2.88529975E-07
  -3.58287679E-07
  -4.39563934E-07
  -5.33759987E-07
  -6.42391626E-07
  -7.67091819E-07
  -9.09612424E-07
  -1.07182564E-06
  -1.25572353E-06
  -1.46341733E-06
  -1.69713326E-06
  -1.95921007E-06
  -2.25209214E-06
  -2.57832221E-06
  -2.94053143E-06
  -3.34142828E-06
  -3.78378445E-06
  -4.27042005E-06
  -4.80418475E-06
  -5.38793574E-06
  -6.02451701E-06
  -6.71673433E-06
  -7.46732530E-06
  -8.27893200E-06
  -9.15406872E-06
  -1.00950856E-05
  -1.11041354E-05
  -1.21831354E-05
  -1.33337253E-05
  -1.45572303E-05
  -1.58546209E-05
  -1.72264718E-05
  -1.86729158E-05
  -2.01936018E-05
  -2.17876677E-05
  -2.34536838E-05
  -2.51896327E-05
  -2.69928605E-05
  -2.88600586E-05
  -3.07872324E-05
  -3.27696689E-05
  -3.48019385E-05
  -3.68778674E-05
  -3.89905254E-05
  -4.11322435E-05
  -4.32946217E-05
  -4.54685178E-05
  -4.76440982E-05
  -4.98108566E-05
  -5.19576643E-05
  -5.40727960E-05
  -5.61440138E-05
  -5.81586064E-05
  -6.01034881E-05
  -6.19652710E-05
  -6.37303456E-05
  -6.53849929E-05
  -6.69154979E-05
  -6.83082180E-05
  -6.95497511E-05
  -7.06270221E-05
  -7.15274364E-05
  -7.22389668E-05
  -7.27503138E-05
  -7.30510146E-05
  -7.31315813E-05
  -7.29836029E-05
  -7.25998834E-05
  -7.19745658E-05
  -7.11031971E-05
  -6.99828306E-05
  -6.86121421E-05
  -6.69914807E-05
  -6.51229129E-05
  -6.30103023E-05
  -6.06593203E-05
  -5.80774613E-05
  -5.52740385E-05
  -5.22601804E-05
  -4.90487619E-05
  -4.56543785E-05
  -4.20932593E-05
  -3.83831793E-05
  -3.45433400E-05
  -3.05942558E-05
  -2.65576073E-05
  -2.24560863E-05
  -1.83132161E-05
  -1.41531809E-05
  -1.00006328E-05
  -5.88048078E-06
  -1.81769065E-06
   2.16293233E-06
   6.03695480E-06
   9.78053322E-06
   1.33706280E-05
   1.67852031E-05
   2.00034428E-05
   2.30059286E-05
   2.57748270E-05
   2.82940528E-05
   3.05494286E-05
   3.25288129E-05
   3.42222120E-05
   3.56218770E-05
   3.67223765E-05
   3.75206437E-05
   3.80160018E-05
   3.82101571E-05
   3.81072023E-05
   3.77135366E-05
   3.70378002E-05
   3.60907907E-05
   3.48853318E-05
   3.34361466E-05
   3.17596787E-05
   2.98739433E-05
   2.77982963E-05
   2.55532523E-05
   2.31602535E-05
   2.06414461E-05
   1.80194420E-05
   1.53170713E-05
   1.25571578E-05
   9.76225874E-06
   6.95444623E-06
   4.15507066E-06
   1.38454550E-06
  -1.33786091E-06
  -3.99421333E-06
  -6.56808925E-06
  -9.04472836E-06
  -1.14111681E-05
  -1.36563640E-05
  -1.57712675E-05
  -1.77488964E-05
  -1.95843731E-05
  -2.12749419E-05
  -2.28199478E-05
  -2.42208043E-05
  -2.54809383E-05
  -2.66056977E-05
  -2.76022420E-05
  -2.84794169E-05
  -2.92476052E-05
  -2.99185667E-05
  -3.05052454E-05
  -3.10216055E-05
  -3.14823847E-05
  -3.19029168E-05
  -3.22989144E-05
  -3.26862282E-05
  -3.30806506E-05
  -3.34976903E-05
  -3.39523722E-05
  -3.44590226E-05
  -3.50310911E-05
  -3.56809614E-05
  -3.64197840E-05
  -3.72573413E-05
  -3.82019061E-05
  -3.92601141E-05
  -4.04369021E-05
  -4.17354095E-05
  -4.31569424E-05
  -4.47009224E-05
  -4.63648903E-05
  -4.81445204E-05
  -5.00336464E-05
  -5.20243048E-05
  -5.41068184E-05
  -5.62698733E-05
  -5.85006383E-05
  -6.07848633E-05
  -6.31070143E-05
  -6.54504402E-05
  -6.77975040E-05
  -7.01297540E-05
  -7.24281053E-05
  -7.46730002E-05
  -7.68445971E-05
  -7.89229380E-05
  -8.08881523E-05
  -8.27206386E-05
  -8.44012102E-05
  -8.59112915E-05
  -8.72330857E-05
  -8.83497341E-05
  -8.92454700E-05
  -8.99057050E-05
  -9.03172549E-05
  -9.04683766E-05
  -9.03488981E-05
  -8.99503138E-05
  -8.92658354E-05
  -8.82904933E-05
  -8.70211443E-05
  -8.54565151E-05
  -8.35972096E-05
  -8.14457017E-05
  -7.90063350E-05
  -7.62852869E-05
  -7.32904882E-05
  -7.00316086E-05
  -6.65199477E-05
  -6.27683621E-05
  -5.87911672E-05
  -5.46040210E-05
  -5.02238181E-05
  -4.56685630E-05
  -4.09572276E-05
  -3.61096354E-05
  -3.11463009E-05
  -2.60882971E-05
  -2.09571226E-05
  -1.57745471E-05
  -1.05624813E-05
  -5.34283481E-06
  -1.37386365E-07
   5.03234423E-06
   1.01452179E-05
   1.51805862E-05
   2.01184048E-05
   2.49393361E-05
   2.96248290E-05
   3.41572159E-05
   3.85197745E-05
   4.26967963E-05
   4.66736637E-05
   5.04368581E-05
   5.39740468E-05
   5.72740792E-05
   6.03270164E-05
   6.31241637E-05
   6.56580596E-05
   6.79224831E-05
   6.99124357E-05
   7.16241484E-05
   7.30550382E-05
   7.42036937E-05
   7.50698455E-05
   7.56542941E-05
   7.59589238E-05
   7.59866161E-05
   7.57411835E-05
   7.52273554E-05
   7.44506688E-05
   7.34174464E-05
   7.21347024E-05
   7.06100836E-05
   6.88518194E-05
   6.68686334E-05
   6.46696863E-05
   6.22645020E-05
   5.96629652E-05
   5.68751711E-05
   5.39114517E-05
   5.07822770E-05
   4.74982589E-05
   4.40700969E-05
   4.05085448E-05
   3.68244073E-05
   3.30285147E-05
   2.91317356E-05
   2.51449710E-05
   2.10791586E-05
   1.69453197E-05
   1.27545554E-05
   8.51809637E-06
   4.24733707E-06
  -4.61209453E-08
  -4.35042330E-06
  -8.65341190E-06
  -1.29425707E-05
  -1.72049840E-05
  -2.14272768E-05
  -2.55955656E-05
  -2.96954204E-05
  -3.37118145E-05
  -3.76290955E-05
  -4.14309325E-05
  -4.51003325E-05
  -4.86195822E-05
  -5.19702735E-05
  -5.51332741E-05
  -5.80887609E-05
  -6.08162409E-05
  -6.32945594E-05
  -6.55019685E-05
  -6.74161711E-05
  -6.90143934E-05
  -7.02734324E-05
  -7.11697794E-05
  -7.16796640E-05
  -7.17792063E-05
  -7.14445268E-05
  -7.06518549E-05
  -6.93776747E-05
  -6.75988776E-05
  -6.52928866E-05
  -6.24378226E-05
  -5.90126983E-05
  -5.49975521E-05
  -5.03736410E-05
  -4.51236228E-05
  -3.92317161E-05
  -3.26839217E-05
  -2.54681672E-05
  -1.75745172E-05
  -8.99533279E-06
   2.74543225E-07
   1.02376162E-05
   2.08935853E-05
   3.22391897E-05
   4.42680685E-05
   5.69706208E-05
   7.03339101E-05
   8.43415473E-05
   9.89736363E-05
   1.14206683E-04
   1.30013577E-04
   1.46363585E-04
   1.63222227E-04
   1.80551535E-04
   1.98309877E-04
   2.16452157E-04
   2.34929830E-04
   2.53691134E-04
   2.72681180E-04
   2.91842123E-04
   3.11113254E-04
   3.30431445E-04
   3.49731301E-04
   3.68945388E-04
   3.88004439E-04
   4.06837906E-04
   4.25374077E-04
   4.43540543E-04
   4.61264397E-04
   4.78472852E-04
   4.95093293E-04
   5.11054182E-04
   5.26284624E-04
   5.40715700E-04
   5.54280123E-04
   5.66913164E-04
   5.78552543E-04
   5.89139177E-04
   5.98617364E-04
   6.06935238E-04
   6.14045130E-04
   6.19903498E-04
   6.24471810E-04
   6.27716479E-04
   6.29609160E-04
   6.30126800E-04
   6.29252114E-04
   6.26973459E-04
   6.23285305E-04
   6.18187943E-04
   6.11687545E-04
   6.03796565E-04
   5.94533107E-04
   5.83921385E-04
   5.71991433E-04
   5.58778818E-04
   5.44324750E-04
   5.28675504E-04
   5.11882652E-04
   4.94002190E-04
   4.75094770E-04
   4.55225090E-04
   4.34461574E-04
   4.12876048E-04
   3.90543253E-04
   3.67540546E-04
   3.43947351E-04
   3.19844781E-04
   2.95315258E-04
   2.70441931E-04
   2.45308271E-04
   2.19997761E-04
   1.94593231E-04
   1.69176623E-04
   1.43828438E-04
   1.18627460E-04
   9.36502765E-05
   6.89709486E-05
   4.46606973E-05
   2.07875692E-05
  -2.58384489E-06
  -2.53926628E-05
  -4.75819361E-05
  -6.90988527E-05
  -8.98948638E-05
  -1.09925866E-04
  -1.29152249E-04
  -1.47539002E-04
  -1.65055637E-04
  -1.81676354E-04
  -1.97379821E-04
  -2.12149258E-04
  -2.25972224E-04
  -2.38840570E-04
  -2.50750221E-04
  -2.61701032E-04
  -2.71696685E-04
  -2.80744192E-04
  -2.88854033E-04
  -2.96039565E-04
  -3.02316970E-04
  -3.07704817E-04
  -3.12223972E-04
  -3.15897196E-04
  -3.18748876E-04
  -3.20804742E-04
  -3.22091510E-04
  -3.22636799E-04
  -3.22468550E-04
  -3.21615022E-04
  -3.20104504E-04
  -3.17964965E-04
  -3.15223937E-04
  -3.11908167E-04
  -3.08043644E-04
  -3.03655310E-04
  -2.98766914E-04
  -2.93400895E-04
  -2.87578383E-04
  -2.81318935E-04
  -2.74640683E-04
  -2.67560245E-04
  -2.60092638E-04
  -2.52251455E-04
  -2.44048817E-04
  -2.35495463E-04
  -2.26600838E-04
  -2.17373221E-04
  -2.07819859E-04
  -1.97947098E-04
  -1.87760539E-04
  -1.77265203E-04
  -1.66465790E-04
  -1.55366768E-04
  -1.43972706E-04
  -1.32288333E-04
  -1.20318866E-04
  -1.08070119E-04
  -9.55487849E-05
  -8.27625845E-05
  -6.97204960E-05
  -5.64328911E-05
  -4.29117463E-05
  -2.91707693E-05
  -1.52255516E-05
  -1.09368023E-06
   1.32051609E-05
   2.76491010E-05
   4.22140365E-05
   5.68735850E-05
   7.15990900E-05
   8.63595997E-05
   1.01121950E-04
   1.15850788E-04
   1.30508706E-04
   1.45056300E-04
   1.59452349E-04
   1.73653985E-04
   1.87616868E-04
   2.01295363E-04
   2.14642801E-04
   2.27611788E-04
   2.40154390E-04
   2.52222439E-04
   2.63767899E-04
   2.74743099E-04
   2.85101036E-04
   2.94795842E-04
   3.03782872E-04
   3.12019314E-04
   3.19464336E-04
   3.26079491E-04
   3.31828924E-04
   3.36679863E-04
   3.40602768E-04
   3.43571563E-04
   3.45564011E-04
   3.46561894E-04
   3.46551155E-04
   3.45522189E-04
   3.43469903E-04
   3.40393890E-04
   3.36298457E-04
   3.31192685E-04
   3.25090456E-04
   3.18010512E-04
   3.09976225E-04
   3.01015680E-04
   2.91161356E-04
   2.80450186E-04
   2.68923206E-04
   2.56625324E-04
   2.43605231E-04
   2.29914935E-04
   2.15609485E-04
   2.00746639E-04
   1.85386612E-04
   1.69591513E-04
   1.53425164E-04
   1.36952556E-04
   1.20239471E-04
   1.03352155E-04
   8.63568057E-05
   6.93192342E-05
   5.23044328E-05
   3.53762116E-05
   1.85968183E-05
   2.02657475E-06
  -1.42764420E-05
  -3.02567223E-05
  -4.58616014E-05
  -6.10415154E-05
  -7.57502276E-05
  -8.99450315E-05
  -1.03586914E-04
  -1.16640651E-04
  -1.29074964E-04
  -1.40862481E-04
  -1.51979853E-04
  -1.62407698E-04
  -1.72130574E-04
  -1.81136915E-04
  -1.89418904E-04
  -1.96972338E-04
  -2.03796517E-04
  -2.09893973E-04
  -2.15270367E-04
  -2.19934256E-04
  -2.23896815E-04
  -2.27171637E-04
  -2.29774494E-04
  -2.31723010E-04
  -2.33036524E-04
  -2.33735758E-04
  -2.33842540E-04
  -2.33379629E-04
  -2.32370483E-04
  -2.30839010E-04
  -2.28809338E-04
  -2.26305696E-04
  -2.23352239E-04
  -2.19972819E-04
  -2.16190936E-04
  -2.12029612E-04
  -2.07511286E-04
  -2.02657771E-04
  -1.97490212E-04
  -1.92029023E-04
  -1.86293924E-04
  -1.80303963E-04
  -1.74077504E-04
  -1.67632301E-04
  -1.60985554E-04
  -1.54153997E-04
  -1.47153900E-04
  -1.40001212E-04
  -1.32711706E-04
  -1.25300954E-04
  -1.17784424E-04
  -1.10177651E-04
  -1.02496218E-04
  -9.47558729E-05
  -8.69725773E-05
  -7.91625425E-05
  -7.13422924E-05
  -6.35286269E-05
  -5.57386811E-05
  -4.79898845E-05
  -4.02999394E-05
  -3.26867812E-05
  -2.51685160E-05
  -1.77633556E-05
  -1.04895189E-05
  -3.36513835E-06
   3.59184810E-06
   1.03638195E-05
   1.69336035E-05
   2.32846069E-05
   2.94009478E-05
   3.52676107E-05
   4.08705600E-05
   4.61968812E-05
   5.12348997E-05
   5.59743239E-05
   6.04063316E-05
   6.45236505E-05
   6.83206672E-05
   7.17934818E-05
   7.49399187E-05
   7.77595997E-05
   8.02539653E-05
   8.24262097E-05
   8.42812951E-05
   8.58258572E-05
   8.70681906E-05
   8.80181324E-05
   8.86869529E-05
   8.90872616E-05
   8.92328317E-05
   8.91384989E-05
   8.88199793E-05
   8.82937020E-05
   8.75766418E-05
   8.66861374E-05
   8.56397310E-05
   8.44549722E-05
   8.31492289E-05
   8.17395339E-05
   8.02424183E-05
   7.86737510E-05
   7.70486004E-05
   7.53810527E-05
   7.36841685E-05
   7.19697928E-05
   7.02485559E-05
   6.85297200E-05
   6.68211360E-05
   6.51292503E-05
   6.34590397E-05
   6.18139966E-05
   6.01961838E-05
   5.86062306E-05
   5.70433804E-05
   5.55055594E-05
   5.39894390E-05
   5.24905226E-05
   5.10032660E-05
   4.95211498E-05
   4.80368290E-05
   4.65422527E-05
   4.50287662E-05
   4.34872927E-05
   4.19084536E-05
   4.02827172E-05
   3.86005268E-05
   3.68524816E-05
   3.50294285E-05
   3.31226511E-05
   3.11239601E-05
   2.90258504E-05
   2.68215936E-05
   2.45053598E-05
   2.20723214E-05
   1.95187258E-05
   1.68419901E-05
   1.40407437E-05
   1.11148902E-05
   8.06563912E-06
   4.89552531E-06
   1.60842285E-06
  -1.79046856E-06
  -5.29464432E-06
  -8.89632702E-06
  -1.25865135E-05
  -1.63550394E-05
  -2.01906405E-05
  -2.40810550E-05
  -2.80130844E-05
  -3.19727224E-05
  -3.59452570E-05
  -3.99153760E-05
  -4.38672832E-05
  -4.77848298E-05
  -5.16516338E-05
  -5.54512080E-05
  -5.91670760E-05
  -6.27829068E-05
  -6.62826205E-05
  -6.96505085E-05
  -7.28713640E-05
  -7.59305112E-05
  -7.88140023E-05
  -8.15086241E-05
  -8.40020293E-05
  -8.62827728E-05
  -8.83403991E-05
  -9.01654785E-05
  -9.17496582E-05
  -9.30856986E-05
  -9.41675025E-05
  -9.49901223E-05
  -9.55498108E-05
  -9.58439778E-05
  -9.58712480E-05
  -9.56313961E-05
  -9.51253533E-05
  -9.43552295E-05
  -9.33242409E-05
  -9.20367165E-05
  -9.04980770E-05
  -8.87147762E-05
  -8.66942937E-05
  -8.44451060E-05
  -8.19766137E-05
  -7.92991414E-05
  -7.64238794E-05
  -7.33628331E-05
  -7.01287572E-05
  -6.67351487E-05
  -6.31961739E-05
  -5.95265701E-05
  -5.57416352E-05
  -5.18571396E-05
  -4.78892507E-05
  -4.38544812E-05
  -3.97695912E-05
  -3.56515229E-05
  -3.15173093E-05
  -2.73840105E-05
  -2.32685979E-05
  -1.91878826E-05
  -1.51584318E-05
  -1.11964791E-05
  -7.31782984E-06
  -3.53778660E-06
   1.28940044E-07
   3.66830636E-06
   7.06701076E-06
   1.03125649E-05
   1.33933545E-05
   1.62986962E-05
   1.90188894E-05
   2.15452528E-05
   2.38701687E-05
   2.59871013E-05
   2.78906118E-05
   2.95763748E-05
   3.10411815E-05
   3.22829292E-05
   3.33006101E-05
   3.40942970E-05
   3.46651068E-05
   3.50151895E-05
   3.51476738E-05
   3.50666451E-05
   3.47770838E-05
   3.42848507E-05
   3.35966070E-05
   3.27197849E-05
   3.16625374E-05
   3.04336809E-05
   2.90426506E-05
   2.74994454E-05
   2.58145792E-05
   2.39990350E-05
   2.20642014E-05
   2.00218274E-05
   1.78839764E-05
   1.56629649E-05
   1.33713193E-05
   1.10217125E-05
   8.62691741E-06
   6.19974890E-06
   3.75300783E-06
   1.29942089E-06
  -1.14841714E-06
  -3.57810427E-06
  -5.97749658E-06
  -8.33476497E-06
  -1.06384650E-05
  -1.28775973E-05
  -1.50416727E-05
  -1.71207703E-05
  -1.91056079E-05
  -2.09875816E-05
  -2.27588407E-05
  -2.44123185E-05
  -2.59417920E-05
  -2.73419137E-05
  -2.86082468E-05
  -2.97372881E-05
  -3.07264927E-05
  -3.15742764E-05
  -3.22800188E-05
  -3.28440765E-05
  -3.32677409E-05
  -3.35532350E-05
  -3.37036872E-05
  -3.37230776E-05
  -3.36162193E-05
  -3.33886783E-05
  -3.30467446E-05
  -3.25973670E-05
  -3.20480758E-05
  -3.14069293E-05
  -3.06824259E-05
  -2.98834493E-05
  -2.90191856E-05
  -2.80990407E-05
  -2.71325771E-05
  -2.61294335E-05
  -2.50992525E-05
  -2.40516183E-05
  -2.29959751E-05
  -2.19415706E-05
  -2.08973888E-05
  -1.98721063E-05
  -1.88740196E-05
  -1.79110066E-05
  -1.69904706E-05
  -1.61193057E-05
  -1.53038582E-05
  -1.45498889E-05
  -1.38625446E-05
  -1.32463301E-05
  -1.27050871E-05
  -1.22419833E-05
  -1.18594990E-05
  -1.15594157E-05
  -1.13428223E-05
  -1.12101179E-05
  -1.11610225E-05
  -1.11945965E-05
  -1.13092583E-05
  -1.15028233E-05
  -1.17725294E-05
  -1.21150833E-05
  -1.25267052E-05
  -1.30031849E-05
  -1.35399287E-05
  -1.41320252E-05
  -1.47743076E-05
  -1.54614172E-05
  -1.61878761E-05
  -1.69481409E-05
  -1.77366874E-05
  -1.85480640E-05
  -1.93769592E-05
  -2.02182673E-05
  -2.10671369E-05
  -2.19190297E-05
  -2.27697601E-05
  -2.36155338E-05
  -2.44529856E-05
  -2.52792033E-05
  -2.60917332E-05
  -2.68886015E-05
  -2.76683004E-05
  -2.84297912E-05
  -2.91724828E-05
  -2.98962113E-05
  -3.06012043E-05
  -3.12880547E-05
  -3.19576757E-05
  -3.26112568E-05
  -3.32502132E-05
  -3.38761602E-05
  -3.44908331E-05
  -3.50960545E-05
  -3.56936944E-05
  -3.62856081E-05
  -3.68736219E-05
  -3.74594529E-05
  -3.80447054E-05
  -3.86308384E-05
  -3.92191287E-05
  -3.98106531E-05
  -4.04062775E-05
  -4.10066241E-05
  -4.16120929E-05
  -4.22228441E-05
  -4.28387939E-05
  -4.34596332E-05
  -4.40848198E-05
  -4.47136008E-05
  -4.53450230E-05
  -4.59779440E-05
  -4.66110432E-05
  -4.72428401E-05
  -4.78717193E-05
  -4.84959455E-05
  -4.91136598E-05
  -4.97229157E-05
  -5.03216797E-05
  -5.09078382E-05
  -5.14792373E-05
  -5.20336544E-05
  -5.25688556E-05
  -5.30825419E-05
  -5.35724139E-05
  -5.40361434E-05
  -5.44713985E-05
  -5.48758399E-05
  -5.52471320E-05
  -5.55829429E-05
  -5.58809734E-05
  -5.61389425E-05
  -5.63546018E-05
  -5.65257615E-05
  -5.66502677E-05
  -5.67260577E-05
  -5.67511270E-05
  -5.67235729E-05
  -5.66415947E-05
  -5.65035189E-05
  -5.63078029E-05
  -5.60530643E-05
  -5.57380918E-05
  -5.53618556E-05
  -5.49235410E-05
  -5.44225513E-05
  -5.38585555E-05
  -5.32314843E-05
  -5.25415635E-05
  -5.17893241E-05
  -5.09756355E-05
  -5.01017312E-05
  -4.91691899E-05
  -4.81800016E-05
  -4.71365420E-05
  -4.60415940E-05
  -4.48983592E-05
  -4.37104463E-05
  -4.24818827E-05
  -4.12171103E-05
  -3.99209384E-05
  -3.85985622E-05
  -3.72555151E-05
  -3.58976431E-05
  -3.45310691E-05
  -3.31621486E-05
  -3.17974227E-05
  -3.04435689E-05
  -2.91073302E-05
  -2.77954659E-05
  -2.65146864E-05
  -2.52715836E-05
  -2.40725658E-05
  -2.29237867E-05
  -2.18310724E-05
  -2.07998710E-05
  -1.98351827E-05
  -1.89414986E-05
  -1.81227533E-05
  -1.73822682E-05
  -1.67227263E-05
  -1.61461321E-05
  -1.56537917E-05
  -1.52462917E-05
  -1.49235084E-05
  -1.46845905E-05
  -1.45279928E-05
  -1.44514825E-05
  -1.44521709E-05
  -1.45265549E-05
  -1.46705506E-05
  -1.48795452E-05
  -1.51484464E-05
  -1.54717382E-05
  -1.58435414E-05
  -1.62576580E-05
  -1.67076414E-05
  -1.71868542E-05
  -1.76885223E-05
  -1.82057865E-05
  -1.87317528E-05
  -1.92595508E-05
  -1.97823774E-05
  -2.02935335E-05
  -2.07864723E-05
  -2.12548312E-05
  -2.16924673E-05
  -2.20934926E-05
  -2.24523010E-05
  -2.27635956E-05
  -2.30224159E-05
  -2.32241637E-05
  -2.33646242E-05
  -2.34399940E-05
  -2.34468971E-05
  -2.33824176E-05
  -2.32441107E-05
  -2.30300284E-05
  -2.27387391E-05
  -2.23693387E-05
  -2.19214835E-05
  -2.13953845E-05
  -2.07918310E-05
  -2.01121893E-05
  -1.93584128E-05
  -1.85330391E-05
  -1.76391750E-05
  -1.66804857E-05
  -1.56611841E-05
  -1.45859976E-05
  -1.34601332E-05
  -1.22892379E-05
  -1.10793653E-05
  -9.83691098E-06
  -8.56856332E-06
  -7.28124223E-06
  -5.98203678E-06
  -4.67813788E-06
  -3.37677034E-06
  -2.08512756E-06
  -8.10302197E-07
   4.40777001E-07
   1.66140819E-06
   2.84517319E-06
   3.98599059E-06
   5.07816367E-06
   6.11642236E-06
   7.09595543E-06
   8.01243914E-06
   8.86205635E-06
   9.64151059E-06
   1.03480334E-05
   1.09793809E-05
   1.15338298E-05
   1.20101640E-05
   1.24076560E-05
   1.27260500E-05
   1.29655291E-05
   1.31266943E-05
   1.32105324E-05
   1.32183841E-05
   1.31519137E-05
   1.30130784E-05
   1.28040992E-05
   1.25274319E-05
   1.21857374E-05
   1.17818645E-05
   1.13188162E-05
   1.07997403E-05
   1.02279055E-05
   9.60669058E-06
   8.93956258E-06
   8.23007031E-06
   7.48183720E-06
   6.69854444E-06
   5.88392459E-06
   5.04175341E-06
   4.17584215E-06
   3.29002819E-06
   2.38816438E-06
   1.47411151E-06
   5.51727965E-07
  -3.75142235E-07
  -1.30268108E-06
  -2.22710833E-06
  -3.14469480E-06
  -4.05177752E-06
  -4.94477172E-06
  -5.82018629E-06
  -6.67463837E-06
  -7.50486561E-06
  -8.30774206E-06
  -9.08029324E-06
  -9.81970334E-06
  -1.05233303E-05
  -1.11887139E-05
  -1.18135849E-05
  -1.23958771E-05
  -1.29337250E-05
  -1.34254724E-05
  -1.38696723E-05
  -1.42650861E-05
  -1.46106859E-05
  -1.49056432E-05
  -1.51493305E-05
  -1.53413130E-05
  -1.54813315E-05
  -1.55692996E-05
  -1.56052902E-05
  -1.55895195E-05
  -1.55223352E-05
  -1.54042027E-05
  -1.52356861E-05
  -1.50174401E-05
  -1.47501823E-05
  -1.44346895E-05
  -1.40717757E-05
  -1.36622866E-05
  -1.32070763E-05
  -1.27070043E-05
  -1.21629246E-05
  -1.15756739E-05
  -1.09460689E-05
  -1.02748982E-05
  -9.56292479E-06
  -8.81087999E-06
  -8.01946771E-06
  -7.18937054E-06
  -6.32125057E-06
  -5.41575855E-06
  -4.47354296E-06
  -3.49526158E-06
  -2.48159336E-06
  -1.43325099E-06
  -3.50994952E-07
   7.64349693E-07
   1.91188019E-06
   3.09060010E-06
   4.29940474E-06
   5.53706650E-06
   6.80222365E-06
   8.09336598E-06
   9.40882728E-06
   1.07467749E-05
   1.21052035E-05
   1.34819320E-05
   1.48746003E-05
   1.62806682E-05
   1.76974136E-05
   1.91219406E-05
   2.05511806E-05
   2.19819012E-05
   2.34107065E-05
   2.48340457E-05
   2.62482263E-05
   2.76494193E-05
   2.90336720E-05
   3.03969173E-05
   3.17349804E-05
   3.30435869E-05
   3.43183856E-05
   3.55549673E-05
   3.67488428E-05
   3.78954901E-05
   3.89903471E-05
   4.00288554E-05
   4.10064458E-05
   4.19185635E-05
   4.27606974E-05
   4.35283910E-05
   4.42172568E-05
   4.48230203E-05
   4.53415196E-05
   4.57687456E-05
   4.61008494E-05
   4.63341858E-05
   4.64653313E-05
   4.64911136E-05
   4.64086334E-05
   4.62152930E-05
   4.59088151E-05
   4.54872716E-05
   4.49491017E-05
   4.42931341E-05
   4.35185866E-05
   4.26250990E-05
   4.16127259E-05
   4.04819402E-05
   3.92336515E-05
   3.78691948E-05
   3.63902982E-05
   3.47991117E-05
   3.30981748E-05
   3.12903940E-05
   2.93790399E-05
   2.73677124E-05
   2.52603204E-05
   2.30610658E-05
   2.07744106E-05
   1.84050587E-05
   1.59579231E-05
   1.34381153E-05
   1.08509103E-05
   8.20173409E-06
   5.49614469E-06
   2.73981459E-06
  -6.14818703E-08
  -2.90188291E-06
  -5.77544688E-06
  -8.67616200E-06
  -1.15979510E-05
  -1.45346803E-05
  -1.74801589E-05
  -2.04281459E-05
  -2.33723604E-05
  -2.63064703E-05
  -2.92241130E-05
  -3.21188963E-05
  -3.49844049E-05
  -3.78142176E-05
  -4.06018953E-05
  -4.33410278E-05
  -4.60252413E-05
  -4.86481913E-05
  -5.12036095E-05
  -5.36853113E-05
  -5.60872213E-05
  -5.84033987E-05
  -6.06280446E-05
  -6.27555710E-05
  -6.47805500E-05
  -6.66978158E-05
  -6.85024497E-05
  -7.01897879E-05
  -7.17554649E-05
  -7.31954206E-05
  -7.45059442E-05
  -7.56836453E-05
  -7.67254824E-05
  -7.76287998E-05
  -7.83912983E-05
  -7.90110862E-05
  -7.94866282E-05
  -7.98167748E-05
  -8.00007620E-05
  -8.00382259E-05
  -7.99291738E-05
  -7.96739914E-05
  -7.92734645E-05
  -7.87287281E-05
  -7.80412884E-05
  -7.72130370E-05
  -7.62462441E-05
  -7.51435073E-05
  -7.39078023E-05
  -7.25424688E-05
  -7.10512177E-05
  -6.94380942E-05
  -6.77075295E-05
  -6.58642894E-05
  -6.39135178E-05
  -6.18607082E-05
  -5.97116959E-05
  -5.74726619E-05
  -5.51501398E-05
  -5.27509837E-05
  -5.02823605E-05
  -4.77517533E-05
  -4.51669257E-05
  -4.25359140E-05
  -3.98669872E-05
  -3.71686510E-05
  -3.44495784E-05
  -3.17186204E-05
  -2.89847467E-05
  -2.62570193E-05
  -2.35445477E-05
  -2.08564543E-05
  -1.82018339E-05
  -1.55897087E-05
  -1.30289909E-05
  -1.05284325E-05
  -8.09658832E-06
  -5.74176966E-06
  -3.47200375E-06
  -1.29499267E-06
   7.81924371E-07
   2.75181037E-06
   4.60816455E-06
   6.34495473E-06
   7.95664982E-06
   9.43824671E-06
   1.07852920E-05
   1.19939059E-05
   1.30608023E-05
   1.39833001E-05
   1.47593391E-05
   1.53874844E-05
   1.58669372E-05
   1.61975277E-05
   1.63797249E-05
   1.64146313E-05
   1.63039676E-05
   1.60500658E-05
   1.56558617E-05
   1.51248751E-05
   1.44611859E-05
   1.36694180E-05
   1.27547073E-05
   1.17226782E-05
   1.05794106E-05
   9.33140109E-06
   7.98553083E-06
   6.54902578E-06
   5.02941066E-06
   3.43446754E-06
   1.77218931E-06
   5.07328863E-08
  -1.72162891E-06
  -3.53655491E-06
  -5.38568429E-06
  -7.26068311E-06
  -9.15329019E-06
  -1.10553656E-05
  -1.29589243E-05
  -1.48561840E-05
  -1.67395974E-05
  -1.86018879E-05
  -2.04360658E-05
  -2.22354738E-05
  -2.39937908E-05
  -2.57050597E-05
  -2.73636851E-05
  -2.89644504E-05
  -3.05025151E-05
  -3.19734318E-05
  -3.33731005E-05
  -3.46978122E-05
  -3.59441983E-05
  -3.71092392E-05
  -3.81902428E-05
  -3.91848262E-05
  -4.00909048E-05
  -4.09066633E-05
  -4.16305593E-05
  -4.22612757E-05
  -4.27977175E-05
  -4.32390079E-05
  -4.35844486E-05
  -4.38335155E-05
  -4.39858341E-05
  -4.40411895E-05
  -4.39994983E-05
  -4.38608040E-05
  -4.36252558E-05
  -4.32931156E-05
  -4.28647509E-05
  -4.23406418E-05
  -4.17213560E-05
  -4.10075590E-05
  -4.02000187E-05
  -3.92996117E-05
  -3.83073129E-05
  -3.72241993E-05
  -3.60514823E-05
  -3.47904861E-05
  -3.34426695E-05
  -3.20096333E-05
  -3.04931164E-05
  -2.88950505E-05
  -2.72175239E-05
  -2.54628176E-05
  -2.36334217E-05
  -2.17320485E-05
  -1.97616391E-05
  -1.77254005E-05
  -1.56267924E-05
  -1.34695656E-05
  -1.12577618E-05
  -8.99573206E-06
  -6.68814255E-06
  -4.33998139E-06
  -1.95656662E-06
   4.56456576E-07
   2.89311924E-06
   5.34713763E-06
   7.81192011E-06
   1.02805898E-05
   1.27460053E-05
   1.52007788E-05
   1.76373178E-05
   2.00478480E-05
   2.24244613E-05
   2.47591561E-05
   2.70438795E-05
   2.92705681E-05
   3.14312165E-05
   3.35179138E-05
   3.55229022E-05
   3.74386145E-05
   3.92577422E-05
   4.09732929E-05
   4.25786093E-05
   4.40674412E-05
   4.54339825E-05
   4.66729070E-05
   4.77794165E-05
