   0.00000000    
   0.00000000    
   0.00000000    
   0.00000000    
   0.00000000    
   0.00000000    
   0.00000000    
   0.00000000    
   5.68927177E-43
  -4.56963429E-41
   2.88512640E-39
   3.54077658E-38
   1.43293687E-37
  -2.10313241E-37
  -5.76940254E-36
  -3.75227698E-35
  -1.55613905E-34
  -4.62747769E-34
  -9.51013501E-34
  -8.51603321E-34
   3.00499060E-33
   1.87746490E-32
   6.03095781E-32
   1.35491769E-31
   1.96254483E-31
   1.53943558E-33
  -1.17466238E-30
  -5.03948760E-30
  -1.49038540E-29
  -3.60031629E-29
  -7.43699112E-29
  -1.31920496E-28
  -1.93821629E-28
  -2.02676273E-28
  -1.37940519E-29
   6.71043537E-28
   2.38410733E-27
   5.95894396E-27
   1.25224050E-26
   2.33010160E-26
   3.90747397E-26
   5.90646722E-26
   7.90392713E-26
   8.85198818E-26
   6.72332406E-26
  -1.85244678E-26
  -2.18113483E-25
  -5.94701825E-25
  -1.21526488E-24
  -2.12694630E-24
  -3.31335227E-24
  -4.62461857E-24
  -5.67754395E-24
  -5.72788906E-24
  -3.52726059E-24
   2.80730944E-24
   1.58617824E-23
   3.88565871E-23
   7.53389238E-23
   1.28509556E-22
   2.00044296E-22
   2.88276280E-22
   3.85641179E-22
   4.75364956E-22
   5.27497025E-22
   4.94568734E-22
   3.07380220E-22
  -1.28329746E-22
  -9.33318932E-22
  -2.25314911E-21
  -4.25200239E-21
  -7.10066136E-21
  -1.09575041E-20
  -1.59418707E-20
  -2.20998313E-20
  -2.93634545E-20
  -3.75058295E-20
  -4.60955121E-20
  -5.44552320E-20
  -6.16309268E-20
  -6.63777739E-20
  -6.71697735E-20
  -6.22387043E-20
  -4.96462204E-20
  -2.73896594E-20
   6.46196806E-21
   5.36112492E-20
   1.15370964E-19
   1.92521945E-19
   2.85223663E-19
   3.93020703E-19
   5.15001305E-19
   6.50177403E-19
   7.98173715E-19
   9.60332600E-19
   1.14137007E-18
   1.35174681E-18
   1.61095885E-18
   1.95199756E-18
   2.42728396E-18
   3.11644059E-18
   4.13633361E-18
   5.65388454E-18
   7.90222183E-18
   1.12008022E-17
   1.59802063E-17
   2.28123013E-17
   3.24465268E-17
   4.58529672E-17
   6.42727872E-17
   8.92764719E-17
   1.22829770E-16
   1.67367172E-16
   2.25871341E-16
   3.01956234E-16
   3.99950323E-16
   5.24972757E-16
   6.82994323E-16
   8.80868102E-16
   1.12631199E-15
   1.42781464E-15
   1.79442977E-15
   2.23540889E-15
   2.75960899E-15
   3.37458837E-15
   4.08528395E-15
   4.89213493E-15
   5.78847197E-15
   6.75696520E-15
   7.76485860E-15
   8.75768116E-15
   9.65102818E-15
   1.03199758E-14
   1.05855732E-14
   1.01977905E-14
   8.81421384E-15
   5.97366810E-15
   1.06388948E-15
  -6.71771454E-15
  -1.84112318E-14
  -3.53503508E-14
  -5.92283587E-14
  -9.21749181E-14
  -1.36844190E-13
  -1.96514558E-13
  -2.75199568E-13
  -3.77768997E-13
  -5.10077874E-13
  -6.79098867E-13
  -8.93054077E-13
  -1.16153539E-12
  -1.49560420E-12
  -1.90785257E-12
  -2.41240643E-12
  -3.02484470E-12
  -3.76199592E-12
  -4.64157358E-12
  -5.68159061E-12
  -6.89949356E-12
  -8.31092833E-12
  -9.92803756E-12
  -1.17571838E-11
  -1.37959470E-11
  -1.60292439E-11
  -1.84243801E-11
  -2.09248122E-11
  -2.34423852E-11
  -2.58477822E-11
  -2.79588661E-11
  -2.95265826E-11
  -3.02181162E-11
  -2.95968840E-11
  -2.70989862E-11
  -2.20058052E-11
  -1.34123164E-11
  -1.90837811E-13
   1.90500202E-11
   4.60113961E-11
   8.27551569E-11
   1.31759756E-10
   1.95980315E-10
   2.78912449E-10
   3.84658444E-10
   5.17994259E-10
   6.84434676E-10
   8.90294838E-10
   1.14274190E-09
   1.44983459E-09
   1.82054183E-09
   2.26473484E-09
   2.79314083E-09
   3.41725204E-09
   4.14916856E-09
   5.00136688E-09
   5.98637007E-09
   7.11630221E-09
   8.40229752E-09
   9.85373561E-09
   1.14772734E-08
   1.32756375E-08
   1.52461244E-08
   1.73787722E-08
   1.96541485E-08
   2.20406964E-08
   2.44915679E-08
   2.69408833E-08
   2.92993594E-08
   3.14491686E-08
   3.32380097E-08
   3.44722473E-08
   3.49090712E-08
   3.42474955E-08
   3.21182050E-08
   2.80720087E-08
   2.15669083E-08
   1.19535990E-08
  -1.54069368E-09
  -1.98301269E-08
  -4.39900454E-08
  -7.52787486E-08
  -1.15161271E-07
  -1.65335436E-07
  -2.27759884E-07
  -3.04684562E-07
  -3.98683341E-07
  -5.12688985E-07
  -6.50030415E-07
  -8.14471946E-07
  -1.01025466E-06
  -1.24214023E-06
  -1.51545555E-06
  -1.83614009E-06
  -2.21079290E-06
  -2.64672349E-06
  -3.15199964E-06
  -3.73549710E-06
  -4.40694930E-06
  -5.17699755E-06
  -6.05723199E-06
  -7.06024093E-06
  -8.19965226E-06
  -9.49016248E-06
  -1.09475804E-05
  -1.25888437E-05
  -1.44320384E-05
  -1.64964094E-05
  -1.88023714E-05
  -2.13714811E-05
  -2.42264359E-05
  -2.73910118E-05
  -3.08900380E-05
  -3.47493260E-05
  -3.89955749E-05
  -4.36562768E-05
  -4.87596044E-05
  -5.43342539E-05
  -6.04092857E-05
  -6.70139561E-05
  -7.41774857E-05
  -8.19288180E-05
  -9.02964020E-05
  -9.93078793E-05
  -1.08989792E-04
  -1.19367251E-04
  -1.30463595E-04
  -1.42300007E-04
  -1.54895155E-04
  -1.68264771E-04
  -1.82421209E-04
  -1.97373112E-04
  -2.13124877E-04
  -2.29676225E-04
  -2.47021846E-04
  -2.65150942E-04
  -2.84046808E-04
  -3.03686393E-04
  -3.24040098E-04
  -3.45071225E-04
  -3.66735883E-04
  -3.88982531E-04
  -4.11752088E-04
  -4.34977497E-04
  -4.58583963E-04
  -4.82488656E-04
  -5.06601064E-04
  -5.30823134E-04
  -5.55049337E-04
  -5.79167448E-04
  -6.03058725E-04
  -6.26598776E-04
  -6.49657799E-04
  -6.72101800E-04
  -6.93793583E-04
  -7.14593509E-04
  -7.34360889E-04
  -7.52954918E-04
  -7.70236249E-04
  -7.86068384E-04
  -8.00319074E-04
  -8.12861894E-04
  -8.23577633E-04
  -8.32356396E-04
  -8.39098881E-04
  -8.43718066E-04
  -8.46140843E-04
  -8.46309646E-04
  -8.44183553E-04
  -8.39740387E-04
  -8.32977588E-04
  -8.23913317E-04
  -8.12587619E-04
  -7.99063186E-04
  -7.83426163E-04
  -7.65786332E-04
  -7.46277627E-04
  -7.25057849E-04
  -7.02308549E-04
  -6.78234268E-04
  -6.53061958E-04
  -6.27039757E-04
  -6.00435655E-04
  -5.73535857E-04
  -5.46642812E-04
  -5.20073227E-04
  -4.94155509E-04
  -4.69227176E-04
  -4.45632118E-04
  -4.23717545E-04
  -4.03830956E-04
  -3.86316678E-04
  -3.71512724E-04
  -3.59747268E-04
  -3.51335271E-04
  -3.46575136E-04
  -3.45745269E-04
  -3.49100883E-04
  -3.56870936E-04
  -3.69255169E-04
  -3.86421336E-04
  -4.08502761E-04
  -4.35596041E-04
  -4.67759121E-04
  -5.05009666E-04
  -5.47323900E-04
  -5.94635319E-04
  -6.46834378E-04
  -7.03768223E-04
  -7.65240868E-04
  -8.31013545E-04
  -9.00805811E-04
  -9.74296418E-04
  -1.05112523E-03
  -1.13089487E-03
  -1.21317257E-03
  -1.29749312E-03
  -1.38336117E-03
  -1.47025369E-03
  -1.55762350E-03
  -1.64490181E-03
  -1.73150143E-03
  -1.81682024E-03
  -1.90024415E-03
  -1.98115013E-03
  -2.05890881E-03
  -2.13288912E-03
  -2.20245891E-03
  -2.26698886E-03
  -2.32585589E-03
  -2.37844395E-03
  -2.42414675E-03
  -2.46236962E-03
  -2.49253237E-03
  -2.51406990E-03
  -2.52643321E-03
  -2.52909190E-03
  -2.52153561E-03
  -2.50327261E-03
  -2.47383397E-03
  -2.43277173E-03
  -2.37966166E-03
  -2.31410237E-03
  -2.23571714E-03
  -2.14415509E-03
  -2.03909143E-03
  -1.92022801E-03
  -1.78729603E-03
  -1.64005568E-03
  -1.47829868E-03
  -1.30184914E-03
  -1.11056620E-03
  -9.04344954E-04
  -6.83119521E-04
  -4.46865044E-04
  -1.95599947E-04
   7.06111605E-05
   3.51654948E-04
   6.47366396E-04
   9.57525976E-04
   1.28185691E-03
   1.62002258E-03
   1.97162293E-03
   2.33619264E-03
   2.71319854E-03
   3.10203712E-03
   3.50203272E-03
   3.91243678E-03
   4.33242368E-03
   4.76109376E-03
   5.19747054E-03
   5.64050069E-03
   6.08905824E-03
   6.54194038E-03
   6.99787261E-03
   7.45551288E-03
   7.91344885E-03
   8.37020576E-03
   8.82425532E-03
   9.27400589E-03
   9.71782487E-03
   1.01540340E-02
   1.05809188E-02
   1.09967375E-02
   1.13997255E-02
   1.17881075E-02
   1.21600963E-02
   1.25139169E-02
   1.28477998E-02
   1.31600006E-02
   1.34488037E-02
   1.37125337E-02
   1.39495665E-02
   1.41583364E-02
   1.43373404E-02
   1.44851590E-02
   1.46004539E-02
   1.46819828E-02
   1.47286076E-02
   1.47392973E-02
   1.47131421E-02
   1.46493558E-02
   1.45472856E-02
   1.44064147E-02
   1.42263705E-02
   1.40069257E-02
   1.37480097E-02
   1.34497024E-02
   1.31122461E-02
   1.27360430E-02
   1.23216556E-02
   1.18698133E-02
   1.13814017E-02
   1.08574750E-02
   1.02992449E-02
   9.70807765E-03
   9.08549875E-03
   8.43318086E-03
   7.75294332E-03
   7.04674702E-03
   6.31668512E-03
   5.56497602E-03
   4.79395781E-03
   4.00607940E-03
   3.20388912E-03
   2.39002611E-03
   1.56720984E-03
   7.38227565E-04
  -9.40757091E-05
  -9.26810782E-04
  -1.75705610E-03
  -2.58187181E-03
  -3.39831226E-03
  -4.20343969E-03
  -4.99434117E-03
  -5.76813566E-03
  -6.52199518E-03
  -7.25315511E-03
  -7.95892812E-03
  -8.63672048E-03
  -9.28404089E-03
  -9.89851728E-03
  -1.04779042E-02
  -1.10201016E-02
  -1.15231602E-02
  -1.19852955E-02
  -1.24048935E-02
  -1.27805257E-02
  -1.31109487E-02
  -1.33951167E-02
  -1.36321867E-02
  -1.38215218E-02
  -1.39626926E-02
  -1.40554868E-02
  -1.40999034E-02
  -1.40961548E-02
  -1.40446685E-02
  -1.39460824E-02
  -1.38012404E-02
  -1.36111910E-02
  -1.33771785E-02
  -1.31006399E-02
  -1.27831921E-02
  -1.24266297E-02
  -1.20329112E-02
  -1.16041470E-02
  -1.11425947E-02
  -1.06506431E-02
  -1.01307975E-02
  -9.58566833E-03
  -9.01796203E-03
  -8.43046233E-03
  -7.82601442E-03
  -7.20751425E-03
  -6.57789316E-03
  -5.94010111E-03
  -5.29709458E-03
  -4.65181842E-03
  -4.00719512E-03
  -3.36610642E-03
  -2.73138308E-03
  -2.10578809E-03
  -1.49200507E-03
  -8.92624492E-04
  -3.10132396E-04
   2.53102102E-04
   7.94837193E-04
   1.31296902E-03
   1.80554017E-03
   2.27074954E-03
   2.70695845E-03
   3.11269914E-03
   3.48667940E-03
   3.82778794E-03
   4.13509831E-03
   4.40787151E-03
   4.64555807E-03
   4.84779803E-03
   5.01442235E-03
   5.14544966E-03
   5.24108624E-03
   5.30172233E-03
   5.32792462E-03
   5.32043586E-03
   5.28016640E-03
   5.20818587E-03
   5.10571804E-03
   4.97413287E-03
   4.81493166E-03
   4.62974329E-03
   4.42031026E-03
   4.18847753E-03
   3.93618317E-03
   3.66544398E-03
   3.37834284E-03
   3.07701831E-03
   2.76364968E-03
   2.44044489E-03
   2.10962654E-03
   1.77342049E-03
   1.43404142E-03
   1.09368074E-03
   7.54494104E-04
   4.18589450E-04
   8.80148364E-05
  -2.35252606E-04
  -5.49317454E-04
  -8.52376281E-04
  -1.14272686E-03
  -1.41877797E-03
  -1.67905621E-03
  -1.92221440E-03
  -2.14703754E-03
  -2.35244888E-03
  -2.53751432E-03
  -2.70144711E-03
  -2.84360978E-03
  -2.96351779E-03
  -3.06083797E-03
  -3.13539151E-03
  -3.18715163E-03
  -3.21624218E-03
  -3.22293467E-03
  -3.20764538E-03
  -3.17093008E-03
  -3.11347912E-03
  -3.03611113E-03
  -2.93976604E-03
  -2.82549672E-03
  -2.69446149E-03
  -2.54791463E-03
  -2.38719559E-03
  -2.21372093E-03
  -2.02897144E-03
  -1.83448254E-03
  -1.63183222E-03
  -1.42262923E-03
  -1.20850222E-03
  -9.91087523E-04
  -7.72016647E-04
  -5.52905898E-04
  -3.35344026E-04
  -1.20881567E-04
   8.89801886E-05
   2.92799406E-04
   4.89203434E-04
   6.76898111E-04
   8.54676066E-04
   1.02142466E-03
   1.17613270E-03
   1.31789688E-03
   1.44592649E-03
   1.55954808E-03
   1.65820867E-03
   1.74147810E-03
   1.80905021E-03
   1.86074362E-03
   1.89650035E-03
   1.91638514E-03
   1.92058191E-03
   1.90939161E-03
   1.88322645E-03
   1.84260611E-03
   1.78815064E-03
   1.72057434E-03
   1.64067897E-03
   1.54934521E-03
   1.44752418E-03
   1.33622938E-03
   1.21652707E-03
   1.08952692E-03
   9.56372183E-04
   8.18230561E-04
   6.76283846E-04
   5.31718892E-04
   3.85717402E-04
   2.39447123E-04
   9.40525351E-05
  -4.93536827E-05
  -1.89698942E-04
  -3.25958681E-04
  -4.57163260E-04
  -5.82405017E-04
  -7.00844044E-04
  -8.11713515E-04
  -9.14324657E-04
  -1.00807066E-03
  -1.09242927E-03
  -1.16696593E-03
  -1.23133534E-03
  -1.28528208E-03
  -1.32864167E-03
  -1.36133842E-03
  -1.38338597E-03
  -1.39488373E-03
  -1.39601552E-03
  -1.38704490E-03
  -1.36831286E-03
  -1.34023244E-03
  -1.30328361E-03
  -1.25800876E-03
  -1.20500568E-03
  -1.14492292E-03
  -1.07845198E-03
  -1.00632163E-03
  -9.29290545E-04
  -8.48140626E-04
  -7.63669843E-04
  -6.76685420E-04
  -5.87996852E-04
  -4.98409092E-04
  -4.08715801E-04
  -3.19693179E-04
  -2.32093691E-04
  -1.46640305E-04
  -6.40210419E-05
   1.51161821E-05
   9.01680833E-05
   1.60580166E-04
   2.25850483E-04
   2.85532733E-04
   3.39238963E-04
   3.86641594E-04
   4.27475024E-04
   4.61536634E-04
   4.88687248E-04
   5.08850964E-04
   5.22014743E-04
   5.28226956E-04
   5.27596101E-04
   5.20288479E-04
   5.06525568E-04
   4.86581033E-04
   4.60777577E-04
   4.29482752E-04
   3.93105176E-04
   3.52090108E-04
   3.06914793E-04
   2.58083659E-04
   2.06123310E-04
   1.51577551E-04
   9.50020694E-05
   3.69593945E-05
  -2.19863268E-05
  -8.12743747E-05
  -1.40352466E-04
  -1.98681519E-04
  -2.55740364E-04
  -3.11029959E-04
  -3.64077714E-04
  -4.14441165E-04
  -4.61711519E-04
  -5.05516713E-04
  -5.45524235E-04
  -5.81443484E-04
  -6.13027602E-04
  -6.40075014E-04
  -6.62430655E-04
  -6.79986377E-04
  -6.92681235E-04
  -7.00501376E-04
  -7.03479280E-04
  -7.01692654E-04
  -6.95263152E-04
  -6.84354396E-04
  -6.69169996E-04
  -6.49950991E-04
  -6.26972876E-04
  -6.00542699E-04
  -5.70996024E-04
  -5.38693042E-04
  -5.04015130E-04
  -4.67360864E-04
  -4.29142354E-04
  -3.89781228E-04
  -3.49704467E-04
  -3.09340714E-04
  -2.69116077E-04
  -2.29450467E-04
  -1.90753752E-04
  -1.53422152E-04
  -1.17834796E-04
  -8.43505186E-05
  -5.33048005E-05
  -2.50070298E-05
   2.62038100E-07
   2.22524686E-05
   4.07471016E-05
   5.55631268E-05
   6.65533880E-05
   7.36073198E-05
   7.66515659E-05
   7.56502777E-05
   7.06050268E-05
   6.15544268E-05
   4.85734345E-05
   3.17723061E-05
   1.12952612E-05
  -1.26810901E-05
  -3.99496748E-05
  -7.02750549E-05
  -1.03395774E-04
  -1.39026975E-04
  -1.76863046E-04
  -2.16580549E-04
  -2.57841253E-04
  -3.00295127E-04
  -3.43583699E-04
  -3.87343054E-04
  -4.31207067E-04
  -4.74810629E-04
  -5.17792942E-04
  -5.59800304E-04
  -6.00489206E-04
  -6.39529258E-04
  -6.76605559E-04
  -7.11421657E-04
  -7.43701588E-04
  -7.73191859E-04
  -7.99663831E-04
  -8.22915055E-04
  -8.42770562E-04
  -8.59084423E-04
  -8.71740340E-04
  -8.80652457E-04
  -8.85765650E-04
  -8.87055648E-04
  -8.84528854E-04
  -8.78221996E-04
  -8.68201314E-04
  -8.54561804E-04
  -8.37425760E-04
  -8.16941843E-04
  -7.93282932E-04
  -7.66644895E-04
  -7.37243972E-04
  -7.05315091E-04
  -6.71109534E-04
  -6.34892203E-04
  -5.96939703E-04
  -5.57537132E-04
  -5.16975881E-04
  -4.75550740E-04
  -4.33557405E-04
  -3.91289854E-04
  -3.49037640E-04
  -3.07083566E-04
  -2.65701150E-04
  -2.25152558E-04
  -1.85686309E-04
  -1.47535422E-04
  -1.10915600E-04
  -7.60237017E-05
  -4.30363507E-05
  -1.21088451E-05
   1.66257705E-05
   4.30573527E-05
   6.70990703E-05
   8.86875932E-05
   1.07783031E-04
   1.24368642E-04
   1.38450312E-04
   1.50055785E-04
   1.59233896E-04
   1.66053243E-04
   1.70601008E-04
   1.72981585E-04
   1.73314882E-04
   1.71734791E-04
   1.68387327E-04
   1.63428849E-04
   1.57024144E-04
   1.49344545E-04
   1.40566030E-04
   1.30867280E-04
   1.20427838E-04
   1.09426321E-04
   9.80385739E-05
   8.64360554E-05
   7.47842350E-05
   6.32411029E-05
   5.19558162E-05
   4.10674729E-05
   3.07039700E-05
   2.09810642E-05
   1.20015438E-05
   3.85455451E-06
  -3.38491077E-06
  -9.65638446E-06
  -1.49141324E-05
  -1.91272175E-05
  -2.22794024E-05
  -2.43689210E-05
  -2.54080896E-05
  -2.54227907E-05
  -2.44518505E-05
  -2.25462372E-05
  -1.97682093E-05
  -1.61903226E-05
  -1.18943617E-05
  -6.97018731E-06
  -1.51450877E-06
   4.37037806E-06
   1.05779145E-05
   1.69986051E-05
   2.35213884E-05
   3.00349675E-05
   3.64291445E-05
   4.25961116E-05
   4.84317025E-05
   5.38365821E-05
   5.87173672E-05
   6.29876522E-05
   6.65689222E-05
   6.93914553E-05
   7.13949485E-05
   7.25292048E-05
   7.27545557E-05
   7.20422395E-05
   7.03746337E-05
   6.77453354E-05
   6.41591541E-05
   5.96319260E-05
   5.41902918E-05
   4.78712864E-05
   4.07218504E-05
   3.27982489E-05
   2.41653870E-05
   1.48960535E-05
   5.07008463E-06
  -5.22652635E-06
  -1.59025876E-05
  -2.68626845E-05
  -3.80082201E-05
  -4.92384315E-05
  -6.04514717E-05
  -7.15454516E-05
  -8.24194940E-05
  -9.29747475E-05
  -1.03115402E-04
  -1.12749629E-04
  -1.21790523E-04
  -1.30156957E-04
  -1.37774405E-04
  -1.44575679E-04
  -1.50501510E-04
  -1.55501228E-04
  -1.59533258E-04
  -1.62565411E-04
  -1.64575365E-04
  -1.65550693E-04
  -1.65489051E-04
  -1.64398181E-04
  -1.62295808E-04
  -1.59209420E-04
  -1.55175978E-04
  -1.50241423E-04
  -1.44460297E-04
  -1.37895026E-04
  -1.30615241E-04
  -1.22697093E-04
  -1.14222312E-04
  -1.05277366E-04
  -9.59524550E-05
  -8.63405730E-05
  -7.65364457E-05
  -6.66355118E-05
  -5.67328825E-05
  -4.69222941E-05
  -3.72951290E-05
  -2.79394262E-05
  -1.89389393E-05
  -1.03722969E-05
  -2.31218337E-06
   5.17537455E-06
   1.20316527E-05
   1.82057738E-05
   2.36551496E-05
   2.83458339E-05
   3.22527667E-05
   3.53598880E-05
   3.76601929E-05
   3.91556423E-05
   3.98569646E-05
   3.97834156E-05
   3.89623856E-05
   3.74289411E-05
   3.52252973E-05
   3.24002140E-05
   2.90083099E-05
   2.51093461E-05
   2.07674639E-05
   1.60503623E-05
   1.10284818E-05
   5.77415358E-06
   3.60748402E-07
  -5.13817349E-06
  -1.06496918E-05
  -1.61023454E-05
  -2.14269112E-05
  -2.65571471E-05
  -3.14304962E-05
  -3.59887308E-05
  -4.01785328E-05
  -4.39520263E-05
  -4.72672182E-05
  -5.00883980E-05
  -5.23864219E-05
  -5.41389527E-05
  -5.53305908E-05
  -5.59529581E-05
  -5.60046683E-05
  -5.54912149E-05
  -5.44248251E-05
  -5.28242126E-05
  -5.07142358E-05
  -4.81255374E-05
  -4.50940825E-05
  -4.16606890E-05
  -3.78704426E-05
  -3.37721394E-05
  -2.94176807E-05
  -2.48614124E-05
  -2.01594812E-05
  -1.53691835E-05
  -1.05482950E-05
  -5.75443164E-06
  -1.04442108E-06
   3.52630195E-06
   7.90426566E-06
   1.20384902E-05
   1.58809853E-05
   1.93871801E-05
   2.25163167E-05
   2.52317877E-05
   2.75014008E-05
   2.92976147E-05
   3.05976828E-05
   3.13837627E-05
   3.16429796E-05
   3.13673954E-05
   3.05539652E-05
   2.92044278E-05
   2.73251644E-05
   2.49270106E-05
   2.20250295E-05
   1.86382586E-05
   1.47894443E-05
   1.05047266E-05
   5.81332642E-06
   7.47221804E-07
  -4.65919629E-06
  -1.03694647E-05
  -1.63453933E-05
  -2.25474178E-05
  -2.89349355E-05
  -3.54666445E-05
  -4.21008699E-05
  -4.87958969E-05
  -5.55102597E-05
  -6.22030639E-05
  -6.88342479E-05
  -7.53648637E-05
  -8.17573527E-05
  -8.79757499E-05
  -9.39859310E-05
  -9.97557872E-05
  -1.05255443E-04
  -1.10457404E-04
  -1.15336697E-04
  -1.19871023E-04
  -1.24040816E-04
  -1.27829335E-04
  -1.31222754E-04
  -1.34210204E-04
  -1.36783710E-04
  -1.38938281E-04
  -1.40671822E-04
  -1.41985147E-04
  -1.42881821E-04
  -1.43368161E-04
  -1.43453130E-04
  -1.43148180E-04
  -1.42467092E-04
  -1.41425902E-04
  -1.40042728E-04
  -1.38337520E-04
  -1.36331946E-04
  -1.34049231E-04
  -1.31513865E-04
  -1.28751504E-04
  -1.25788705E-04
  -1.22652753E-04
  -1.19371427E-04
  -1.15972834E-04
  -1.12485148E-04
  -1.08936460E-04
  -1.05354557E-04
  -1.01766753E-04
  -9.81996491E-05
  -9.46789733E-05
  -9.12294272E-05
  -8.78744759E-05
  -8.46361581E-05
  -8.15349849E-05
  -7.85897209E-05
  -7.58172828E-05
  -7.32325861E-05
  -7.08484367E-05
  -6.86754283E-05
  -6.67218046E-05
  -6.49934373E-05
  -6.34937533E-05
  -6.22236912E-05
  -6.11817013E-05
  -6.03637745E-05
  -5.97634607E-05
  -5.93719415E-05
  -5.91781281E-05
  -5.91687858E-05
  -5.93286786E-05
  -5.96407444E-05
  -6.00862913E-05
  -6.06452195E-05
  -6.12962613E-05
  -6.20172723E-05
  -6.27854752E-05
  -6.35777687E-05
  -6.43709936E-05
  -6.51422743E-05
  -6.58692952E-05
  -6.65305997E-05
  -6.71058369E-05
  -6.75760821E-05
  -6.79240693E-05
  -6.81343881E-05
  -6.81936945E-05
  -6.80908925E-05
  -6.78172437E-05
  -6.73664763E-05
  -6.67348504E-05
  -6.59211728E-05
  -6.49267895E-05
  -6.37555495E-05
  -6.24136665E-05
  -6.09096787E-05
  -5.92542201E-05
  -5.74599217E-05
  -5.55411498E-05
  -5.35138206E-05
  -5.13951491E-05
  -4.92034051E-05
  -4.69576480E-05
  -4.46774793E-05
  -4.23827623E-05
  -4.00933859E-05
  -3.78289878E-05
  -3.56087439E-05
  -3.34511315E-05
  -3.13737110E-05
  -2.93929570E-05
  -2.75240636E-05
  -2.57808188E-05
  -2.41754569E-05
  -2.27185774E-05
  -2.14190459E-05
  -2.02839419E-05
  -1.93185242E-05
  -1.85262106E-05
  -1.79085837E-05
  -1.74654124E-05
  -1.71946976E-05
  -1.70927269E-05
  -1.71541396E-05
  -1.73720291E-05
  -1.77380243E-05
  -1.82424210E-05
  -1.88742924E-05
  -1.96216224E-05
  -2.04714452E-05
  -2.14100037E-05
  -2.24228843E-05
  -2.34951985E-05
  -2.46117252E-05
  -2.57570846E-05
  -2.69159027E-05
  -2.80729746E-05
  -2.92134318E-05
  -3.03228953E-05
  -3.13876335E-05
  -3.23947206E-05
  -3.33321477E-05
  -3.41889827E-05
  -3.49554721E-05
  -3.56231612E-05
  -3.61849707E-05
  -3.66352760E-05
  -3.69699737E-05
  -3.71865099E-05
  -3.72839022E-05
  -3.72627655E-05
  -3.71252754E-05
  -3.68751353E-05
  -3.65175147E-05
  -3.60590057E-05
  -3.55075063E-05
  -3.48721114E-05
  -3.41630257E-05
  -3.33914031E-05
  -3.25692163E-05
  -3.17091035E-05
  -3.08242088E-05
  -2.99280309E-05
  -2.90342523E-05
  -2.81565863E-05
  -2.73086134E-05
  -2.65036397E-05
  -2.57545380E-05
  -2.50736284E-05
  -2.44725452E-05
  -2.39621259E-05
  -2.35523166E-05
  -2.32520943E-05
  -2.30693768E-05
  -2.30109981E-05
  -2.30826463E-05
  -2.32888524E-05
  -2.36329724E-05
  -2.41171983E-05
  -2.47425651E-05
  -2.55089908E-05
  -2.64152968E-05
  -2.74592712E-05
  -2.86377035E-05
  -2.99464609E-05
  -3.13805322E-05
  -3.29341237E-05
  -3.46006964E-05
  -3.63730469E-05
  -3.82433900E-05
  -4.02034129E-05
  -4.22443482E-05
  -4.43570498E-05
  -4.65320263E-05
  -4.87595498E-05
  -5.10296632E-05
  -5.33322745E-05
  -5.56571940E-05
  -5.79941952E-05
  -6.03330445E-05
  -6.26635883E-05
  -6.49757276E-05
  -6.72595561E-05
  -6.95053386E-05
  -7.17035509E-05
  -7.38449889E-05
  -7.59207105E-05
  -7.79221737E-05
  -7.98412220E-05
  -8.16701431E-05
  -8.34017119E-05
  -8.50292126E-05
  -8.65464972E-05
  -8.79480140E-05
  -8.92288299E-05
  -9.03846812E-05
  -9.14119810E-05
  -9.23078478E-05
  -9.30701426E-05
  -9.36974393E-05
  -9.41890685E-05
  -9.45451029E-05
  -9.47663502E-05
  -9.48543457E-05
  -9.48113448E-05
  -9.46402652E-05
  -9.43446867E-05
  -9.39288220E-05
  -9.33974297E-05
  -9.27557994E-05
  -9.20096863E-05
  -9.11652751E-05
  -9.02290994E-05
  -8.92080352E-05
  -8.81091401E-05
  -8.69396899E-05
  -8.57070700E-05
  -8.44187380E-05
  -8.30821591E-05
  -8.17047548E-05
  -8.02938521E-05
  -7.88566686E-05
  -7.74002256E-05
  -7.59313407E-05
  -7.44565987E-05
  -7.29823223E-05
  -7.15145361E-05
  -7.00589735E-05
  -6.86210260E-05
  -6.72057577E-05
  -6.58179197E-05
  -6.44618704E-05
  -6.31416260E-05
  -6.18608392E-05
  -6.06228023E-05
  -5.94304256E-05
  -5.82862485E-05
  -5.71924138E-05
  -5.61506822E-05
  -5.51623962E-05
  -5.42285161E-05
  -5.33495695E-05
  -5.25256510E-05
  -5.17564149E-05
  -5.10410609E-05
  -5.03783267E-05
  -4.97664660E-05
  -4.92032596E-05
  -4.86859826E-05
  -4.82114301E-05
  -4.77758840E-05
  -4.73751388E-05
  -4.70045052E-05
  -4.66588172E-05
  -4.63324541E-05
  -4.60193551E-05
  -4.57130845E-05
  -4.54068140E-05
  -4.50934094E-05
  -4.47654747E-05
  -4.44153920E-05
  -4.40354015E-05
  -4.36176488E-05
  -4.31542794E-05
  -4.26375009E-05
  -4.20596698E-05
  -4.14133756E-05
  -4.06915060E-05
  -3.98873563E-05
  -3.89947272E-05
  -3.80079582E-05
  -3.69220543E-05
  -3.57327372E-05
  -3.44365399E-05
  -3.30308649E-05
  -3.15140423E-05
  -2.98853902E-05
  -2.81452576E-05
  -2.62950634E-05
  -2.43373215E-05
  -2.22756553E-05
  -2.01148105E-05
  -1.78606442E-05
  -1.55201105E-05
  -1.31012293E-05
  -1.06130483E-05
  -8.06559183E-06
  -5.46980027E-06
  -2.83745180E-06
  -1.81085184E-07
   2.48609626E-06
   5.15032298E-06
   7.79736638E-06
   1.04126548E-05
   1.29813889E-05
   1.54886729E-05
   1.79196231E-05
   2.02595184E-05
   2.24939067E-05
   2.46087420E-05
   2.65904891E-05
   2.84262642E-05
   3.01039272E-05
   3.16122132E-05
   3.29408031E-05
   3.40804327E-05
   3.50229711E-05
   3.57614990E-05
   3.62903629E-05
   3.66052336E-05
   3.67031498E-05
   3.65825508E-05
   3.62432984E-05
   3.56866767E-05
   3.49154143E-05
   3.39336584E-05
   3.27469388E-05
   3.13621786E-05
   2.97876086E-05
   2.80327458E-05
   2.61083278E-05
   2.40262452E-05
   2.17994639E-05
   1.94419499E-05
   1.69685754E-05
   1.43950265E-05
   1.17376994E-05
   9.01359726E-06
   6.24021686E-06
   3.43543684E-06
   6.17393994E-07
  -2.19563390E-06
  -4.98535337E-06
  -7.73358261E-06
  -1.04223718E-05
  -1.30341323E-05
  -1.55517646E-05
  -1.79587696E-05
  -2.02393730E-05
  -2.23786483E-05
  -2.43626109E-05
  -2.61783243E-05
  -2.78139978E-05
  -2.92590757E-05
  -3.05043031E-05
  -3.15417965E-05
  -3.23650966E-05
  -3.29692048E-05
  -3.33506141E-05
  -3.35073273E-05
  -3.34388642E-05
  -3.31462143E-05
  -3.26318550E-05
  -3.18996863E-05
  -3.09549905E-05
  -2.98043578E-05
  -2.84556172E-05
  -2.69177526E-05
  -2.52007976E-05
  -2.33157461E-05
  -2.12744308E-05
  -1.90894207E-05
  -1.67738963E-05
  -1.43415300E-05
  -1.18063708E-05
  -9.18272417E-06
  -6.48503419E-06
  -3.72777276E-06
  -9.25332984E-07
   1.90807464E-06
   4.75851539E-06
   7.61242427E-06
   1.04566825E-05
   1.32786909E-05
   1.60664367E-05
   1.88085505E-05
   2.14943593E-05
   2.41139278E-05
   2.66580937E-05
   2.91184933E-05
   3.14875870E-05
   3.37586789E-05
   3.59259211E-05
   3.79843186E-05
   3.99297387E-05
   4.17588926E-05
   4.34693466E-05
   4.50594853E-05
   4.65285157E-05
   4.78764377E-05
   4.91040264E-05
   5.02127950E-05
   5.12049810E-05
   5.20834838E-05
   5.28518503E-05
   5.35142171E-05
   5.40752590E-05
   5.45401526E-05
   5.49145079E-05
   5.52042984E-05
   5.54158141E-05
   5.55555744E-05
   5.56302584E-05
   5.56466475E-05
   5.56115338E-05
   5.55316401E-05
   5.54135622E-05
   5.52636739E-05
   5.50880686E-05
   5.48924763E-05
   5.46822266E-05
   5.44621580E-05
   5.42365779E-05
   5.40092296E-05
   5.37832202E-05
   5.35610307E-05
   5.33444836E-05
   5.31347068E-05
   5.29321587E-05
   5.27366246E-05
   5.25472242E-05
   5.23624440E-05
   5.21801521E-05
   5.19976420E-05
   5.18116831E-05
   5.16185391E-05
   5.14140374E-05
   5.11936123E-05
   5.09523488E-05
   5.06850556E-05
   5.03862975E-05
   5.00504611E-05
   4.96717948E-05
   4.92444706E-05
   4.87626166E-05
   4.82203650E-05
   4.76119021E-05
   4.69314982E-05
   4.61735544E-05
   4.53326284E-05
   4.44034777E-05
   4.33810856E-05
   4.22607118E-05
   4.10379107E-05
   3.97085605E-05
   3.82689032E-05
   3.67155808E-05
   3.50456357E-05
   3.32566015E-05
   3.13464734E-05
   2.93137746E-05
   2.71575736E-05
   2.48775104E-05
   2.24738360E-05
   1.99474198E-05
   1.72997879E-05
   1.45331178E-05
   1.16502679E-05
   8.65477978E-06
   5.55087763E-06
   2.34346339E-06
  -9.61891374E-07
  -4.35896754E-06
  -7.84092481E-06
  -1.14003224E-05
  -1.50291817E-05
  -1.87190071E-05
  -2.24608521E-05
  -2.62453614E-05
  -3.00628453E-05
  -3.39033322E-05
  -3.77566284E-05
  -4.16124094E-05
  -4.54602559E-05
  -4.92897343E-05
  -5.30904617E-05
  -5.68521682E-05
  -6.05647547E-05
  -6.42183659E-05
  -6.78033903E-05
  -7.13105837E-05
  -7.47310551E-05
  -7.80563350E-05
  -8.12783910E-05
  -8.43896923E-05
  -8.73831814E-05
  -9.02523389E-05
  -9.29911912E-05
  -9.55942742E-05
  -9.80566838E-05
  -1.00374091E-04
  -1.02542712E-04
  -1.04559280E-04
  -1.06421103E-04
  -1.08125998E-04
  -1.09672299E-04
  -1.11058849E-04
  -1.12284943E-04
  -1.13350354E-04
  -1.14255294E-04
  -1.15000395E-04
  -1.15586678E-04
  -1.16015530E-04
  -1.16288662E-04
  -1.16408119E-04
  -1.16376199E-04
  -1.16195479E-04
  -1.15868716E-04
  -1.15398885E-04
  -1.14789102E-04
  -1.14042610E-04
  -1.13162758E-04
  -1.12152979E-04
  -1.11016721E-04
  -1.09757457E-04
  -1.08378699E-04
  -1.06883912E-04
  -1.05276558E-04
  -1.03560051E-04
  -1.01737787E-04
  -9.98131072E-05
  -9.77893214E-05
  -9.56697040E-05
  -9.34575364E-05
  -9.11560637E-05
  -8.87685819E-05
  -8.62983725E-05
  -8.37487969E-05
  -8.11232821E-05
  -7.84253571E-05
  -7.56586742E-05
  -7.28270388E-05
  -6.99343873E-05
  -6.69848960E-05
  -6.39829232E-05
  -6.09330345E-05
  -5.78400832E-05
  -5.47091367E-05
  -5.15455467E-05
  -4.83549156E-05
  -4.51431297E-05
  -4.19163480E-05
  -3.86809770E-05
  -3.54436816E-05
  -3.22113774E-05
  -2.89911968E-05
  -2.57904703E-05
  -2.26167103E-05
  -1.94775821E-05
  -1.63808691E-05
  -1.33344411E-05
  -1.03462107E-05
  -7.42410339E-06
  -4.57601209E-06
  -1.80975110E-06
   8.66985488E-07
   3.44667205E-06
   5.92199694E-06
   8.28591328E-06
   1.05316813E-05
   1.26529203E-05
   1.46436532E-05
   1.64983485E-05
   1.82119747E-05
   1.97800291E-05
   2.11985771E-05
   2.24643009E-05
   2.35745083E-05
   2.45271822E-05
   2.53209910E-05
   2.59553090E-05
   2.64302307E-05
   2.67465803E-05
   2.69059037E-05
   2.69104803E-05
   2.67633004E-05
   2.64680548E-05
   2.60291217E-05
   2.54515289E-05
   2.47409243E-05
   2.39035471E-05
   2.29461784E-05
   2.18761052E-05
   2.07010635E-05
   1.94291933E-05
   1.80689840E-05
   1.66292193E-05
   1.51189188E-05
   1.35472828E-05
   1.19236311E-05
   1.02573504E-05
   8.55783310E-06
   6.83441749E-06
   5.09634265E-06
   3.35268487E-06
   1.61231060E-06
  -1.16176928E-07
  -1.82448457E-06
  -3.50467690E-06
  -5.14922021E-06
  -6.75102365E-06
  -8.30347562E-06
  -9.80048571E-06
  -1.12365087E-05
  -1.26065815E-05
  -1.39063441E-05
  -1.51320564E-05
  -1.62806264E-05
  -1.73496119E-05
  -1.83372267E-05
  -1.92423468E-05
  -2.00645081E-05
  -2.08038982E-05
  -2.14613356E-05
  -2.20382608E-05
  -2.25366966E-05
  -2.29592260E-05
  -2.33089613E-05
  -2.35894895E-05
  -2.38048451E-05
  -2.39594374E-05
  -2.40580084E-05
  -2.41055714E-05
  -2.41073503E-05
  -2.40687114E-05
  -2.39951059E-05
  -2.38920002E-05
  -2.37648019E-05
  -2.36188025E-05
  -2.34591171E-05
  -2.32906150E-05
  -2.31178674E-05
  -2.29450943E-05
  -2.27761157E-05
  -2.26143093E-05
  -2.24625801E-05
  -2.23233183E-05
  -2.21983937E-05
  -2.20891216E-05
  -2.19962731E-05
  -2.19200538E-05
  -2.18601253E-05
  -2.18156074E-05
  -2.17850902E-05
  -2.17666693E-05
  -2.17579673E-05
  -2.17561646E-05
  -2.17580400E-05
  -2.17600045E-05
  -2.17581528E-05
  -2.17483012E-05
  -2.17260331E-05
  -2.16867556E-05
  -2.16257413E-05
  -2.15381842E-05
  -2.14192405E-05
  -2.12640771E-05
  -2.10679209E-05
  -2.08261117E-05
  -2.05341294E-05
  -2.01876446E-05
  -1.97825557E-05
  -1.93150281E-05
  -1.87815203E-05
  -1.81788200E-05
  -1.75040732E-05
  -1.67547987E-05
  -1.59289193E-05
  -1.50247761E-05
  -1.40411439E-05
  -1.29772407E-05
  -1.18327434E-05
  -1.06077914E-05
  -9.30298575E-06
  -7.91940056E-06
  -6.45857017E-06
  -4.92249683E-06
  -3.31363685E-06
  -1.63489460E-06
   1.10386885E-07
   1.91844242E-06
   3.78509822E-06
   5.70579323E-06
   7.67559777E-06
   9.68923632E-06
   1.17411191E-05
   1.38253636E-05
   1.59358278E-05
   1.80661409E-05
   2.02097399E-05
   2.23599072E-05
   2.45097981E-05
   2.66524858E-05
   2.87809962E-05
   3.08883500E-05
   3.29676004E-05
   3.50118717E-05
   3.70143935E-05
   3.89685483E-05
   4.08678970E-05
   4.27062187E-05
   4.44775505E-05
   4.61762320E-05
   4.77969006E-05
   4.93345360E-05
   5.07845143E-05
   5.21425900E-05
   5.34049504E-05
   5.45682087E-05
   5.56294326E-05
   5.65861483E-05
   5.74363585E-05
   5.81785353E-05
   5.88116236E-05
   5.93350305E-05
   5.97486614E-05
   6.00528510E-05
   6.02483851E-05
   6.03365006E-05
   6.03188419E-05
   6.01974498E-05
   5.99747655E-05
   5.96535756E-05
   5.92370052E-05
   5.87284958E-05
   5.81317836E-05
   5.74508813E-05
   5.66900308E-05
   5.58536995E-05
   5.49465476E-05
   5.39733992E-05
   5.29392237E-05
   5.18491179E-05
   5.07082514E-05
   4.95218774E-05
   4.82952855E-05
   4.70337727E-05
   4.57426431E-05
   4.44271500E-05
   4.30924993E-05
   4.17437950E-05
   4.03860395E-05
   3.90241039E-05
   3.76626776E-05
   3.63062936E-05
   3.49592410E-05
   3.36255980E-05
   3.23091845E-05
   3.10135329E-05
   2.97418774E-05
   2.84971447E-05
   2.72819179E-05
   2.60984361E-05
   2.49485747E-05
   2.38338416E-05
   2.27553664E-05
   2.17138950E-05
   2.07097983E-05
   1.97430636E-05
   1.88133126E-05
   1.79198087E-05
   1.70614712E-05
   1.62368924E-05
   1.54443587E-05
   1.46818829E-05
   1.39472204E-05
   1.32379082E-05
   1.25512934E-05
   1.18845674E-05
   1.12347961E-05
   1.05989629E-05
   9.97399729E-06
   9.35681237E-06
