   0.00000000    
   0.00000000    
   0.00000000    
   0.00000000    
   0.00000000    
   0.00000000    
   0.00000000    
   0.00000000    
   0.00000000    
   0.00000000    
   0.00000000    
   0.00000000    
   0.00000000    
   0.00000000    
   0.00000000    
   0.00000000    
   0.00000000    
   0.00000000    
   0.00000000    
   0.00000000    
   0.00000000    
   0.00000000    
   0.00000000    
   0.00000000    
   0.00000000    
   0.00000000    
   0.00000000    
   0.00000000    
   0.00000000    
   0.00000000    
   0.00000000    
   0.00000000    
   0.00000000    
   0.00000000    
   0.00000000    
   0.00000000    
   0.00000000    
   0.00000000    
   0.00000000    
   0.00000000    
   0.00000000    
   0.00000000    
   0.00000000    
   0.00000000    
   0.00000000    
   0.00000000    
   0.00000000    
   0.00000000    
   0.00000000    
   0.00000000    
   0.00000000    
   0.00000000    
   0.00000000    
   0.00000000    
   0.00000000    
   0.00000000    
  -1.40129846E-45
  -2.80259693E-45
  -7.00649232E-45
  -1.12103877E-44
  -1.26116862E-44
  -1.40129846E-45
   4.06376555E-44
   1.49938936E-43
   3.81153182E-43
   7.95937528E-43
   1.43072573E-42
   2.19163080E-42
   2.64985540E-42
   1.68856465E-42
  -3.03661377E-42
  -1.57337792E-41
  -4.29652122E-41
  -9.33194712E-41
  -1.74994152E-40
  -2.89142524E-40
  -4.15884365E-40
  -4.89267563E-40
  -3.58014942E-40
   2.67712466E-40
   1.87483505E-39
   5.18589873E-39
   1.11243928E-38
   2.06124880E-38
   3.40543048E-38
   5.03037394E-38
   6.48835997E-38
   6.72565585E-38
   3.71190735E-38
  -5.99007618E-38
  -2.75983266E-37
  -6.81858291E-37
  -1.36023203E-36
  -2.38512388E-36
  -3.77754946E-36
  -5.42552847E-36
  -6.95553654E-36
  -7.54534355E-36
  -5.67783573E-36
   1.14400213E-36
   1.66641563E-35
   4.60081372E-35
   9.54873060E-35
   1.71766058E-34
   2.79955482E-34
   4.20064376E-34
   5.81137591E-34
   7.32401260E-34
   8.10904676E-34
   7.05633463E-34
   2.39038934E-34
  -8.51397518E-34
  -2.92631531E-33
  -6.44326510E-33
  -1.19268302E-32
  -1.98891014E-32
  -3.06716657E-32
  -4.41719979E-32
  -5.94101134E-32
  -7.38882718E-32
  -8.27024752E-32
  -7.73857260E-32
  -4.45105902E-32
   3.58353273E-32
   1.91444983E-31
   4.58785289E-31
   8.82402138E-31
   1.51172956E-30
   2.39355627E-30
   3.55777302E-30
   4.99336007E-30
   6.61100280E-30
   8.18845904E-30
   9.29521876E-30
   9.19454303E-30
   6.72444910E-30
   1.65410487E-31
  -1.28873422E-29
  -3.56139174E-29
  -7.19679275E-29
  -1.26500279E-28
  -2.03891005E-28
  -3.08031767E-28
  -4.40459697E-28
  -5.97908562E-28
  -7.68725934E-28
  -9.27925662E-28
  -1.03072602E-27
  -1.00460435E-27
  -7.40214081E-28
  -8.20146915E-29
   1.17979262E-27
   3.31340801E-27
   6.64169575E-27
   1.15249597E-26
   1.83227151E-26
   2.73249338E-26
   3.86413839E-26
   5.20363838E-26
   6.66963160E-26
   8.09191330E-26
   9.17205370E-26
   9.43612489E-26
   8.18159199E-26
   4.42287069E-26
  -3.15660935E-26
  -1.62334386E-25
  -3.68363456E-25
  -6.72765725E-25
  -1.09984131E-24
  -1.67209699E-24
  -2.40544615E-24
  -3.30206861E-24
  -4.34039395E-24
  -5.46173843E-24
  -6.55328684E-24
  -7.42741888E-24
  -7.79787822E-24
  -7.25401936E-24
  -5.23539215E-24
  -1.01026320E-24
   6.33663251E-24
   1.78998109E-23
   3.49226545E-23
   5.87289273E-23
   9.06018867E-23
   1.31594709E-22
   1.82254889E-22
   2.42245477E-22
   3.09848786E-22
   3.81343339E-22
   4.50254491E-22
   5.06493635E-22
   5.35421429E-22
   5.16897662E-22
   4.24415699E-22
   2.24461018E-22
  -1.23717990E-22
  -6.67683338E-22
  -1.46042827E-21
  -2.55769496E-21
  -4.01359867E-21
  -5.87413830E-21
  -8.16819610E-21
  -1.08956626E-20
  -1.40124477E-20
  -1.74123264E-20
  -2.09058591E-20
  -2.41969813E-20
  -2.68584559E-20
  -2.83079203E-20
  -2.77871294E-20
  -2.43477948E-20
  -1.68484315E-20
  -3.96748295E-21
   1.57610364E-20
   4.38826068E-20
   8.19208983E-20
   1.31233445E-19
   1.92818993E-19
   2.67073666E-19
   3.53497444E-19
   4.50359053E-19
   5.54335604E-19
   6.60156924E-19
   7.60299958E-19
   8.44798784E-19
   9.01262908E-19
   9.15226751E-19
   8.70990269E-19
   7.53155082E-19
   5.49107099E-19
   2.52751576E-19
  -1.30138658E-19
  -5.74545074E-19
  -1.02632724E-18
  -1.38934290E-18
  -1.50903872E-18
  -1.15200544E-18
   1.89414279E-20
   2.47444091E-18
   6.85306068E-18
   1.40001775E-17
   2.50102558E-17
   4.12706348E-17
   6.45035905E-17
   9.68017707E-17
   1.40649689E-16
   1.98920579E-16
   2.74834398E-16
   3.71855934E-16
   4.93507283E-16
   6.43057249E-16
   8.23042115E-16
   1.03455662E-15
   1.27623725E-15
   1.54284203E-15
   1.82330428E-15
   2.09811162E-15
   2.33582803E-15
   2.48854129E-15
   2.48597817E-15
   2.22798549E-15
   1.57503098E-15
   3.36339154E-16
  -1.74476431E-15
  -5.00874637E-15
  -9.90145771E-15
  -1.69998513E-14
  -2.70421926E-14
  -4.09629944E-14
  -5.99326835E-14
  -8.54017649E-14
  -1.19148506E-13
  -1.63328904E-13
  -2.20526302E-13
  -2.93797105E-13
  -3.86707241E-13
  -5.03351755E-13
  -6.48347370E-13
  -8.26784062E-13
  -1.04411792E-12
  -1.30598071E-12
  -1.61787738E-12
  -1.98473074E-12
  -2.41022827E-12
  -2.89590964E-12
  -3.43992174E-12
  -4.03535452E-12
  -4.66804807E-12
  -5.31374987E-12
  -5.93446429E-12
  -6.47383102E-12
  -6.85132073E-12
  -6.95503377E-12
  -6.63282970E-12
  -5.68151949E-12
  -3.83380220E-12
  -7.42630783E-13
   4.03734511E-12
   1.10715829E-11
   2.10710182E-11
   3.49212950E-11
   5.37160386E-11
   7.87942697E-11
   1.11781910E-10
   1.54637039E-10
   2.09698356E-10
   2.79735679E-10
   3.68001241E-10
   4.78279083E-10
   6.14930162E-10
   7.82928111E-10
   9.87881110E-10
   1.23603272E-09
   1.53423230E-09
   1.88986382E-09
   2.31072006E-09
   2.80480528E-09
   3.38004402E-09
   4.04387102E-09
   4.80267914E-09
   5.66107339E-09
   6.62091093E-09
   7.68006192E-09
   8.83083473E-09
   1.00580113E-08
   1.13364056E-08
   1.26278570E-08
   1.38775702E-08
   1.50096877E-08
   1.59219624E-08
   1.64793974E-08
   1.65067089E-08
   1.57794311E-08
   1.40134819E-08
   1.08530100E-08
   5.85628346E-09
  -1.52058366E-09
  -1.19423085E-08
  -2.62157744E-08
  -4.53142732E-08
  -7.04048944E-08
  -1.02879390E-07
  -1.44388650E-07
  -1.96881118E-07
  -2.62645443E-07
  -3.44357346E-07
  -4.45131093E-07
  -5.68575615E-07
  -7.18855347E-07
  -9.00755708E-07
  -1.11975362E-06
  -1.38209180E-06
  -1.69485816E-06
  -2.06606887E-06
  -2.50475432E-06
  -3.02104809E-06
  -3.62627907E-06
  -4.33306241E-06
  -5.15539159E-06
  -6.10872894E-06
  -7.21009428E-06
  -8.47814590E-06
  -9.93325830E-06
  -1.15975881E-05
  -1.34951306E-05
  -1.56517635E-05
  -1.80952738E-05
  -2.08553593E-05
  -2.39636211E-05
  -2.74535196E-05
  -3.13603123E-05
  -3.57209356E-05
  -4.05739011E-05
  -4.59590919E-05
  -5.19175810E-05
  -5.84913505E-05
  -6.57230121E-05
  -7.36554430E-05
  -8.23314185E-05
  -9.17931320E-05
  -1.02081751E-04
  -1.13236812E-04
  -1.25295686E-04
  -1.38292948E-04
  -1.52259614E-04
  -1.67222548E-04
  -1.83203636E-04
  -2.00219030E-04
  -2.18278379E-04
  -2.37383952E-04
  -2.57529900E-04
  -2.78701482E-04
  -3.00874148E-04
  -3.24012974E-04
  -3.48071830E-04
  -3.72992712E-04
  -3.98705335E-04
  -4.25126491E-04
  -4.52159729E-04
  -4.79695067E-04
  -5.07608871E-04
  -5.35763858E-04
  -5.64009300E-04
  -5.92181110E-04
  -6.20102684E-04
  -6.47585315E-04
  -6.74429233E-04
  -7.00424484E-04
  -7.25352380E-04
  -7.48986786E-04
  -7.71095743E-04
  -7.91443512E-04
  -8.09792080E-04
  -8.25903669E-04
  -8.39542889E-04
  -8.50479002E-04
  -8.58488551E-04
  -8.63357796E-04
  -8.64885282E-04
  -8.62884277E-04
  -8.57185631E-04
  -8.47640040E-04
  -8.34120379E-04
  -8.16524087E-04
  -7.94775260E-04
  -7.68826576E-04
  -7.38660863E-04
  -7.04292499E-04
  -6.65768515E-04
  -6.23169530E-04
  -5.76610037E-04
  -5.26238582E-04
  -4.72237385E-04
  -4.14821698E-04
  -3.54238786E-04
  -2.90766417E-04
  -2.24711112E-04
  -1.56405804E-04
  -8.62074594E-05
  -1.44941332E-05
   5.83381989E-05
   1.31879046E-04
   2.05707052E-04
   2.79393804E-04
   3.52507835E-04
   4.24618571E-04
   4.95300570E-04
   5.64137299E-04
   6.30725408E-04
   6.94678514E-04
   7.55630783E-04
   8.13240302E-04
   8.67192750E-04
   9.17203666E-04
   9.63021477E-04
   1.00442907E-03
   1.04124646E-03
   1.07333111E-03
   1.10057951E-03
   1.12292706E-03
   1.14034861E-03
   1.15285732E-03
   1.16050430E-03
   1.16337708E-03
   1.16159767E-03
   1.15532079E-03
   1.14473118E-03
   1.13004097E-03
   1.11148681E-03
   1.08932657E-03
   1.06383627E-03
   1.03530625E-03
   1.00403780E-03
   9.70340101E-04
   9.34526441E-04
   8.96910846E-04
   8.57805135E-04
   8.17515422E-04
   7.76339788E-04
   7.34565430E-04
   6.92466507E-04
   6.50301808E-04
   6.08313363E-04
   5.66725037E-04
   5.25740907E-04
   4.85545315E-04
   4.46301710E-04
   4.08152875E-04
   3.71220900E-04
   3.35607619E-04
   3.01395252E-04
   2.68647273E-04
   2.37409375E-04
   2.07710778E-04
   1.79565555E-04
   1.52973997E-04
   1.27924228E-04
   1.04393679E-04
   8.23505834E-05
   6.17556216E-05
   4.25633189E-05
   2.47234711E-05
   8.18246190E-06
  -7.11550092E-06
  -2.12273371E-05
  -3.42100830E-05
  -4.61200943E-05
  -5.70123811E-05
  -6.69400470E-05
  -7.59538816E-05
  -8.41021028E-05
  -9.14302291E-05
  -9.79810357E-05
  -1.03794635E-04
  -1.08908687E-04
  -1.13358583E-04
  -1.17177791E-04
  -1.20398210E-04
  -1.23050530E-04
  -1.25164646E-04
  -1.26770014E-04
  -1.27896099E-04
  -1.28572690E-04
  -1.28830201E-04
  -1.28699976E-04
  -1.28214480E-04
  -1.27407446E-04
  -1.26314029E-04
  -1.24970786E-04
  -1.23415623E-04
  -1.21687757E-04
  -1.19827528E-04
  -1.17876203E-04
  -1.15875679E-04
  -1.13868184E-04
  -1.11896050E-04
  -1.10001187E-04
  -1.08224805E-04
  -1.06607098E-04
  -1.05186700E-04
  -1.04000486E-04
  -1.03083061E-04
  -1.02466554E-04
  -1.02180260E-04
  -1.02250429E-04
  -1.02699953E-04
  -1.03548286E-04
  -1.04811246E-04
  -1.06500942E-04
  -1.08625725E-04
  -1.11190166E-04
  -1.14195049E-04
  -1.17637537E-04
  -1.21511126E-04
  -1.25805818E-04
  -1.30508241E-04
  -1.35601818E-04
  -1.41066819E-04
  -1.46880600E-04
  -1.53017623E-04
  -1.59449628E-04
  -1.66145808E-04
  -1.73072738E-04
  -1.80194562E-04
  -1.87472862E-04
  -1.94866836E-04
  -2.02333118E-04
  -2.09825783E-04
  -2.17296198E-04
  -2.24692980E-04
  -2.31961792E-04
  -2.39045214E-04
  -2.45882547E-04
  -2.52409722E-04
  -2.58559041E-04
  -2.64259055E-04
  -2.69434327E-04
  -2.74005462E-04
  -2.77888845E-04
  -2.80996668E-04
  -2.83236790E-04
  -2.84512818E-04
  -2.84724287E-04
  -2.83766480E-04
  -2.81530927E-04
  -2.77905434E-04
  -2.72774516E-04
  -2.66019633E-04
  -2.57519772E-04
  -2.47151940E-04
  -2.34791674E-04
  -2.20313785E-04
  -2.03593037E-04
  -1.84504941E-04
  -1.62926575E-04
  -1.38737552E-04
  -1.11820962E-04
  -8.20644054E-05
  -4.93609987E-05
  -1.36105809E-05
   2.52792379E-05
   6.73918403E-05
   1.12800422E-04
   1.61566772E-04
   2.13740044E-04
   2.69355456E-04
   3.28433176E-04
   3.90977046E-04
   4.56973270E-04
   5.26389515E-04
   5.99173538E-04
   6.75252057E-04
   7.54530076E-04
   8.36889609E-04
   9.22188978E-04
   1.01026183E-03
   1.10091688E-03
   1.19393691E-03
   1.28907873E-03
   1.38607260E-03
   1.48462260E-03
   1.58440601E-03
   1.68507383E-03
   1.78625179E-03
   1.88754033E-03
   1.98851549E-03
   2.08872999E-03
   2.18771514E-03
   2.28498131E-03
   2.38002092E-03
   2.47230940E-03
   2.56130798E-03
   2.64646579E-03
   2.72722356E-03
   2.80301436E-03
   2.87326938E-03
   2.93741981E-03
   2.99490034E-03
   3.04515264E-03
   3.08763003E-03
   3.12180072E-03
   3.14715225E-03
   3.16319522E-03
   3.16946767E-03
   3.16553842E-03
   3.15101258E-03
   3.12553346E-03
   3.08878860E-03
   3.04051139E-03
   2.98048742E-03
   2.90855463E-03
   2.82460870E-03
   2.72860401E-03
   2.62055825E-03
   2.50055245E-03
   2.36873422E-03
   2.22531753E-03
   2.07058480E-03
   1.90488598E-03
   1.72864064E-03
   1.54233491E-03
   1.34652085E-03
   1.14181591E-03
   9.28899972E-04
   7.08512729E-04
   4.81449766E-04
   2.48559983E-04
   1.07409433E-05
  -2.31066020E-04
  -4.75880806E-04
  -7.22689787E-04
  -9.70452325E-04
  -1.21810613E-03
  -1.46457436E-03
  -1.70877180E-03
  -1.94961193E-03
  -2.18601432E-03
  -2.41691084E-03
  -2.64125317E-03
  -2.85802013E-03
  -3.06622358E-03
  -3.26491660E-03
  -3.45319835E-03
  -3.63022159E-03
  -3.79519793E-03
  -3.94740328E-03
  -4.08618432E-03
  -4.21095919E-03
  -4.32122685E-03
  -4.41656634E-03
  -4.49664146E-03
  -4.56120213E-03
  -4.61008726E-03
  -4.64322418E-03
  -4.66063013E-03
  -4.66241036E-03
  -4.64875810E-03
  -4.61995276E-03
  -4.57635708E-03
  -4.51841298E-03
  -4.44663968E-03
  -4.36162855E-03
  -4.26403806E-03
  -4.15458716E-03
  -4.03405307E-03
  -3.90326139E-03
  -3.76308104E-03
  -3.61441821E-03
  -3.45820701E-03
  -3.29540484E-03
  -3.12698260E-03
  -2.95392005E-03
  -2.77719647E-03
  -2.59778323E-03
  -2.41663982E-03
  -2.23470363E-03
  -2.05288501E-03
  -1.87206129E-03
  -1.69307087E-03
  -1.51670771E-03
  -1.34371687E-03
  -1.17479078E-03
  -1.01056485E-03
  -8.51614168E-04
  -6.98452815E-04
  -5.51529694E-04
  -4.11229208E-04
  -2.77869869E-04
  -1.51704066E-04
  -3.29196919E-05
   7.83596188E-05
   1.82072166E-04
   2.78215739E-04
   3.66844935E-04
   4.48068022E-04
   5.22043323E-04
   5.88974915E-04
   6.49108319E-04
   7.02726073E-04
   7.50142965E-04
   7.91701023E-04
   8.27764568E-04
   8.58715270E-04
   8.84947134E-04
   9.06861562E-04
   9.24862572E-04
   9.39352554E-04
   9.50727961E-04
   9.59374709E-04
   9.65665386E-04
   9.69954766E-04
   9.72577953E-04
   9.73847229E-04
   9.74050083E-04
   9.73446935E-04
   9.72270849E-04
   9.70725785E-04
   9.68986598E-04
   9.67198866E-04
   9.65479412E-04
   9.63916886E-04
   9.62572987E-04
   9.61484155E-04
   9.60662786E-04
   9.60099744E-04
   9.59766330E-04
   9.59616620E-04
   9.59590310E-04
   9.59614874E-04
   9.59608587E-04
   9.59483208E-04
   9.59146419E-04
   9.58504737E-04
   9.57465614E-04
   9.55939875E-04
   9.53844166E-04
   9.51102411E-04
   9.47648135E-04
   9.43425403E-04
   9.38390382E-04
   9.32512165E-04
   9.25773405E-04
   9.18170612E-04
   9.09714610E-04
   9.00430023E-04
   8.90354859E-04
   8.79540108E-04
   8.68048344E-04
   8.55953083E-04
   8.43337039E-04
   8.30291014E-04
   8.16911983E-04
   8.03301693E-04
   7.89564569E-04
   7.75806140E-04
   7.62131007E-04
   7.48641265E-04
   7.35434762E-04
   7.22603116E-04
   7.10230612E-04
   6.98392629E-04
   6.87154417E-04
   6.76569820E-04
   6.66680979E-04
   6.57517056E-04
   6.49094232E-04
   6.41415361E-04
   6.34469965E-04
   6.28234586E-04
   6.22673193E-04
   6.17737940E-04
   6.13369746E-04
   6.09499984E-04
   6.06050948E-04
   6.02937886E-04
   6.00069994E-04
   5.97352278E-04
   5.94687241E-04
   5.91976277E-04
   5.89121715E-04
   5.86028211E-04
   5.82604436E-04
   5.78765001E-04
   5.74431266E-04
   5.69533207E-04
   5.64010465E-04
   5.57813095E-04
   5.50902856E-04
   5.43253613E-04
   5.34851686E-04
   5.25696436E-04
   5.15799911E-04
   5.05186850E-04
   4.93894215E-04
   4.81970666E-04
   4.69475519E-04
   4.56478068E-04
   4.43056342E-04
   4.29295644E-04
   4.15287359E-04
   4.01127327E-04
   3.86914297E-04
   3.72748356E-04
   3.58729128E-04
   3.44954286E-04
   3.31517862E-04
   3.18508770E-04
   3.06009228E-04
   2.94093537E-04
   2.82826775E-04
   2.72263831E-04
   2.62448419E-04
   2.53412378E-04
   2.45175237E-04
   2.37743894E-04
   2.31112354E-04
   2.25261931E-04
   2.20161601E-04
   2.15768523E-04
   2.12028623E-04
   2.08877609E-04
   2.06241879E-04
   2.04039854E-04
   2.02183233E-04
   2.00578332E-04
   1.99127709E-04
   1.97731715E-04
   1.96290115E-04
   1.94703578E-04
   1.92875450E-04
   1.90712977E-04
   1.88129168E-04
   1.85043900E-04
   1.81385258E-04
   1.77090755E-04
   1.72108208E-04
   1.66396523E-04
   1.59926480E-04
   1.52681023E-04
   1.44655613E-04
   1.35858281E-04
   1.26309460E-04
   1.16041687E-04
   1.05099025E-04
   9.35364515E-05
   8.14189552E-05
   6.88205473E-05
   5.58232132E-05
   4.25154867E-05
   2.89912277E-05
   1.53482833E-05
   1.68685801E-06
  -1.18917669E-05
  -2.52868194E-05
  -3.83994775E-05
  -5.11342369E-05
  -6.34001917E-05
  -7.51123662E-05
  -8.61928129E-05
  -9.65715444E-05
  -1.06187523E-04
  -1.14989263E-04
  -1.22935424E-04
  -1.29995227E-04
  -1.36148650E-04
  -1.41386496E-04
  -1.45710248E-04
  -1.49131840E-04
  -1.51673157E-04
  -1.53365530E-04
  -1.54249021E-04
  -1.54371519E-04
  -1.53787929E-04
  -1.52559107E-04
  -1.50750799E-04
  -1.48432504E-04
  -1.45676429E-04
  -1.42556222E-04
  -1.39145952E-04
  -1.35518931E-04
  -1.31746783E-04
  -1.27898369E-04
  -1.24038925E-04
  -1.20229321E-04
  -1.16525342E-04
  -1.12977134E-04
  -1.09628738E-04
  -1.06517808E-04
  -1.03675404E-04
  -1.01125937E-04
  -9.88872489E-05
  -9.69707617E-05
  -9.53817871E-05
  -9.41199178E-05
  -9.31795148E-05
  -9.25502463E-05
  -9.22177278E-05
  -9.21641622E-05
  -9.23690604E-05
  -9.28099616E-05
  -9.34630953E-05
  -9.43041377E-05
  -9.53088602E-05
  -9.64537467E-05
  -9.77165837E-05
  -9.90769404E-05
  -1.00516620E-04
  -1.02020022E-04
  -1.03574370E-04
  -1.05169893E-04
  -1.06799940E-04
  -1.08460874E-04
  -1.10152054E-04
  -1.11875619E-04
  -1.13636183E-04
  -1.15440518E-04
  -1.17297161E-04
  -1.19215911E-04
  -1.21207369E-04
  -1.23282400E-04
  -1.25451596E-04
  -1.27724692E-04
  -1.30110100E-04
  -1.32614368E-04
  -1.35241658E-04
  -1.37993411E-04
  -1.40867909E-04
  -1.43860001E-04
  -1.46960854E-04
  -1.50157866E-04
  -1.53434550E-04
  -1.56770548E-04
  -1.60141848E-04
  -1.63520832E-04
  -1.66876736E-04
  -1.70175888E-04
  -1.73382228E-04
  -1.76457819E-04
  -1.79363386E-04
  -1.82058953E-04
  -1.84504577E-04
  -1.86660895E-04
  -1.88489968E-04
  -1.89955899E-04
  -1.91025552E-04
  -1.91669271E-04
  -1.91861414E-04
  -1.91580984E-04
  -1.90812221E-04
  -1.89544924E-04
  -1.87775004E-04
  -1.85504527E-04
  -1.82742195E-04
  -1.79503288E-04
  -1.75809604E-04
  -1.71689579E-04
  -1.67177888E-04
  -1.62315206E-04
  -1.57147879E-04
  -1.51727392E-04
  -1.46109829E-04
  -1.40355216E-04
  -1.34526825E-04
  -1.28690415E-04
  -1.22913480E-04
  -1.17264382E-04
  -1.11811496E-04
  -1.06622363E-04
  -1.01762824E-04
  -9.72962371E-05
  -9.32825933E-05
  -8.97778227E-05
  -8.68330317E-05
  -8.44938622E-05
  -8.27998956E-05
  -8.17841501E-05
  -8.14726809E-05
  -8.18841945E-05
  -8.30298231E-05
  -8.49129792E-05
  -8.75293335E-05
  -9.08667571E-05
  -9.49056121E-05
  -9.96188028E-05
  -1.04972256E-04
  -1.10925204E-04
  -1.17430747E-04
  -1.24436308E-04
  -1.31884357E-04
  -1.39712909E-04
  -1.47856423E-04
  -1.56246373E-04
  -1.64812111E-04
  -1.73481589E-04
  -1.82182150E-04
  -1.90841296E-04
  -1.99387403E-04
  -2.07750592E-04
  -2.15863227E-04
  -2.23660667E-04
  -2.31081882E-04
  -2.38069901E-04
  -2.44572409E-04
  -2.50542129E-04
  -2.55937048E-04
  -2.60720873E-04
  -2.64863076E-04
  -2.68339034E-04
  -2.71130149E-04
  -2.73223704E-04
  -2.74612801E-04
  -2.75296334E-04
  -2.75278406E-04
  -2.74568389E-04
  -2.73180369E-04
  -2.71132856E-04
  -2.68448173E-04
  -2.65152223E-04
  -2.61273846E-04
  -2.56844331E-04
  -2.51896941E-04
  -2.46466341E-04
  -2.40588153E-04
  -2.34298408E-04
  -2.27633151E-04
  -2.20627917E-04
  -2.13317413E-04
  -2.05735123E-04
  -1.97912988E-04
  -1.89881233E-04
  -1.81668060E-04
  -1.73299544E-04
  -1.64799625E-04
  -1.56189926E-04
  -1.47489976E-04
  -1.38717092E-04
  -1.29886670E-04
  -1.21012272E-04
  -1.12105947E-04
  -1.03178347E-04
  -9.42391343E-05
  -8.52972735E-05
  -7.63612625E-05
  -6.74395997E-05
  -5.85410162E-05
  -4.96747962E-05
  -4.08511842E-05
  -3.20815307E-05
  -2.33785540E-05
  -1.47566025E-05
  -6.23172673E-06
   2.17810157E-06
   1.04530336E-05
   1.85713434E-05
   2.65094714E-05
   3.42421263E-05
   4.17425326E-05
   4.89826052E-05
   5.59332693E-05
   6.25647663E-05
   6.88470682E-05
   7.47502781E-05
   8.02450450E-05
   8.53029924E-05
   8.98972503E-05
   9.40028549E-05
   9.75972216E-05
   1.00660589E-04
   1.03176382E-04
   1.05131629E-04
   1.06517247E-04
   1.07328320E-04
   1.07564309E-04
   1.07229214E-04
   1.06331645E-04
   1.04884835E-04
   1.02906561E-04
   1.00419056E-04
   9.74487848E-05
   9.40261598E-05
   9.01852400E-05
   8.59633437E-05
   8.14005980E-05
   7.65394652E-05
   7.14242487E-05
   6.61005251E-05
   6.06145986E-05
   5.50129480E-05
   4.93416519E-05
   4.36458577E-05
   3.79692574E-05
   3.23535642E-05
   2.68381064E-05
   2.14593692E-05
   1.62506658E-05
   1.12418238E-05
   6.45894579E-06
   1.92422885E-06
  -2.34414074E-06
  -6.33205673E-06
  -1.00294510E-05
  -1.34302409E-05
  -1.65321871E-05
  -1.93367123E-05
  -2.18486675E-05
  -2.40760437E-05
  -2.60296802E-05
  -2.77229028E-05
  -2.91711694E-05
  -3.03916950E-05
  -3.14030585E-05
  -3.22248125E-05
  -3.28771275E-05
  -3.33803837E-05
  -3.37548554E-05
  -3.40203733E-05
  -3.41960294E-05
  -3.42999192E-05
  -3.43489010E-05
  -3.43584434E-05
  -3.43424290E-05
  -3.43130851E-05
  -3.42809071E-05
  -3.42546409E-05
  -3.42412823E-05
  -3.42461499E-05
  -3.42729400E-05
  -3.43238717E-05
  -3.43997999E-05
  -3.45003937E-05
  -3.46243032E-05
  -3.47693494E-05
  -3.49327129E-05
  -3.51111521E-05
  -3.53011783E-05
  -3.54992590E-05
  -3.57019890E-05
  -3.59062396E-05
  -3.61093298E-05
  -3.63091385E-05
  -3.65042069E-05
  -3.66938038E-05
  -3.68779947E-05
  -3.70576636E-05
  -3.72344875E-05
  -3.74109368E-05
  -3.75901946E-05
  -3.77761025E-05
  -3.79730445E-05
  -3.81858263E-05
  -3.84195409E-05
  -3.86794381E-05
  -3.89707384E-05
  -3.92984875E-05
  -3.96673786E-05
  -4.00815989E-05
  -4.05446735E-05
  -4.10593129E-05
  -4.16272742E-05
  -4.22492667E-05
  -4.29248321E-05
  -4.36522969E-05
  -4.44286998E-05
  -4.52497879E-05
  -4.61100208E-05
  -4.70026025E-05
  -4.79195478E-05
  -4.88517762E-05
  -4.97892215E-05
  -5.07209843E-05
  -5.16354921E-05
  -5.25206633E-05
  -5.33641432E-05
  -5.41534719E-05
  -5.48763346E-05
  -5.55207516E-05
  -5.60753142E-05
  -5.65293958E-05
  -5.68733485E-05
  -5.70986813E-05
  -5.71982346E-05
  -5.71663440E-05
  -5.69989206E-05
  -5.66935814E-05
  -5.62496789E-05
  -5.56683626E-05
  -5.49525575E-05
  -5.41069385E-05
  -5.31378610E-05
  -5.20532849E-05
  -5.08626290E-05
  -4.95766544E-05
  -4.82072828E-05
  -4.67674108E-05
  -4.52707027E-05
  -4.37314120E-05
  -4.21641344E-05
  -4.05836072E-05
  -3.90044806E-05
  -3.74411211E-05
  -3.59074147E-05
  -3.44165674E-05
  -3.29809372E-05
  -3.16119149E-05
  -3.03197558E-05
  -2.91135075E-05
  -2.80009117E-05
  -2.69883603E-05
  -2.60808811E-05
  -2.52821301E-05
  -2.45944138E-05
  -2.40187546E-05
  -2.35549414E-05
  -2.32016428E-05
  -2.29565194E-05
  -2.28163372E-05
  -2.27771088E-05
  -2.28342396E-05
  -2.29826874E-05
  -2.32171005E-05
  -2.35319712E-05
  -2.39217879E-05
  -2.43811592E-05
  -2.49049444E-05
  -2.54883635E-05
  -2.61270980E-05
  -2.68173535E-05
  -2.75559323E-05
  -2.83402660E-05
  -2.91684373E-05
  -3.00391766E-05
  -3.09518291E-05
  -3.19063402E-05
  -3.29031573E-05
  -3.39431754E-05
  -3.50276496E-05
  -3.61580533E-05
  -3.73360017E-05
  -3.85630992E-05
  -3.98407938E-05
  -4.11702749E-05
  -4.25523103E-05
  -4.39871110E-05
  -4.54742221E-05
  -4.70123668E-05
  -4.85993914E-05
  -5.02321200E-05
  -5.19063033E-05
  -5.36165680E-05
  -5.53563696E-05
  -5.71179989E-05
  -5.88925795E-05
  -6.06701287E-05
  -6.24396125E-05
  -6.41890510E-05
  -6.59056386E-05
  -6.75759220E-05
  -6.91859095E-05
  -7.07213185E-05
  -7.21677716E-05
  -7.35110079E-05
  -7.47371159E-05
  -7.58327806E-05
  -7.67855381E-05
  -7.75839799E-05
  -7.82179632E-05
  -7.86788951E-05
  -7.89598271E-05
  -7.90556951E-05
  -7.89634214E-05
  -7.86820456E-05
  -7.82127972E-05
  -7.75591179E-05
  -7.67266974E-05
  -7.57234156E-05
  -7.45592624E-05
  -7.32462649E-05
  -7.17983348E-05
  -7.02310354E-05
  -6.85614286E-05
  -6.68078210E-05
  -6.49895155E-05
  -6.31264775E-05
  -6.12391304E-05
  -5.93479563E-05
  -5.74732694E-05
  -5.56348677E-05
  -5.38517779E-05
  -5.21419206E-05
  -5.05218704E-05
  -4.90066741E-05
  -4.76095156E-05
  -4.63416727E-05
  -4.52122840E-05
  -4.42282762E-05
  -4.33942696E-05
  -4.27125633E-05
  -4.21831355E-05
  -4.18036871E-05
  -4.15697286E-05
  -4.14746537E-05
  -4.15099566E-05
  -4.16653056E-05
  -4.19288262E-05
  -4.22872472E-05
  -4.27261766E-05
  -4.32303059E-05
  -4.37836788E-05
  -4.43699246E-05
  -4.49725267E-05
  -4.55750633E-05
  -4.61614254E-05
  -4.67160644E-05
  -4.72241954E-05
  -4.76720088E-05
  -4.80468007E-05
  -4.83371987E-05
  -4.85332421E-05
  -4.86265271E-05
  -4.86102726E-05
  -4.84794145E-05
  -4.82306205E-05
  -4.78623188E-05
  -4.73746986E-05
  -4.67696736E-05
  -4.60508309E-05
  -4.52233580E-05
  -4.42939636E-05
  -4.32707529E-05
  -4.21631194E-05
  -4.09815766E-05
  -3.97376352E-05
  -3.84436207E-05
  -3.71124988E-05
  -3.57577155E-05
  -3.43929860E-05
  -3.30321418E-05
  -3.16889273E-05
  -3.03768029E-05
  -2.91088072E-05
  -2.78973603E-05
  -2.67541218E-05
  -2.56898347E-05
  -2.47142088E-05
  -2.38357934E-05
  -2.30618789E-05
  -2.23984134E-05
  -2.18499517E-05
  -2.14196189E-05
  -2.11090846E-05
  -2.09185746E-05
  -2.08468991E-05
  -2.08914826E-05
  -2.10484504E-05
  -2.13126987E-05
  -2.16780172E-05
  -2.21371738E-05
  -2.26820775E-05
  -2.33038991E-05
  -2.39932197E-05
  -2.47401804E-05
  -2.55346386E-05
  -2.63663205E-05
  -2.72249526E-05
  -2.81004141E-05
  -2.89828495E-05
  -2.98628183E-05
  -3.07313458E-05
  -3.15800789E-05
  -3.24012944E-05
  -3.31880001E-05
  -3.39339749E-05
  -3.46337874E-05
  -3.52828138E-05
  -3.58772231E-05
  -3.64139887E-05
  -3.68908513E-05
  -3.73062867E-05
  -3.76594653E-05
  -3.79501798E-05
  -3.81788268E-05
  -3.83463303E-05
  -3.84540763E-05
  -3.85038365E-05
  -3.84977247E-05
  -3.84381456E-05
  -3.83277111E-05
  -3.81691934E-05
  -3.79654775E-05
  -3.77195138E-05
  -3.74342671E-05
  -3.71126989E-05
  -3.67577159E-05
  -3.63721483E-05
  -3.59587284E-05
  -3.55200864E-05
  -3.50587216E-05
  -3.45769949E-05
  -3.40771185E-05
  -3.35611621E-05
  -3.30310286E-05
  -3.24884604E-05
  -3.19350584E-05
  -3.13722485E-05
  -3.08013150E-05
  -3.02233639E-05
  -2.96393810E-05
  -2.90501812E-05
  -2.84564630E-05
  -2.78587722E-05
  -2.72575453E-05
  -2.66530988E-05
  -2.60456545E-05
  -2.54353363E-05
  -2.48221986E-05
  -2.42062233E-05
  -2.35873413E-05
  -2.29654397E-05
  -2.23403767E-05
  -2.17119850E-05
  -2.10800717E-05
  -2.04444405E-05
  -1.98048692E-05
  -1.91611362E-05
  -1.85129829E-05
  -1.78601294E-05
  -1.72022519E-05
  -1.65389720E-05
  -1.58698422E-05
  -1.51943241E-05
  -1.45117738E-05
  -1.38214218E-05
  -1.31223533E-05
  -1.24134913E-05
  -1.16935898E-05
  -1.09612083E-05
  -1.02147169E-05
  -9.45227839E-06
  -8.67186282E-06
  -7.87125464E-06
  -7.04805097E-06
  -6.19969251E-06
  -5.32349077E-06
  -4.41665179E-06
  -3.47631612E-06
  -2.49959703E-06
  -1.48363870E-06
  -4.25654434E-07
   6.77007847E-07
   1.82681833E-06
   3.02599801E-06
   4.27646319E-06
   5.57977046E-06
   6.93705533E-06
   8.34898128E-06
   9.81568883E-06
   1.13367541E-05
   1.29111431E-05
   1.45371796E-05
   1.62125216E-05
   1.79341368E-05
   1.96982928E-05
   2.15005475E-05
   2.33357569E-05
   2.51980782E-05
   2.70809833E-05
   2.89772979E-05
   3.08792078E-05
   3.27783018E-05
   3.46656234E-05
   3.65317028E-05
   3.83665974E-05
   4.01599827E-05
   4.19011631E-05
   4.35791444E-05
   4.51827218E-05
   4.67005048E-05
   4.81210009E-05
   4.94326850E-05
   5.06240685E-05
   5.16837390E-05
   5.26004587E-05
   5.33631974E-05
   5.39612192E-05
   5.43841306E-05
   5.46219380E-05
   5.46650881E-05
   5.45045295E-05
   5.41317640E-05
   5.35388390E-05
   5.27184420E-05
   5.16638829E-05
   5.03691335E-05
   4.88288424E-05
   4.70383493E-05
   4.49936852E-05
   4.26915831E-05
   4.01294710E-05
   3.73054863E-05
   3.42184576E-05
   3.08678973E-05
   2.72539946E-05
   2.33776227E-05
   1.92403313E-05
   1.48443469E-05
   1.01925652E-05
   5.28856253E-06
   1.36591552E-07
  -5.25837459E-06
  -1.08906570E-05
  -1.67538292E-05
  -2.28406952E-05
  -2.91432480E-05
  -3.56526434E-05
  -4.23591591E-05
  -4.92521394E-05
  -5.63199719E-05
  -6.35500182E-05
  -7.09285960E-05
  -7.84409058E-05
  -8.60710352E-05
  -9.38019002E-05
  -1.01615246E-04
  -1.09491601E-04
  -1.17410309E-04
  -1.25349514E-04
  -1.33286230E-04
  -1.41196288E-04
  -1.49054511E-04
  -1.56834663E-04
  -1.64509620E-04
  -1.72051426E-04
  -1.79431430E-04
  -1.86620367E-04
  -1.93588552E-04
  -2.00305978E-04
  -2.06742552E-04
  -2.12868166E-04
  -2.18652960E-04
  -2.24067451E-04
  -2.29082711E-04
  -2.33670580E-04
  -2.37803863E-04
  -2.41456451E-04
  -2.44603551E-04
  -2.47221906E-04
  -2.49289849E-04
  -2.50787474E-04
  -2.51696853E-04
  -2.52002210E-04
  -2.51689926E-04
  -2.50748708E-04
  -2.49169650E-04
  -2.46946525E-04
  -2.44075534E-04
  -2.40555542E-04
  -2.36388165E-04
  -2.31577622E-04
  -2.26130971E-04
  -2.20057918E-04
  -2.13370833E-04
  -2.06084747E-04
  -1.98217342E-04
  -1.89788800E-04
  -1.80821764E-04
  -1.71341177E-04
  -1.61374352E-04
  -1.50950713E-04
  -1.40101678E-04
  -1.28860571E-04
  -1.17262491E-04
  -1.05344123E-04
  -9.31436516E-05
  -8.07005126E-05
  -6.80553494E-05
  -5.52497513E-05
  -4.23261663E-05
  -2.93276389E-05
  -1.62978104E-05
  -3.28055467E-06
   9.68000677E-06
   2.25397962E-05
   3.52548595E-05
   4.77815775E-05
   6.00767962E-05
   7.20979879E-05
   8.38034175E-05
   9.51523034E-05
   1.06104933E-04
   1.16622876E-04
   1.26669082E-04
   1.36208066E-04
   1.45206039E-04
   1.53631059E-04
   1.61453179E-04
   1.68644590E-04
   1.75179783E-04
   1.81035633E-04
   1.86191581E-04
   1.90629755E-04
   1.94335007E-04
   1.97295187E-04
   1.99501083E-04
   2.00946612E-04
   2.01628864E-04
   2.01548173E-04
   2.00708135E-04
   1.99115719E-04
   1.96781199E-04
   1.93718210E-04
   1.89943705E-04
   1.85477926E-04
   1.80344330E-04
   1.74569534E-04
   1.68183178E-04
   1.61217846E-04
   1.53708927E-04
   1.45694416E-04
   1.37214753E-04
   1.28312706E-04
   1.19033015E-04
   1.09422297E-04
   9.95287264E-05
   8.94018231E-05
   7.90921695E-05
   6.86511266E-05
   5.81305867E-05
   4.75826382E-05
   3.70593116E-05
   2.66122661E-05
   1.62925007E-05
   6.15005411E-06
  -3.76626849E-06
  -1.34091879E-05
  -2.27332112E-05
  -3.16948936E-05
  -4.02531077E-05
  -4.83692202E-05
  -5.60073677E-05
  -6.31346120E-05
  -6.97211217E-05
  -7.57403177E-05
  -8.11690479E-05
  -8.59876163E-05
  -9.01799067E-05
  -9.37334335E-05
  -9.66393418E-05
  -9.88924439E-05
  -1.00491132E-04
  -1.01437385E-04
  -1.01736667E-04
  -1.01397782E-04
  -1.00432757E-04
  -9.88567190E-05
  -9.66876833E-05
  -9.39463498E-05
  -9.06559217E-05
  -8.68418283E-05
  -8.25315219E-05
  -7.77542373E-05
  -7.25406862E-05
  -6.69228466E-05
  -6.09336785E-05
  -5.46068695E-05
  -4.79766022E-05
  -4.10772845E-05
  -3.39433282E-05
  -2.66089173E-05
  -1.91078143E-05
  -1.14731511E-05
  -3.73725698E-06
   4.06851041E-06
   1.19139013E-05
   1.97699101E-05
   2.76088722E-05
   3.54045696E-05
   4.31323024E-05
   5.07689329E-05
   5.82929533E-05
   6.56844859E-05
   7.29253079E-05
   7.99988557E-05
   8.68902207E-05
   9.35860953E-05
   1.00074780E-04
   1.06346110E-04
   1.12391434E-04
   1.18203534E-04
   1.23776583E-04
   1.29106062E-04
   1.34188725E-04
   1.39022450E-04
   1.43606245E-04
   1.47940125E-04
   1.52024993E-04
   1.55862625E-04
   1.59455565E-04
   1.62806973E-04
   1.65920617E-04
   1.68800761E-04
   1.71452062E-04
   1.73879482E-04
   1.76088259E-04
   1.78083719E-04
   1.79871306E-04
   1.81456475E-04
   1.82844553E-04
   1.84040779E-04
   1.85050143E-04
   1.85877434E-04
   1.86527090E-04
   1.87003214E-04
   1.87309517E-04
   1.87449288E-04
   1.87425423E-04
   1.87240337E-04
   1.86896010E-04
   1.86393969E-04
   1.85735349E-04
   1.84920820E-04
   1.83950760E-04
   1.82825170E-04
   1.81543786E-04
   1.80106174E-04
   1.78511691E-04
   1.76759611E-04
   1.74849294E-04
   1.72780070E-04
   1.70551561E-04
   1.68163548E-04
   1.65616220E-04
   1.62910190E-04
   1.60046562E-04
   1.57027069E-04
   1.53854126E-04
   1.50530963E-04
   1.47061583E-04
   1.43450874E-04
   1.39704673E-04
   1.35829803E-04
   1.31834080E-04
   1.27726307E-04
   1.23516365E-04
   1.19215038E-04
   1.14834198E-04
   1.10386594E-04
   1.05885832E-04
   1.01346406E-04
   9.67834349E-05
   9.22127365E-05
   8.76505947E-05
   8.31137004E-05
   7.86190067E-05
   7.41835684E-05
   6.98243821E-05
   6.55582771E-05
   6.14016972E-05
   5.73705984E-05
   5.34802530E-05
