   0.00000000    
   0.00000000    
   0.00000000    
   0.00000000    
   0.00000000    
   0.00000000    
   0.00000000    
   0.00000000    
   0.00000000    
   0.00000000    
   0.00000000    
   0.00000000    
   0.00000000    
   0.00000000    
   0.00000000    
   0.00000000    
   0.00000000    
   0.00000000    
   0.00000000    
   0.00000000    
   0.00000000    
   0.00000000    
   0.00000000    
   0.00000000    
   0.00000000    
   0.00000000    
   0.00000000    
   0.00000000    
   0.00000000    
   0.00000000    
   0.00000000    
   0.00000000    
   0.00000000    
   0.00000000    
   0.00000000    
   0.00000000    
   0.00000000    
   0.00000000    
   0.00000000    
   0.00000000    
   0.00000000    
   0.00000000    
   0.00000000    
   0.00000000    
   0.00000000    
   0.00000000    
   0.00000000    
   0.00000000    
   0.00000000    
   0.00000000    
   0.00000000    
   0.00000000    
   0.00000000    
   0.00000000    
   0.00000000    
   0.00000000    
   0.00000000    
   0.00000000    
   0.00000000    
   0.00000000    
   0.00000000    
   0.00000000    
   0.00000000    
   0.00000000    
   0.00000000    
   0.00000000    
   0.00000000    
   0.00000000    
   0.00000000    
   0.00000000    
   0.00000000    
   0.00000000    
   0.00000000    
   0.00000000    
   0.00000000    
   0.00000000    
   0.00000000    
   0.00000000    
   0.00000000    
   0.00000000    
   0.00000000    
   0.00000000    
   0.00000000    
   0.00000000    
   0.00000000    
   0.00000000    
   0.00000000    
   0.00000000    
   0.00000000    
   0.00000000    
   0.00000000    
   0.00000000    
   0.00000000    
   0.00000000    
   0.00000000    
   0.00000000    
   0.00000000    
   0.00000000    
   0.00000000    
   0.00000000    
   0.00000000    
   0.00000000    
   0.00000000    
   0.00000000    
   0.00000000    
   0.00000000    
   0.00000000    
   0.00000000    
   0.00000000    
   0.00000000    
   0.00000000    
   0.00000000    
   0.00000000    
   0.00000000    
   0.00000000    
   0.00000000    
   0.00000000    
   0.00000000    
   0.00000000    
   0.00000000    
  -1.40129846E-45
  -4.20389539E-45
  -9.80908925E-45
  -2.10194770E-44
  -3.92363570E-44
  -6.30584309E-44
  -9.94921910E-44
  -1.48537637E-43
  -2.05990874E-43
  -2.66246708E-43
  -3.15292154E-43
  -3.27903841E-43
  -2.59240216E-43
  -4.62428493E-44
   4.10580450E-43
   1.23734654E-42
   2.59380346E-42
   4.66352129E-42
   7.63287274E-42
   1.16419876E-41
   1.67202933E-41
   2.26674040E-41
   2.88919717E-41
   3.41916825E-41
   3.64547795E-41
   3.23363634E-41
   1.68842452E-41
  -1.68239894E-41
  -7.79149972E-41
  -1.77736493E-40
  -3.29410237E-40
  -5.46701182E-40
  -8.41814638E-40
  -1.22171926E-39
  -1.68250263E-39
  -2.20129696E-39
  -2.72532933E-39
  -3.15786392E-39
  -3.34118739E-39
  -3.03732563E-39
  -1.90815793E-39
   5.02187535E-40
   4.77804661E-39
   1.16293199E-38
   2.18657029E-38
   3.63359326E-38
   5.58171314E-38
   8.08367998E-38
   1.11408273E-37
   1.46660973E-37
   1.84349288E-37
   2.20231363E-37
   2.47322385E-37
   2.55046455E-37
   2.28342190E-37
   1.46817213E-37
  -1.58996298E-38
  -2.92393704E-37
  -7.20995906E-37
  -1.34423158E-36
  -2.20572091E-36
  -3.34498096E-36
  -4.78951851E-36
  -6.54358187E-36
  -8.57297271E-36
  -1.07854713E-35
  -1.30066671E-35
  -1.49514544E-35
  -1.61920602E-35
  -1.61244090E-35
  -1.39358141E-35
  -8.57845271E-36
   1.24507642E-36
   1.70757042E-35
   4.06607112E-35
   7.38723755E-35
   1.18567179E-34
   1.76368635E-34
   2.48355760E-34
   3.34639663E-34
   4.33813435E-34
   5.42265095E-34
   6.53353214E-34
   7.56456191E-34
   8.35927369E-34
   8.70010736E-34
   8.29805248E-34
   6.78405249E-34
   3.70390165E-34
  -1.48107937E-34
  -9.38473456E-34
  -2.06746461E-33
  -3.60345148E-33
  -5.61057466E-33
  -8.14032556E-33
  -1.12200451E-32
  -1.48378523E-32
  -1.89236312E-32
  -2.33258002E-32
  -2.77839375E-32
  -3.18976681E-32
  -3.50927587E-32
  -3.65861567E-32
  -3.53526194E-32
  -3.00968754E-32
  -1.92367843E-32
  -9.04652738E-34
   2.70236395E-32
   6.68599029E-32
   1.20980386E-31
   1.91630535E-31
   2.80636840E-31
   3.89002560E-31
   5.16361990E-31
   6.60266525E-31
   8.15277931E-31
   9.71846725E-31
   1.11496401E-30
   1.22258795E-30
   1.26386783E-30
   1.19722651E-30
   9.68403373E-31
   5.08630669E-31
  -2.66802447E-31
  -1.45922756E-30
  -3.18600685E-30
  -5.57798701E-30
  -8.77409747E-30
  -1.29119444E-29
  -1.81129754E-29
  -2.44604493E-29
  -3.19681591E-29
  -4.05375181E-29
  -4.99003092E-29
  -5.95443252E-29
  -6.86189460E-29
  -7.58181263E-29
  -7.92387403E-29
  -7.62135678E-29
  -6.31198923E-29
  -3.51679773E-29
   1.38225858E-29
   9.16443653E-29
   2.07899587E-28
   3.74141431E-28
   6.03913467E-28
   9.12625689E-28
   1.31718403E-27
   1.83526814E-27
   2.48411991E-27
   3.27867733E-27
   4.22884642E-27
   5.33566912E-27
   6.58610494E-27
   7.94610345E-27
   9.35161323E-27
   1.06971642E-26
   1.18216346E-26
   1.24908844E-26
   1.23769641E-26
   1.10337929E-26
   7.86937518E-27
   2.11498308E-27
  -7.20781362E-27
  -2.13207563E-26
  -4.17207024E-26
  -7.02061739E-26
  -1.08893620E-25
  -1.60216516E-25
  -2.26898361E-25
  -3.11887671E-25
  -4.18239705E-25
  -5.48926001E-25
  -7.06548742E-25
  -8.92930591E-25
  -1.10854708E-24
  -1.35176237E-24
  -1.61782129E-24
  -1.89755008E-24
  -2.17570954E-24
  -2.42894178E-24
  -2.62325912E-24
  -2.71101635E-24
  -2.62733162E-24
  -2.28592958E-24
  -1.57441974E-24
  -3.49062298E-25
   1.57085616E-24
   4.40883040E-24
   8.43679875E-24
   1.39801772E-23
   2.14215826E-23
   3.12023139E-23
   4.38203492E-23
   5.98232352E-23
   7.97937791E-23
   1.04325984E-22
   1.33987949E-22
   1.69267778E-22
   2.10497877E-22
   2.57752059E-22
   3.10708935E-22
   3.68474253E-22
   4.29354398E-22
   4.90571872E-22
   5.47913553E-22
   5.95303469E-22
   6.24289778E-22
   6.23441090E-22
   5.77646263E-22
   4.67318373E-22
   2.67508160E-22
  -5.30561592E-23
  -5.32977753E-22
  -1.21920465E-21
  -2.16798283E-21
  -3.44566083E-21
  -5.12921935E-21
  -7.30636518E-21
  -1.00749710E-20
  -1.35415921E-20
  -1.78187095E-20
  -2.30202959E-20
  -2.92551520E-20
  -3.66174536E-20
  -4.51737323E-20
  -5.49454528E-20
  -6.58862735E-20
  -7.78528498E-20
  -9.05680634E-20
  -1.03575356E-19
  -1.16182971E-19
  -1.27396684E-19
  -1.35840130E-19
  -1.39661394E-19
  -1.36425645E-19
  -1.22993770E-19
  -9.53876054E-20
  -4.86438875E-20
   2.33394390E-20
   1.27959361E-19
   2.74058379E-19
   4.72058120E-19
   7.34061014E-19
   1.07390026E-18
   1.50711253E-18
   2.05080118E-18
   2.72334906E-18
   3.54393333E-18
   4.53178178E-18
   5.70509984E-18
   7.07958905E-18
   8.66645730E-18
   1.04698153E-17
   1.24833424E-17
   1.46860723E-17
   1.70371959E-17
   1.94696661E-17
   2.18825387E-17
   2.41318347E-17
   2.60198380E-17
   2.72827261E-17
   2.75764530E-17
   2.64609486E-17
   2.33826870E-17
   1.76558873E-17
   8.44273555E-18
  -5.26679296E-18
  -2.46746521E-17
  -5.11927953E-17
  -8.64580624E-17
  -1.32341884E-16
  -1.90952117E-16
  -2.64624104E-16
  -3.55896722E-16
  -4.67468749E-16
  -6.02130099E-16
  -7.62660948E-16
  -9.51691174E-16
  -1.17151147E-15
  -1.42382522E-15
  -1.70943128E-15
  -2.02782377E-15
  -2.37669716E-15
  -2.75134110E-15
  -3.14391271E-15
  -3.54257067E-15
  -3.93045819E-15
  -4.28452135E-15
  -4.57415876E-15
  -4.75969158E-15
  -4.79065953E-15
  -4.60394806E-15
  -4.12176905E-15
  -3.24952649E-15
  -1.87361189E-15
   1.40794531E-16
   2.95183380E-15
   6.74285448E-15
   1.17239228E-14
   1.81327646E-14
   2.62348923E-14
   3.63225990E-14
   4.87125057E-14
   6.37411876E-14
   8.17584390E-14
   1.03117520E-13
   1.28161831E-13
   1.57207255E-13
   1.90519204E-13
   2.28283565E-13
   2.70570838E-13
   3.17291657E-13
   3.68143341E-13
   4.22545977E-13
   4.79567015E-13
   5.37833016E-13
   5.95427895E-13
   6.49776619E-13
   6.97513553E-13
   7.34335769E-13
   7.54840472E-13
   7.52348433E-13
   7.18714042E-13
   6.44124185E-13
   5.16890567E-13
   3.23239075E-13
   4.71028991E-14
  -3.30071907E-13
  -8.29499230E-13
  -1.47518868E-12
  -2.29403324E-12
  -3.31582288E-12
  -4.57317084E-12
  -6.10131650E-12
  -7.93778411E-12
  -1.01218556E-11
  -1.26938182E-11
  -1.56939444E-11
  -1.91611605E-11
  -2.31313267E-11
  -2.76350956E-11
  -3.26952701E-11
  -3.83236012E-11
  -4.45169214E-11
  -5.12525786E-11
  -5.84830795E-11
  -6.61298655E-11
  -7.40761272E-11
  -8.21586132E-11
  -9.01583599E-11
  -9.77903314E-11
  -1.04691832E-10
  -1.10409834E-10
  -1.14387090E-10
  -1.15947134E-10
  -1.14278378E-10
  -1.08417095E-10
  -9.72299741E-11
  -7.93961147E-11
  -5.33889148E-11
  -1.74584062E-11
   3.03855829E-11
   9.23888535E-11
   1.71065703E-10
   2.69208905E-10
   3.89895338E-10
   5.36485800E-10
   7.12618631E-10
   9.22193599E-10
   1.16934729E-09
   1.45841461E-09
   1.79387605E-09
   2.18028817E-09
   2.62219468E-09
   3.12401460E-09
   3.68990372E-09
   4.32358904E-09
   5.02816766E-09
   5.80587134E-09
   6.65779210E-09
   7.58355867E-09
   8.58096616E-09
   9.64556079E-09
   1.07701537E-08
   1.19442882E-08
   1.31536275E-08
   1.43792933E-08
   1.55971112E-08
   1.67768057E-08
   1.78810904E-08
   1.88647071E-08
   1.96733758E-08
   2.02426520E-08
   2.04967279E-08
   2.03471426E-08
   1.96914360E-08
   1.84117113E-08
   1.63731677E-08
   1.34225617E-08
   9.38663458E-09
   4.07049860E-09
  -2.74396883E-09
  -1.12997354E-08
  -2.18662333E-08
  -3.47408893E-08
  -5.02506161E-08
  -6.87532449E-08
  -9.06387569E-08
  -1.16330455E-07
  -1.46285885E-07
  -1.80997631E-07
  -2.20993769E-07
  -2.66838043E-07
  -3.19129953E-07
  -3.78504126E-07
  -4.45629468E-07
  -5.21207824E-07
  -6.05972787E-07
  -7.00686712E-07
  -8.06138473E-07
  -9.23139964E-07
  -1.05252241E-06
  -1.19513163E-06
  -1.35182324E-06
  -1.52345649E-06
  -1.71088880E-06
  -1.91496770E-06
  -2.13652447E-06
  -2.37636527E-06
  -2.63526204E-06
  -2.91394463E-06
  -3.21308971E-06
  -3.53331188E-06
  -3.87515138E-06
  -4.23906704E-06
  -4.62542221E-06
  -5.03447336E-06
  -5.46636238E-06
  -5.92110428E-06
  -6.39857444E-06
  -6.89850231E-06
  -7.42045995E-06
  -7.96385393E-06
  -8.52791618E-06
  -9.11169809E-06
  -9.71406280E-06
  -1.03336852E-05
  -1.09690427E-05
  -1.16184192E-05
  -1.22798965E-05
  -1.29513674E-05
  -1.36305307E-05
  -1.43149000E-05
  -1.50018132E-05
  -1.56884344E-05
  -1.63717705E-05
  -1.70486910E-05
  -1.77159382E-05
  -1.83701377E-05
  -1.90078335E-05
  -1.96254932E-05
  -2.02195442E-05
  -2.07863941E-05
  -2.13224575E-05
  -2.18241821E-05
  -2.22880772E-05
  -2.27107448E-05
  -2.30889073E-05
  -2.34194431E-05
  -2.36994056E-05
  -2.39260571E-05
  -2.40969021E-05
  -2.42097049E-05
  -2.42625265E-05
  -2.42537426E-05
  -2.41820617E-05
  -2.40465488E-05
  -2.38466437E-05
  -2.35821717E-05
  -2.32533530E-05
  -2.28608169E-05
  -2.24055984E-05
  -2.18891400E-05
  -2.13132862E-05
  -2.06802833E-05
  -1.99927636E-05
  -1.92537209E-05
  -1.84665114E-05
  -1.76348112E-05
  -1.67626022E-05
  -1.58541407E-05
  -1.49139278E-05
  -1.39466665E-05
  -1.29572363E-05
  -1.19506467E-05
  -1.09319999E-05
  -9.90645367E-06
  -8.87917577E-06
  -7.85530392E-06
  -6.83990629E-06
  -5.83794235E-06
  -4.85422197E-06
  -3.89337174E-06
  -2.95979976E-06
  -2.05766355E-06
  -1.19084325E-06
  -3.62915529E-07
   4.22866805E-07
   1.16359229E-06
   1.85670456E-06
   2.50001017E-06
   3.09168354E-06
   3.63026697E-06
   4.11466544E-06
   4.54413976E-06
   4.91829269E-06
   5.23705376E-06
   5.50065715E-06
   5.70961993E-06
   5.86471606E-06
   5.96694690E-06
   6.01750980E-06
   6.01776856E-06
   5.96921745E-06
   5.87344766E-06
   5.73211491E-06
   5.54690314E-06
   5.31949490E-06
   5.05153776E-06
   4.74461740E-06
   4.40022814E-06
   4.01975012E-06
   3.60442982E-06
   3.15535908E-06
   2.67346354E-06
   2.15949217E-06
   1.61401169E-06
   1.03740410E-06
   4.29869630E-07
  -2.08566391E-07
  -8.78043124E-07
  -1.57884892E-06
  -2.31140348E-06
  -3.07623509E-06
  -3.87395585E-06
  -4.70523310E-06
  -5.57075919E-06
  -6.47121897E-06
  -7.40725409E-06
  -8.37942753E-06
  -9.38819358E-06
  -1.04338487E-05
  -1.15165130E-05
  -1.26360810E-05
  -1.37921943E-05
  -1.49842108E-05
  -1.62111719E-05
  -1.74717861E-05
  -1.87643927E-05
  -2.00869526E-05
  -2.14370284E-05
  -2.28117824E-05
  -2.42079550E-05
  -2.56218755E-05
  -2.70494675E-05
  -2.84862472E-05
  -2.99273452E-05
  -3.13675264E-05
  -3.28012102E-05
  -3.42225030E-05
  -3.56252203E-05
  -3.70029338E-05
  -3.83490187E-05
  -3.96566866E-05
  -4.09190434E-05
  -4.21291334E-05
  -4.32799898E-05
  -4.43647004E-05
  -4.53764587E-05
  -4.63086144E-05
  -4.71547391E-05
  -4.79086739E-05
  -4.85645942E-05
  -4.91170431E-05
  -4.95610002E-05
  -4.98919253E-05
  -5.01057948E-05
  -5.01991453E-05
  -5.01690920E-05
  -5.00133938E-05
  -4.97304463E-05
  -4.93193038E-05
  -4.87796970E-05
  -4.81120478E-05
  -4.73174478E-05
  -4.63976794E-05
  -4.53551766E-05
  -4.41930315E-05
  -4.29149404E-05
  -4.15252071E-05
  -4.00286808E-05
  -3.84307386E-05
  -3.67372268E-05
  -3.49544243E-05
  -3.30889743E-05
  -3.11478580E-05
  -2.91383167E-05
  -2.70677974E-05
  -2.49439126E-05
  -2.27743567E-05
  -2.05668748E-05
  -1.83291886E-05
  -1.60689524E-05
  -1.37936922E-05
  -1.15107669E-05
  -9.22731488E-06
  -6.95021618E-06
  -4.68605140E-06
  -2.44106809E-06
  -2.21152504E-07
   1.96819587E-06
   4.12188501E-06
   6.23524511E-06
   8.30403860E-06
   1.03244674E-05
   1.22931724E-05
   1.42072322E-05
   1.60641557E-05
   1.78618739E-05
   1.95987250E-05
   2.12734285E-05
   2.28850804E-05
   2.44331222E-05
   2.59173212E-05
   2.73377427E-05
   2.86947234E-05
   2.99888397E-05
   3.12208940E-05
   3.23918757E-05
   3.35029472E-05
   3.45554035E-05
   3.55506454E-05
   3.64901716E-05
   3.73755393E-05
   3.82083490E-05
   3.89902343E-05
   3.97228359E-05
   4.04077728E-05
   4.10466637E-05
   4.16410730E-05
   4.21925179E-05
   4.27024788E-05
   4.31723602E-05
   4.36035079E-05
   4.39972027E-05
   4.43546342E-05
   4.46769373E-05
   4.49651634E-05
   4.52203021E-05
   4.54432738E-05
   4.56349262E-05
   4.57960559E-05
   4.59273942E-05
   4.60296251E-05
   4.61033924E-05
   4.61492855E-05
   4.61678683E-05
   4.61596719E-05
   4.61252203E-05
   4.60650008E-05
   4.59795010E-05
   4.58692011E-05
   4.57345814E-05
   4.55761292E-05
   4.53943394E-05
   4.51897322E-05
   4.49628242E-05
   4.47141683E-05
   4.44443394E-05
   4.41539232E-05
   4.38435454E-05
   4.35138572E-05
   4.31655280E-05
   4.27992454E-05
   4.24157261E-05
   4.20157048E-05
   4.15999275E-05
   4.11691544E-05
   4.07241569E-05
   4.02656879E-05
   3.97945114E-05
   3.93113733E-05
   3.88169901E-05
   3.83120496E-05
   3.77972028E-05
   3.72730537E-05
   3.67401444E-05
   3.61989478E-05
   3.56498676E-05
   3.50932096E-05
   3.45291955E-05
   3.39579383E-05
   3.33794342E-05
   3.27935668E-05
   3.22000924E-05
   3.15986290E-05
   3.09886600E-05
   3.03695433E-05
   2.97404731E-05
   2.91005163E-05
   2.84485923E-05
   2.77834843E-05
   2.71038462E-05
   2.64082009E-05
   2.56949534E-05
   2.49624009E-05
   2.42087499E-05
   2.34321196E-05
   2.26305656E-05
   2.18020978E-05
   2.09446953E-05
   2.00563281E-05
   1.91349809E-05
   1.81786854E-05
   1.71855281E-05
   1.61536864E-05
   1.50814549E-05
   1.39672757E-05
   1.28097536E-05
   1.16076953E-05
   1.03601333E-05
   9.06635159E-06
   7.72591375E-06
   6.33868422E-06
   4.90485718E-06
   3.42497810E-06
   1.89996388E-06
   3.31123687E-07
  -1.27982457E-06
  -2.93073890E-06
  -4.61903983E-06
  -6.34170055E-06
  -8.09523954E-06
  -9.87571730E-06
  -1.16787287E-05
  -1.34994125E-05
  -1.53324509E-05
  -1.71720785E-05
  -1.90120936E-05
  -2.08458732E-05
  -2.26663851E-05
  -2.44662151E-05
  -2.62375852E-05
  -2.79723863E-05
  -2.96621947E-05
  -3.12983175E-05
  -3.28718306E-05
  -3.43735992E-05
  -3.57943136E-05
  -3.71245587E-05
  -3.83548322E-05
  -3.94755843E-05
  -4.04772982E-05
  -4.13504858E-05
  -4.20857868E-05
  -4.26739789E-05
  -4.31060471E-05
  -4.33732312E-05
  -4.34670656E-05
  -4.33794376E-05
  -4.31026274E-05
  -4.26293700E-05
  -4.19528915E-05
  -4.10669527E-05
  -3.99658929E-05
  -3.86446918E-05
  -3.70989947E-05
  -3.53251526E-05
  -3.33202624E-05
  -3.10822070E-05
  -2.86096856E-05
  -2.59022418E-05
  -2.29602920E-05
  -1.97851623E-05
  -1.63790992E-05
  -1.27452895E-05
  -8.88788145E-06
  -4.81199459E-06
  -5.23732922E-07
   3.96981159E-06
   8.66055689E-06
   1.35394321E-05
   1.85963818E-05
   2.38203793E-05
   2.91994347E-05
   3.47206187E-05
   4.03700797E-05
   4.61330783E-05
   5.19940149E-05
   5.79364460E-05
   6.39431673E-05
   6.99962184E-05
   7.60769617E-05
   8.21661233E-05
   8.82438471E-05
   9.42897605E-05
   1.00283047E-04
   1.06202511E-04
   1.12026690E-04
   1.17733885E-04
   1.23302249E-04
   1.28709929E-04
   1.33935115E-04
   1.38956108E-04
   1.43751502E-04
   1.48300183E-04
   1.52581488E-04
   1.56575334E-04
   1.60262236E-04
   1.63623496E-04
   1.66641301E-04
   1.69298713E-04
   1.71579915E-04
   1.73470267E-04
   1.74956338E-04
   1.76026093E-04
   1.76668895E-04
   1.76875677E-04
   1.76638991E-04
   1.75953042E-04
   1.74813802E-04
   1.73219058E-04
   1.71168445E-04
   1.68663551E-04
   1.65707897E-04
   1.62306940E-04
   1.58468174E-04
   1.54201072E-04
   1.49517087E-04
   1.44429665E-04
   1.38954216E-04
   1.33108013E-04
   1.26910236E-04
   1.20381825E-04
   1.13545502E-04
   1.06425570E-04
   9.90479311E-05
   9.14398843E-05
   8.36300824E-05
   7.56483787E-05
   6.75256815E-05
   5.92938268E-05
   5.09853999E-05
   4.26336046E-05
   3.42720959E-05
   2.59347944E-05
   1.76557114E-05
   9.46877753E-06
   1.40765974E-06
  -6.49442427E-06
  -1.42048857E-05
  -2.16919470E-05
  -2.89248273E-05
  -3.58739053E-05
  -4.25109138E-05
  -4.88090773E-05
  -5.47432974E-05
  -6.02902874E-05
  -6.54287214E-05
  -7.01393583E-05
  -7.44051576E-05
  -7.82114148E-05
  -8.15458261E-05
  -8.43985836E-05
  -8.67624185E-05
  -8.86326816E-05
  -9.00073574E-05
  -9.08870643E-05
  -9.12751129E-05
  -9.11774041E-05
  -9.06024725E-05
  -8.95613630E-05
  -8.80676234E-05
  -8.61371882E-05
  -8.37882690E-05
  -8.10412312E-05
  -7.79184993E-05
  -7.44443387E-05
  -7.06447536E-05
  -6.65472908E-05
  -6.21808358E-05
  -5.75754420E-05
  -5.27621123E-05
  -4.77725807E-05
  -4.26390943E-05
  -3.73942166E-05
  -3.20705694E-05
  -2.67006271E-05
  -2.13164913E-05
  -1.59496776E-05
  -1.06308853E-05
  -5.38980521E-06
  -2.54914170E-07
   4.74671015E-06
   9.58956662E-06
   1.42498957E-05
   1.87058249E-05
   2.29374982E-05
   2.69271986E-05
   3.06594338E-05
   3.41210362E-05
   3.73011899E-05
   4.01914876E-05
   4.27859522E-05
   4.50810221E-05
   4.70755367E-05
   4.87707002E-05
   5.01699978E-05
   5.12791339E-05
   5.21059264E-05
   5.26601907E-05
   5.29536155E-05
   5.29996069E-05
   5.28131459E-05
   5.24105999E-05
   5.18095585E-05
   5.10286518E-05
   5.00873284E-05
   4.90056918E-05
   4.78042821E-05
   4.65038975E-05
   4.51253727E-05
   4.36894043E-05
   4.22163503E-05
   4.07260522E-05
   3.92376569E-05
   3.77694560E-05
   3.63387408E-05
   3.49616603E-05
   3.36530757E-05
   3.24264765E-05
   3.12938610E-05
   3.02656699E-05
   2.93507128E-05
   2.85561273E-05
   2.78873431E-05
   2.73480782E-05
   2.69403245E-05
   2.66643747E-05
   2.65188683E-05
   2.65008293E-05
   2.66057268E-05
   2.68275653E-05
   2.71589652E-05
   2.75912826E-05
   2.81146986E-05
   2.87183611E-05
   2.93905123E-05
   3.01186155E-05
   3.08895178E-05
   3.16895675E-05
   3.25048059E-05
   3.33210810E-05
   3.41242085E-05
   3.49001275E-05
   3.56350392E-05
   3.63155632E-05
   3.69288500E-05
   3.74627234E-05
   3.79058074E-05
   3.82476283E-05
   3.84787127E-05
   3.85906897E-05
   3.85763597E-05
   3.84297673E-05
   3.81462523E-05
   3.77224860E-05
   3.71565075E-05
   3.64477164E-05
   3.55968805E-05
   3.46061352E-05
   3.34789147E-05
   3.22199521E-05
   3.08352064E-05
   2.93317880E-05
   2.77178879E-05
   2.60026991E-05
   2.41963062E-05
   2.23095867E-05
   2.03541058E-05
   1.83419888E-05
   1.62858159E-05
   1.41984892E-05
   1.20931127E-05
   9.98286851E-06
   7.88089983E-06
   5.80018605E-06
   3.75343052E-06
   1.75295099E-06
  -1.89423844E-07
  -2.06245045E-06
  -3.85555722E-06
  -5.55892393E-06
  -7.16355135E-06
  -8.66131813E-06
  -1.00450334E-05
  -1.13084707E-05
  -1.24463941E-05
  -1.34545789E-05
  -1.43298139E-05
  -1.50698934E-05
  -1.56736078E-05
  -1.61407152E-05
  -1.64719149E-05
  -1.66687914E-05
  -1.67337876E-05
  -1.66701284E-05
  -1.64817720E-05
  -1.61733424E-05
  -1.57500544E-05
  -1.52176472E-05
  -1.45823078E-05
  -1.38505948E-05
  -1.30293583E-05
  -1.21256662E-05
  -1.11467325E-05
  -1.00998359E-05
  -8.99225506E-06
  -7.83119322E-06
  -6.62372349E-06
  -5.37672213E-06
  -4.09681434E-06
  -2.79032656E-06
  -1.46324328E-06
  -1.21168625E-07
   1.23070527E-06
   2.58762293E-06
   3.94527979E-06
   5.29983663E-06
   6.64792105E-06
   7.98662404E-06
   9.31349223E-06
   1.06265097E-05
   1.19240767E-05
   1.32049827E-05
   1.44683681E-05
   1.57136874E-05
   1.69406685E-05
   1.81492687E-05
   1.93396190E-05
   2.05119704E-05
   2.16666504E-05
   2.28040026E-05
   2.39243363E-05
   2.50278626E-05
   2.61146615E-05
   2.71846220E-05
   2.82374076E-05
   2.92723980E-05
   3.02886820E-05
   3.12850098E-05
   3.22597734E-05
   3.32109921E-05
   3.41363302E-05
   3.50330411E-05
   3.58980215E-05
   3.67278117E-05
   3.75186210E-05
   3.82663420E-05
   3.89666056E-05
   3.96148171E-05
   4.02061960E-05
   4.07358275E-05
   4.11987385E-05
   4.15899267E-05
   4.19044518E-05
   4.21374752E-05
   4.22843477E-05
   4.23406564E-05
   4.23022757E-05
   4.21654549E-05
   4.19268617E-05
   4.15836366E-05
   4.11334368E-05
   4.05744941E-05
   3.99056262E-05
   3.91262911E-05
   3.82366052E-05
   3.72373652E-05
   3.61300445E-05
   3.49168076E-05
   3.36005105E-05
   3.21846892E-05
   3.06735456E-05
   2.90719108E-05
   2.73852384E-05
   2.56195544E-05
   2.37814347E-05
   2.18779496E-05
   1.99166243E-05
   1.79053859E-05
   1.58525108E-05
   1.37665720E-05
   1.16563697E-05
   9.53088238E-06
   7.39920006E-06
   5.27046404E-06
   3.15380566E-06
   1.05828087E-06
  -1.00718830E-06
  -3.03387469E-06
  -5.01330442E-06
  -6.93731226E-06
  -8.79809613E-06
  -1.05882691E-05
  -1.23009040E-05
  -1.39295744E-05
  -1.54683985E-05
  -1.69120685E-05
  -1.82558797E-05
  -1.94957593E-05
  -2.06282712E-05
  -2.16506396E-05
  -2.25607437E-05
  -2.33571318E-05
  -2.40389982E-05
  -2.46061772E-05
  -2.50591329E-05
  -2.53989201E-05
  -2.56271651E-05
  -2.57460342E-05
  -2.57581887E-05
  -2.56667445E-05
  -2.54752358E-05
  -2.51875590E-05
  -2.48079323E-05
  -2.43408394E-05
  -2.37909953E-05
  -2.31632803E-05
  -2.24627056E-05
  -2.16943663E-05
  -2.08633901E-05
  -1.99749138E-05
  -1.90340415E-05
  -1.80458101E-05
  -1.70151634E-05
  -1.59469382E-05
  -1.48458275E-05
  -1.37163870E-05
  -1.25630131E-05
  -1.13899405E-05
  -1.02012409E-05
  -9.00082341E-06
  -7.79243601E-06
  -6.57967848E-06
  -5.36600510E-06
  -4.15473778E-06
  -2.94907591E-06
  -1.75210766E-06
  -5.66822848E-07
   6.03877822E-07
   1.75717071E-06
   2.89030027E-06
   4.00057115E-06
   5.08534276E-06
   6.14202054E-06
   7.16805607E-06
   8.16094234E-06
   9.11821826E-06
   1.00374637E-05
   1.09163102E-05
   1.17524369E-05
   1.25435854E-05
   1.32875603E-05
   1.39822405E-05
   1.46255870E-05
   1.52156554E-05
   1.57506020E-05
   1.62286960E-05
   1.66483296E-05
   1.70080348E-05
   1.73064836E-05
   1.75425139E-05
   1.77151287E-05
   1.78235114E-05
   1.78670434E-05
   1.78453047E-05
   1.77580914E-05
   1.76054218E-05
   1.73875487E-05
   1.71049651E-05
   1.67584130E-05
   1.63488912E-05
   1.58776529E-05
   1.53462206E-05
   1.47563787E-05
   1.41101737E-05
   1.34099200E-05
   1.26581854E-05
   1.18577927E-05
   1.10118044E-05
   1.01235164E-05
   9.19643935E-06
   8.23428400E-06
   7.24094207E-06
   6.22046537E-06
   5.17704029E-06
   4.11496512E-06
   3.03862271E-06
   1.95245116E-06
   8.60915520E-07
  -2.31520886E-07
  -1.32042646E-06
  -2.40142958E-06
  -3.47024866E-06
  -4.52271570E-06
  -5.55480665E-06
  -6.56266002E-06
  -7.54260373E-06
  -8.49116987E-06
  -9.40511654E-06
  -1.02814365E-05
  -1.11173786E-05
  -1.19104443E-05
  -1.26584027E-05
  -1.33592985E-05
  -1.40114444E-05
  -1.46134262E-05
  -1.51640961E-05
  -1.56625756E-05
  -1.61082444E-05
  -1.65007295E-05
  -1.68398983E-05
  -1.71258580E-05
  -1.73589287E-05
  -1.75396381E-05
  -1.76687136E-05
  -1.77470665E-05
  -1.77757775E-05
  -1.77560887E-05
  -1.76893882E-05
  -1.75771966E-05
  -1.74211618E-05
  -1.72230357E-05
  -1.69846753E-05
  -1.67080198E-05
  -1.63950845E-05
  -1.60479540E-05
  -1.56687584E-05
  -1.52596695E-05
  -1.48229001E-05
  -1.43606740E-05
  -1.38752293E-05
  -1.33688081E-05
  -1.28436423E-05
  -1.23019545E-05
  -1.17459431E-05
  -1.11777827E-05
  -1.05996169E-05
  -1.00135585E-05
  -9.42168299E-06
  -8.82603126E-06
  -8.22861148E-06
  -7.63139451E-06
  -7.03632122E-06
  -6.44530519E-06
  -5.86023452E-06
  -5.28297551E-06
  -4.71537760E-06
  -4.15927616E-06
  -3.61649586E-06
  -3.08885296E-06
  -2.57815805E-06
  -2.08621600E-06
  -1.61482649E-06
  -1.16578155E-06
  -7.40863015E-07
  -3.41837932E-07
   2.95474472E-08
   3.71576220E-07
   6.82568952E-07
   9.60894681E-07
   1.20498305E-06
   1.41333715E-06
   1.58454634E-06
   1.71730062E-06
   1.81040673E-06
   1.86280033E-06
   1.87356193E-06
   1.84192857E-06
   1.76730668E-06
   1.64928372E-06
   1.48763706E-06
   1.28234183E-06
   1.03357729E-06
   7.41730958E-07
   4.07400563E-07
   3.13942472E-08
  -3.85271107E-07
  -8.41373662E-07
  -1.33549156E-06
  -1.86601017E-06
  -2.43113141E-06
  -3.02888270E-06
  -3.65712890E-06
  -4.31358421E-06
  -4.99582575E-06
  -5.70130715E-06
  -6.42737314E-06
  -7.17127477E-06
  -7.93018535E-06
  -8.70121767E-06
  -9.48143497E-06
  -1.02678741E-05
  -1.10575556E-05
  -1.18475027E-05
  -1.26347559E-05
  -1.34163902E-05
  -1.41895298E-05
  -1.49513653E-05
  -1.56991609E-05
  -1.64302783E-05
  -1.71421852E-05
  -1.78324754E-05
  -1.84988603E-05
  -1.91392101E-05
  -1.97515383E-05
  -2.03340242E-05
  -2.08850161E-05
  -2.14030333E-05
  -2.18867772E-05
  -2.23351362E-05
  -2.27471719E-05
  -2.31221384E-05
  -2.34594609E-05
  -2.37587483E-05
  -2.40197787E-05
  -2.42424940E-05
  -2.44269959E-05
  -2.45735282E-05
  -2.46824766E-05
  -2.47543576E-05
  -2.47897933E-05
  -2.47895186E-05
  -2.47543667E-05
  -2.46852433E-05
  -2.45831307E-05
  -2.44490748E-05
  -2.42841706E-05
  -2.40895624E-05
  -2.38664306E-05
  -2.36159849E-05
  -2.33394603E-05
  -2.30381120E-05
  -2.27132241E-05
  -2.23660900E-05
  -2.19980229E-05
  -2.16103508E-05
  -2.12044288E-05
  -2.07816229E-05
  -2.03433283E-05
  -1.98909547E-05
  -1.94259410E-05
  -1.89497514E-05
  -1.84638757E-05
  -1.79698363E-05
  -1.74691741E-05
  -1.69634586E-05
  -1.64542871E-05
  -1.59432748E-05
  -1.54320569E-05
  -1.49222788E-05
  -1.44156002E-05
  -1.39136828E-05
  -1.34181846E-05
  -1.29307582E-05
  -1.24530370E-05
  -1.19866318E-05
  -1.15331204E-05
  -1.10940382E-05
  -1.06708721E-05
  -1.02650465E-05
  -9.87791827E-06
  -9.51076254E-06
  -9.16476802E-06
  -8.84102610E-06
  -8.54051905E-06
  -8.26411451E-06
  -8.01255646E-06
  -7.78646154E-06
  -7.58631040E-06
  -7.41244139E-06
  -7.26504732E-06
  -7.14417138E-06
  -7.04970489E-06
  -6.98138638E-06
  -6.93880111E-06
  -6.92137928E-06
  -6.92840149E-06
  -6.95900098E-06
  -7.01216595E-06
  -7.08674679E-06
  -7.18146339E-06
  -7.29491194E-06
  -7.42557722E-06
  -7.57184034E-06
  -7.73199372E-06
  -7.90424929E-06
  -8.08675850E-06
  -8.27761778E-06
  -8.47489264E-06
  -8.67662675E-06
  -8.88085469E-06
  -9.08562106E-06
  -9.28899044E-06
  -9.48906290E-06
  -9.68398490E-06
  -9.87196381E-06
  -1.00512743E-05
  -1.02202721E-05
  -1.03774028E-05
  -1.05212075E-05
  -1.06503303E-05
  -1.07635260E-05
  -1.08596669E-05
  -1.09377443E-05
  -1.09968714E-05
  -1.10362862E-05
  -1.10553601E-05
  -1.10535848E-05
  -1.10305846E-05
  -1.09861094E-05
  -1.09200373E-05
  -1.08323693E-05
  -1.07232263E-05
  -1.05928484E-05
  -1.04415913E-05
  -1.02699159E-05
  -1.00783946E-05
  -9.86769373E-06
  -9.63857383E-06
  -9.39188158E-06
  -9.12854284E-06
  -8.84955443E-06
  -8.55597591E-06
  -8.24892049E-06
  -7.92954415E-06
  -7.59903696E-06
  -7.25861355E-06
  -6.90949855E-06
  -6.55292069E-06
  -6.19009916E-06
  -5.82223356E-06
  -5.45049716E-06
  -5.07602499E-06
  -4.69990619E-06
  -4.32317893E-06
  -3.94682138E-06
  -3.57174986E-06
  -3.19881406E-06
  -2.82879569E-06
  -2.46240779E-06
  -2.10029543E-06
  -1.74303784E-06
  -1.39115070E-06
  -1.04509093E-06
  -7.05260618E-07
  -3.72012977E-07
  -4.56576714E-08
   2.73533118E-07
   5.85318503E-07
   8.89483999E-07
   1.18583512E-06
   1.47419360E-06
   1.75439254E-06
   2.02627484E-06
   2.28968952E-06
   2.54449287E-06
   2.79054734E-06
   3.02772401E-06
   3.25590554E-06
   3.47498781E-06
   3.68488691E-06
   3.88554372E-06
   4.07693005E-06
   4.25905318E-06
   4.43196313E-06
   4.59575949E-06
   4.75059642E-06
   4.89668491E-06
   5.03429919E-06
   5.16377986E-06
   5.28553255E-06
   5.40003020E-06
   5.50780987E-06
   5.60947046E-06
   5.70566772E-06
   5.79710422E-06
   5.88452804E-06
   5.96871678E-06
   6.05046898E-06
   6.13059183E-06
   6.20988703E-06
   6.28913813E-06
   6.36909454E-06
   6.45045793E-06
   6.53386542E-06
   6.61987724E-06
   6.70895952E-06
   6.80147423E-06
   6.89766421E-06
   6.99764087E-06
   7.10137647E-06
   7.20869593E-06
   7.31926866E-06
   7.43260489E-06
   7.54805387E-06
   7.66480116E-06
   7.78187223E-06
   7.89813475E-06
   8.01230544E-06
   8.12295639E-06
   8.22852508E-06
   8.32732621E-06
   8.41756446E-06
   8.49734988E-06
   8.56470979E-06
   8.61760873E-06
   8.65396396E-06
   8.67166818E-06
   8.66859773E-06
   8.64263711E-06
   8.59169540E-06
   8.51371988E-06
   8.40671873E-06
   8.26876567E-06
   8.09802168E-06
   7.89274327E-06
   7.65129880E-06
   7.37216806E-06
   7.05395814E-06
   6.69540805E-06
   6.29539136E-06
   5.85292173E-06
   5.36715515E-06
   4.83738995E-06
   4.26306951E-06
   3.64378093E-06
   2.97925408E-06
   2.26936163E-06
   1.51411894E-06
   7.13681288E-07
  -1.31654076E-07
  -1.02144816E-06
  -1.95511916E-06
  -2.93194125E-06
  -3.95103962E-06
  -5.01138993E-06
  -6.11181167E-06
  -7.25096379E-06
  -8.42733971E-06
  -9.63925777E-06
  -1.08848571E-05
  -1.21620915E-05
  -1.34687189E-05
  -1.48022982E-05
  -1.61601802E-05
  -1.75395126E-05
  -1.89372186E-05
  -2.03500113E-05
  -2.17743818E-05
  -2.32066122E-05
  -2.46427680E-05
  -2.60787092E-05
  -2.75101011E-05
  -2.89324253E-05
  -3.03409888E-05
  -3.17309568E-05
  -3.30973489E-05
  -3.44350847E-05
  -3.57390018E-05
  -3.70038761E-05
  -3.82244580E-05
  -3.93954979E-05
  -4.05117862E-05
  -4.15681898E-05
  -4.25596809E-05
  -4.34813701E-05
  -4.43285571E-05
  -4.50967418E-05
  -4.57816823E-05
  -4.63794240E-05
  -4.68863254E-05
  -4.72990941E-05
  -4.76148161E-05
  -4.78309812E-05
  -4.79455048E-05
  -4.79567643E-05
  -4.78636066E-05
  -4.76653659E-05
  -4.73618820E-05
  -4.69535116E-05
  -4.64411278E-05
  -4.58261165E-05
  -4.51104061E-05
  -4.42964374E-05
  -4.33871646E-05
  -4.23860401E-05
  -4.12970185E-05
  -4.01245197E-05
  -3.88734188E-05
  -3.75490308E-05
  -3.61570601E-05
  -3.47036075E-05
  -3.31951087E-05
  -3.16383157E-05
  -3.00402753E-05
  -2.84082762E-05
  -2.67498071E-05
  -2.50725279E-05
  -2.33842384E-05
  -2.16928111E-05
  -2.00061695E-05
  -1.83322336E-05
  -1.66788795E-05
  -1.50538935E-05
  -1.34649272E-05
  -1.19194492E-05
  -1.04247065E-05
  -8.98767303E-06
  -7.61501042E-06
  -6.31302510E-06
  -5.08762650E-06
  -3.94428889E-06
  -2.88801493E-06
  -1.92330117E-06
  -1.05411027E-06
  -2.83840137E-07
   3.84696136E-07
   9.49291461E-07
   1.40835868E-06
   1.76094113E-06
   2.00671775E-06
   2.14600414E-06
   2.17974730E-06
   2.10951725E-06
   1.93749202E-06
   1.66643781E-06
   1.29968601E-06
   8.41104395E-07
   2.95064694E-07
  -3.33595295E-07
  -1.03960974E-06
  -1.81732935E-06
  -2.66076768E-06
  -3.56364762E-06
  -4.51945198E-06
  -5.52147321E-06
  -6.56286511E-06
  -7.63669141E-06
  -8.73597946E-06
  -9.85376300E-06
  -1.09831308E-05
  -1.21172725E-05
  -1.32495134E-05
  -1.43733550E-05
  -1.54825120E-05
  -1.65709353E-05
  -1.76328394E-05
  -1.86627294E-05
  -1.96554138E-05
  -2.06060104E-05
  -2.15099735E-05
  -2.23630868E-05
  -2.31614758E-05
  -2.39015953E-05
  -2.45802403E-05
  -2.51945348E-05
  -2.57419306E-05
  -2.62201938E-05
