   0.00000000    
   0.00000000    
   0.00000000    
   0.00000000    
   0.00000000    
   0.00000000    
   0.00000000    
   0.00000000    
   0.00000000    
   0.00000000    
   0.00000000    
   0.00000000    
   0.00000000    
   0.00000000    
   0.00000000    
   0.00000000    
   0.00000000    
   0.00000000    
   0.00000000    
   0.00000000    
   0.00000000    
   0.00000000    
   0.00000000    
   0.00000000    
   0.00000000    
   0.00000000    
   0.00000000    
   0.00000000    
   0.00000000    
   0.00000000    
   0.00000000    
   0.00000000    
   0.00000000    
   0.00000000    
   0.00000000    
   0.00000000    
   0.00000000    
   0.00000000    
   0.00000000    
   0.00000000    
   0.00000000    
   0.00000000    
   0.00000000    
   0.00000000    
   0.00000000    
   0.00000000    
   0.00000000    
   0.00000000    
   0.00000000    
   0.00000000    
   0.00000000    
   0.00000000    
   0.00000000    
   0.00000000    
   0.00000000    
   0.00000000    
   0.00000000    
   0.00000000    
   0.00000000    
   0.00000000    
   0.00000000    
   0.00000000    
   0.00000000    
   0.00000000    
   0.00000000    
   0.00000000    
   0.00000000    
   0.00000000    
   0.00000000    
   0.00000000    
   0.00000000    
   0.00000000    
   0.00000000    
   0.00000000    
   0.00000000    
   0.00000000    
   0.00000000    
   0.00000000    
   0.00000000    
   0.00000000    
   0.00000000    
   0.00000000    
   0.00000000    
   0.00000000    
   0.00000000    
   0.00000000    
   0.00000000    
   0.00000000    
   0.00000000    
   0.00000000    
   0.00000000    
   0.00000000    
   0.00000000    
   0.00000000    
   0.00000000    
   0.00000000    
   0.00000000    
   0.00000000    
   0.00000000    
   0.00000000    
   0.00000000    
   0.00000000    
   0.00000000    
   0.00000000    
   0.00000000    
   0.00000000    
   0.00000000    
   0.00000000    
   0.00000000    
  -1.40129846E-45
  -2.80259693E-45
  -5.60519386E-45
  -9.80908925E-45
  -1.54142831E-44
  -2.24207754E-44
  -2.94272678E-44
  -3.50324616E-44
  -3.64337601E-44
  -2.94272678E-44
  -5.60519386E-45
   4.20389539E-44
   1.19110369E-43
   2.34016844E-43
   3.90962272E-43
   5.82940161E-43
   7.93134931E-43
   9.76705030E-43
   1.06638813E-42
   9.55685553E-43
   5.10072641E-43
  -4.38606419E-43
  -2.05150095E-42
  -4.43230704E-42
  -7.55159742E-42
  -1.11150994E-41
  -1.43941378E-41
  -1.60336570E-41
  -1.38448288E-41
  -4.65231090E-42
   1.57225688E-41
   5.21913613E-41
   1.09653006E-40
   1.91509856E-40
   2.97124320E-40
   4.17930260E-40
   5.31865635E-40
   5.96043703E-40
   5.37815548E-40
   2.44997418E-40
  -4.43183060E-40
  -1.74154774E-39
  -3.91633634E-39
  -7.26784990E-39
  -1.20892275E-38
  -1.85896352E-38
  -2.67677042E-38
  -3.62197117E-38
  -4.58674807E-38
  -5.35950139E-38
  -5.57921603E-38
  -4.68208261E-38
  -1.84466089E-38
   4.06799298E-38
   1.45350984E-37
   3.13721288E-37
   5.66509141E-37
   9.25058863E-37
   1.40772614E-36
   2.02393757E-36
   2.76519405E-36
   3.59226238E-36
   4.41790223E-36
   5.08473914E-36
   5.33841282E-36
   4.79701566E-36
   2.91916451E-36
  -1.02506969E-36
  -7.97359328E-36
  -1.90720500E-35
  -3.56399297E-35
  -5.90845361E-35
  -9.07394338E-35
  -1.31599497E-34
  -1.81920987E-34
  -2.40653655E-34
  -3.04674383E-34
  -3.67799257E-34
  -4.19569153E-34
  -4.43829244E-34
  -4.17168619E-34
  -3.07343467E-34
  -7.18930336E-35
   3.42740013E-34
   1.00114071E-33
   1.97731080E-33
   3.35074995E-33
   5.19929747E-33
   7.58763236E-33
   1.05502330E-32
   1.40675406E-32
   1.80341845E-32
   2.22184199E-32
   2.62124837E-32
   2.93745547E-32
   3.07643387E-32
   2.90763141E-32
   2.25772439E-32
   9.05789221E-33
  -1.41870781E-32
  -5.03323700E-32
  -1.02924593E-31
  -1.75684837E-31
  -2.72176807E-31
  -3.95302434E-31
  -5.46584043E-31
  -7.25194344E-31
  -9.26702006E-31
  -1.14151250E-30
  -1.35300942E-30
  -1.53543392E-30
  -1.65159044E-30
  -1.65053381E-30
  -1.46547922E-30
  -1.01227931E-30
  -1.88945976E-31
   1.12316745E-30
   3.05574966E-30
   5.74654425E-30
   9.32791819E-30
   1.39097883E-29
   1.95556655E-29
   2.62506388E-29
   3.38602769E-29
   4.20799082E-29
   5.03742896E-29
   5.79089097E-29
   6.34752926E-29
   6.54150291E-29
   6.15494650E-29
   4.91252729E-29
   2.47901535E-29
  -1.53828418E-29
  -7.57985961E-29
  -1.61141475E-28
  -2.76040433E-28
  -4.24557293E-28
  -6.09453838E-28
  -8.31190438E-28
  -1.08660977E-27
  -1.36726399E-27
  -1.65735535E-27
  -1.93127825E-27
  -2.15078592E-27
  -2.26184217E-27
  -2.19129112E-27
  -1.84355195E-27
  -1.09766153E-27
   1.94885272E-28
   2.21086454E-27
   5.15380509E-27
   9.24914991E-27
   1.47347754E-26
   2.18452225E-26
   3.07876819E-26
   4.17074951E-26
   5.46404814E-26
   6.94493296E-26
   8.57409775E-26
   1.02761866E-25
   1.19268299E-25
   1.33369435E-25
   1.42341556E-25
   1.42413836E-25
   1.28527973E-25
   9.40775363E-26
   3.06375241E-26
  -7.22994348E-26
  -2.27555556E-25
  -4.50434055E-25
  -7.58771236E-25
  -1.17281045E-24
  -1.71481381E-24
  -2.40830774E-24
  -3.27682072E-24
  -4.34195984E-24
  -5.62061068E-24
  -7.12103556E-24
  -8.83758032E-24
  -1.07436686E-23
  -1.27827400E-23
  -1.48567216E-23
  -1.68116451E-23
  -1.84200063E-23
  -1.93594954E-23
  -1.91878109E-23
  -1.73134632E-23
  -1.29625987E-23
  -5.14236494E-24
   7.39830281E-24
   2.62088260E-23
   5.31755170E-23
   9.05548264E-23
   1.40995975E-22
   2.07545884E-22
   2.93626752E-22
   4.02973728E-22
   5.39516741E-22
   7.07186513E-22
   9.09619581E-22
   1.14973218E-21
   1.42912707E-21
   1.74729020E-21
   2.10053025E-21
   2.48060237E-21
   2.87296144E-21
   3.25457645E-21
   3.59124058E-21
   3.83432343E-21
   3.91689973E-21
   3.74923207E-21
   3.21359103E-21
   2.15845268E-21
   3.92165803E-22
  -2.32373371E-21
  -6.28126788E-21
  -1.18323841E-20
  -1.93943287E-20
  -2.94531680E-20
  -4.25643103E-20
  -5.93485029E-20
  -8.04814683E-20
  -1.06674627E-19
  -1.38644117E-19
  -1.77064343E-19
  -2.22501710E-19
  -2.75323758E-19
  -3.35577378E-19
  -4.02829746E-19
  -4.75964998E-19
  -5.52927743E-19
  -6.30406080E-19
  -7.03445870E-19
  -7.64987436E-19
  -8.05319987E-19
  -8.11447999E-19
  -7.66369551E-19
  -6.48270545E-19
  -4.29646735E-19
  -7.63736894E-20
   4.53242243E-19
   1.20938117E-18
   2.25152690E-18
   3.64908990E-18
   5.48171020E-18
   7.83908230E-18
   1.08200907E-17
   1.45310123E-17
   1.90824777E-17
   2.45847955E-17
   3.11412391E-17
   3.88387536E-17
   4.77354649E-17
   5.78444027E-17
   6.91126210E-17
   8.13949759E-17
   9.44216478E-17
   1.07758618E-16
   1.20760283E-16
   1.32513381E-16
   1.41771676E-16
   1.46881058E-16
   1.45695001E-16
   1.35480974E-16
   1.12819005E-16
   7.34944548E-17
   1.23882489E-17
  -7.66305281E-17
  -2.00803414E-16
  -3.68563861E-16
  -5.89589618E-16
  -8.74812240E-16
  -1.23636465E-15
  -1.68744707E-15
  -2.24208139E-15
  -2.91472486E-15
  -3.71970368E-15
  -4.67042744E-15
  -5.77832748E-15
  -7.05147009E-15
  -8.49278432E-15
  -1.00978270E-14
  -1.18520272E-14
  -1.37273344E-14
  -1.56781817E-14
  -1.76367201E-14
  -1.95072382E-14
  -2.11597250E-14
  -2.24225495E-14
  -2.30742617E-14
  -2.28345310E-14
  -2.13543308E-14
  -1.82055265E-14
  -1.28700930E-14
  -4.72930978E-15
   6.94659089E-15
   2.30077188E-14
   4.44319501E-14
   7.23295122E-14
   1.07943453E-13
   1.52644444E-13
   2.07918318E-13
   2.75343821E-13
   3.56558451E-13
   4.53209112E-13
   5.66884701E-13
   6.99026557E-13
   8.50812747E-13
   1.02301110E-12
   1.21579808E-12
   1.42853459E-12
   1.65949828E-12
   1.90556143E-12
   2.16181456E-12
   2.42112558E-12
   2.67363562E-12
   2.90618289E-12
   3.10165674E-12
   3.23828095E-12
   3.28882798E-12
   3.21977276E-12
   2.99039461E-12
   2.55184285E-12
   1.84619052E-12
   8.05502095E-13
  -6.49043156E-13
  -2.60792668E-12
  -5.17390211E-12
  -8.46237056E-12
  -1.26014321E-11
  -1.77315020E-11
  -2.40043836E-11
  -3.15816297E-11
  -4.06320463E-11
  -5.13281535E-11
  -6.38413558E-11
  -7.83356574E-11
  -9.49595888E-11
  -1.13836114E-10
  -1.35050152E-10
  -1.58633509E-10
  -1.84546795E-10
  -2.12657919E-10
  -2.42716985E-10
  -2.74327144E-10
  -3.06911024E-10
  -3.39672734E-10
  -3.71554676E-10
  -4.01189637E-10
  -4.26847557E-10
  -4.46377407E-10
  -4.57144073E-10
  -4.55960575E-10
  -4.39016934E-10
  -4.01805311E-10
  -3.39043738E-10
  -2.44599285E-10
  -1.11412927E-10
   6.85717524E-11
   3.04472975E-10
   6.06524220E-10
   9.86114190E-10
   1.45580581E-09
   2.02933159E-09
   2.72155587E-09
   3.54839891E-09
   4.52671278E-09
   5.67410163E-09
   7.00867275E-09
   8.54871018E-09
   1.03122568E-08
   1.23165931E-08
   1.45775880E-08
   1.71089329E-08
   1.99211989E-08
   2.30207480E-08
   2.64084417E-08
   3.00781480E-08
   3.40150343E-08
   3.81936012E-08
   4.25754472E-08
   4.71067878E-08
   5.17156558E-08
   5.63087674E-08
   6.07681159E-08
   6.49471659E-08
   6.86667363E-08
   7.17105451E-08
   7.38203880E-08
   7.46909379E-08
   7.39642587E-08
   7.12239654E-08
   6.59891128E-08
   5.77077728E-08
   4.57504292E-08
   2.94031732E-08
   7.86076981E-09
  -1.97803249E-08
  -5.45289112E-08
  -9.75059180E-08
  -1.49951035E-07
  -2.13229001E-07
  -2.88835537E-07
  -3.78402632E-07
  -4.83702991E-07
  -6.06654112E-07
  -7.49320463E-07
  -9.13915358E-07
  -1.10280109E-06
  -1.31848708E-06
  -1.56362751E-06
  -1.84101555E-06
  -2.15357636E-06
  -2.50435778E-06
  -2.89651894E-06
  -3.33331604E-06
  -3.81808331E-06
  -4.35421680E-06
  -4.94514916E-06
  -5.59432328E-06
  -6.30516524E-06
  -7.08105335E-06
  -7.92528135E-06
  -8.84102064E-06
  -9.83128393E-06
  -1.08988788E-05
  -1.20463637E-05
  -1.32759997E-05
  -1.45897002E-05
  -1.59889860E-05
  -1.74749275E-05
  -1.90480987E-05
  -2.07085195E-05
  -2.24556097E-05
  -2.42881306E-05
  -2.62041467E-05
  -2.82009751E-05
  -3.02751505E-05
  -3.24223729E-05
  -3.46374909E-05
  -3.69144618E-05
  -3.92463407E-05
  -4.16252515E-05
  -4.40424010E-05
  -4.64880759E-05
  -4.89516460E-05
  -5.14215862E-05
  -5.38855238E-05
  -5.63302638E-05
  -5.87418435E-05
  -6.11056093E-05
  -6.34062890E-05
  -6.56280754E-05
  -6.77547141E-05
  -6.97696305E-05
  -7.16560244E-05
  -7.33970155E-05
  -7.49757746E-05
  -7.63756543E-05
  -7.75803564E-05
  -7.85740558E-05
  -7.93416039E-05
  -7.98686451E-05
  -8.01417846E-05
  -8.01487549E-05
  -7.98785550E-05
  -7.93216241E-05
  -7.84699587E-05
  -7.73172578E-05
  -7.58590249E-05
  -7.40926989E-05
  -7.20177341E-05
  -6.96356947E-05
  -6.69502915E-05
  -6.39674181E-05
  -6.06951871E-05
  -5.71439450E-05
  -5.33261955E-05
  -4.92566032E-05
  -4.49518884E-05
  -4.04307648E-05
  -3.57137978E-05
  -3.08232775E-05
  -2.57830816E-05
  -2.06184577E-05
  -1.53558540E-05
  -1.00227007E-05
  -4.64718778E-06
   7.41978340E-07
   6.11581936E-06
   1.14453378E-05
   1.67017752E-05
   2.18568712E-05
   2.68831154E-05
   3.17539962E-05
   3.64442494E-05
   4.09300737E-05
   4.51893684E-05
   4.92018953E-05
   5.29494791E-05
   5.64161637E-05
   5.95883248E-05
   6.24547829E-05
   6.50068760E-05
   6.72385067E-05
   6.91461537E-05
   7.07288564E-05
   7.19881573E-05
   7.29280582E-05
   7.35549183E-05
   7.38772651E-05
   7.39057141E-05
   7.36527436E-05
   7.31324981E-05
   7.23606063E-05
   7.13539121E-05
   7.01302270E-05
   6.87081047E-05
   6.71065864E-05
   6.53449169E-05
   6.34422977E-05
   6.14176461E-05
   5.92893557E-05
   5.70750562E-05
   5.47914206E-05
   5.24539646E-05
   5.00768983E-05
   4.76729474E-05
   4.52532659E-05
   4.28273197E-05
   4.04028469E-05
   3.79858066E-05
   3.55803822E-05
   3.31889969E-05
   3.08123745E-05
   2.84496164E-05
   2.60982906E-05
   2.37545737E-05
   2.14133906E-05
   1.90685823E-05
   1.67130802E-05
   1.43391035E-05
   1.19383549E-05
   9.50223239E-06
   7.02203351E-06
   4.48916126E-06
   1.89533171E-06
  -7.67233416E-07
  -3.50562323E-06
  -6.32606452E-06
  -9.23376592E-06
  -1.22327838E-05
  -1.53258970E-05
  -1.85145127E-05
  -2.17985926E-05
  -2.51765960E-05
  -2.86454597E-05
  -3.22005726E-05
  -3.58358157E-05
  -3.95435600E-05
  -4.33147798E-05
  -4.71390740E-05
  -5.10047903E-05
  -5.48991156E-05
  -5.88082185E-05
  -6.27173722E-05
  -6.66110573E-05
  -7.04731792E-05
  -7.42871853E-05
  -7.80361661E-05
  -8.17030887E-05
  -8.52708981E-05
  -8.87226706E-05
  -9.20417369E-05
  -9.52118280E-05
  -9.82171841E-05
  -1.01042664E-04
  -1.03673854E-04
  -1.06097126E-04
  -1.08299741E-04
  -1.10269895E-04
  -1.11996764E-04
  -1.13470553E-04
  -1.14682523E-04
  -1.15625007E-04
  -1.16291434E-04
  -1.16676303E-04
  -1.16775176E-04
  -1.16584713E-04
  -1.16102608E-04
  -1.15327581E-04
  -1.14259368E-04
  -1.12898677E-04
  -1.11247173E-04
  -1.09307446E-04
  -1.07082968E-04
  -1.04578132E-04
  -1.01798112E-04
  -9.87489475E-05
  -9.54374336E-05
  -9.18711521E-05
  -8.80584048E-05
  -8.40082357E-05
  -7.97303437E-05
  -7.52351043E-05
  -7.05334969E-05
  -6.56371194E-05
  -6.05581190E-05
  -5.53091595E-05
  -4.99033922E-05
  -4.43543977E-05
  -3.86761603E-05
  -3.28829810E-05
  -2.69894499E-05
  -2.10103735E-05
  -1.49607213E-05
  -8.85555437E-06
  -2.70995520E-06
   3.46103525E-06
   9.64249102E-06
   1.58196690E-05
   2.19780850E-05
   2.81035773E-05
   3.41823579E-05
   4.02011101E-05
   4.61470081E-05
   5.20077992E-05
   5.77718347E-05
   6.34281168E-05
   6.89663357E-05
   7.43769269E-05
   7.96510285E-05
   8.47805568E-05
   8.97581776E-05
   9.45773354E-05
   9.92322530E-05
   1.03717874E-04
   1.08029897E-04
   1.12164722E-04
   1.16119452E-04
   1.19891847E-04
   1.23480320E-04
   1.26883824E-04
   1.30101922E-04
   1.33134672E-04
   1.35982627E-04
   1.38646807E-04
   1.41128621E-04
   1.43429876E-04
   1.45552709E-04
   1.47499566E-04
   1.49273183E-04
   1.50876585E-04
   1.52312990E-04
   1.53585832E-04
   1.54698762E-04
   1.55655551E-04
   1.56460155E-04
   1.57116636E-04
   1.57629198E-04
   1.58002120E-04
   1.58239753E-04
   1.58346564E-04
   1.58327020E-04
   1.58185649E-04
   1.57926988E-04
   1.57555580E-04
   1.57075949E-04
   1.56492621E-04
   1.55810063E-04
   1.55032656E-04
   1.54164722E-04
   1.53210480E-04
   1.52174034E-04
   1.51059372E-04
   1.49870350E-04
   1.48610648E-04
   1.47283790E-04
   1.45893137E-04
   1.44441859E-04
   1.42932942E-04
   1.41369179E-04
   1.39753174E-04
   1.38087344E-04
   1.36373943E-04
   1.34615024E-04
   1.32812464E-04
   1.30967994E-04
   1.29083186E-04
   1.27159496E-04
   1.25198203E-04
   1.23200531E-04
   1.21167584E-04
   1.19100383E-04
   1.16999887E-04
   1.14866991E-04
   1.12702583E-04
   1.10507492E-04
   1.08282533E-04
   1.06028543E-04
   1.03746344E-04
   1.01436781E-04
   9.91007109E-05
   9.67390224E-05
   9.43526175E-05
   9.19424638E-05
   8.95095145E-05
   8.70547738E-05
   8.45792747E-05
   8.20840723E-05
   7.95702363E-05
   7.70388579E-05
   7.44910431E-05
   7.19278905E-05
   6.93504844E-05
   6.67599306E-05
   6.41573206E-05
   6.15437093E-05
   5.89201227E-05
   5.62875648E-05
   5.36469961E-05
   5.09993406E-05
   4.83454787E-05
   4.56862326E-05
   4.30223809E-05
   4.03546401E-05
   3.76836761E-05
   3.50101000E-05
   3.23344575E-05
   2.96572525E-05
   2.69789271E-05
   2.42998740E-05
   2.16204444E-05
   1.89409493E-05
   1.62616616E-05
   1.35828277E-05
   1.09046705E-05
   8.22739912E-06
   5.55121778E-06
   2.87633316E-06
   2.02965978E-07
  -2.46864283E-06
  -5.13822033E-06
  -7.80545179E-06
  -1.04699711E-05
  -1.31313509E-05
  -1.57890918E-05
  -1.84426190E-05
  -2.10912676E-05
  -2.37342738E-05
  -2.63707752E-05
  -2.89997970E-05
  -3.16202459E-05
  -3.42309177E-05
  -3.68304827E-05
  -3.94174749E-05
  -4.19903081E-05
  -4.45472579E-05
  -4.70864652E-05
  -4.96059401E-05
  -5.21035508E-05
  -5.45770345E-05
  -5.70239972E-05
  -5.94418889E-05
  -6.18280246E-05
  -6.41795850E-05
  -6.64936160E-05
  -6.87669817E-05
  -7.09964370E-05
  -7.31785258E-05
  -7.53096901E-05
  -7.73861757E-05
  -7.94040752E-05
  -8.13592706E-05
  -8.32474907E-05
  -8.50642537E-05
  -8.68049028E-05
  -8.84645560E-05
  -9.00381492E-05
  -9.15204000E-05
  -9.29058297E-05
  -9.41887629E-05
  -9.53633280E-05
  -9.64234860E-05
  -9.73630304E-05
  -9.81755875E-05
  -9.88546817E-05
  -9.93937429E-05
  -9.97861353E-05
  -1.00025230E-04
  -1.00104393E-04
  -1.00017074E-04
  -9.97568568E-05
  -9.93174981E-05
  -9.86929954E-05
  -9.78776588E-05
  -9.68661770E-05
  -9.56536533E-05
  -9.42357292E-05
  -9.26085850E-05
  -9.07690555E-05
  -8.87146889E-05
  -8.64437825E-05
  -8.39554632E-05
  -8.12497237E-05
  -7.83274809E-05
  -7.51906118E-05
  -7.18419760E-05
  -6.82854297E-05
  -6.45258842E-05
  -6.05692730E-05
  -5.64225520E-05
  -5.20937028E-05
  -4.75916859E-05
  -4.29264255E-05
  -3.81087630E-05
  -3.31504052E-05
  -2.80638724E-05
  -2.28624158E-05
  -1.75599453E-05
  -1.21709554E-05
  -6.71043381E-06
  -1.19376978E-06
   4.36334085E-06
   9.94499987E-06
   1.55351972E-05
   2.11179195E-05
   2.66772495E-05
   3.21974621E-05
   3.76631142E-05
   4.30591645E-05
   4.83710246E-05
   5.35846702E-05
   5.86867063E-05
   6.36644327E-05
   6.85059422E-05
   7.32001281E-05
   7.77367750E-05
   8.21065623E-05
   8.63011446E-05
   9.03131149E-05
   9.41360850E-05
   9.77646414E-05
   1.01194375E-04
   1.04421888E-04
   1.07444728E-04
   1.10261433E-04
   1.12871443E-04
   1.15275114E-04
   1.17473675E-04
   1.19469179E-04
   1.21264471E-04
   1.22863072E-04
   1.24269267E-04
   1.25487932E-04
   1.26524508E-04
   1.27385036E-04
   1.28075946E-04
   1.28604122E-04
   1.28976782E-04
   1.29201493E-04
   1.29286025E-04
   1.29238353E-04
   1.29066597E-04
   1.28778920E-04
   1.28383559E-04
   1.27888663E-04
   1.27302352E-04
   1.26632556E-04
   1.25887003E-04
   1.25073188E-04
   1.24198283E-04
   1.23269099E-04
   1.22292011E-04
   1.21272918E-04
   1.20217235E-04
   1.19129742E-04
   1.18014599E-04
   1.16875315E-04
   1.15714654E-04
   1.14534632E-04
   1.13336471E-04
   1.12120601E-04
   1.10886554E-04
   1.09633038E-04
   1.08357912E-04
   1.07058127E-04
   1.05729821E-04
   1.04368286E-04
   1.02968013E-04
   1.01522754E-04
   1.00025514E-04
   9.84687140E-05
   9.68441818E-05
   9.51432739E-05
   9.33569681E-05
   9.14759803E-05
   8.94908590E-05
   8.73921381E-05
   8.51704317E-05
   8.28166012E-05
   8.03218572E-05
   7.76779270E-05
   7.48771927E-05
   7.19128293E-05
   6.87788852E-05
   6.54705073E-05
   6.19839848E-05
   5.83168694E-05
   5.44681097E-05
   5.04381060E-05
   4.62288008E-05
   4.18437339E-05
   3.72880568E-05
   3.25685942E-05
   2.76938244E-05
   2.26738666E-05
   1.75204423E-05
   1.22468446E-05
   6.86783687E-06
   1.39958377E-06
  -4.14046326E-06
  -9.73369242E-06
  -1.53604578E-05
  -2.10002418E-05
  -2.66318093E-05
  -3.22333763E-05
  -3.77828001E-05
  -4.32577472E-05
  -4.86358877E-05
  -5.38950735E-05
  -5.90135423E-05
  -6.39700665E-05
  -6.87441643E-05
  -7.33162306E-05
  -7.76677043E-05
  -8.17812615E-05
  -8.56408515E-05
  -8.92319295E-05
  -9.25414643E-05
  -9.55580763E-05
  -9.82720958E-05
  -1.00675607E-04
  -1.02762511E-04
  -1.04528524E-04
  -1.05971179E-04
  -1.07089822E-04
  -1.07885586E-04
  -1.08361353E-04
  -1.08521665E-04
  -1.08372704E-04
  -1.07922169E-04
  -1.07179214E-04
  -1.06154344E-04
  -1.04859333E-04
  -1.03307073E-04
  -1.01511512E-04
  -9.94874936E-05
  -9.72506677E-05
  -9.48173765E-05
  -9.22045292E-05
  -8.94294863E-05
  -8.65099719E-05
  -8.34639286E-05
  -8.03094372E-05
  -7.70646293E-05
  -7.37475639E-05
  -7.03761325E-05
  -6.69680376E-05
  -6.35406032E-05
  -6.01108150E-05
  -5.66951348E-05
  -5.33095299E-05
  -4.99693597E-05
  -4.66893071E-05
  -4.34833419E-05
  -4.03646773E-05
  -3.73456860E-05
  -3.44378896E-05
  -3.16518854E-05
  -2.89973286E-05
  -2.64828814E-05
  -2.41161906E-05
  -2.19038448E-05
  -1.98513644E-05
  -1.79631661E-05
  -1.62425531E-05
  -1.46917027E-05
  -1.33116591E-05
  -1.21023349E-05
  -1.10625133E-05
  -1.01898640E-05
  -9.48096113E-06
  -8.93130891E-06
  -8.53537676E-06
  -8.28663906E-06
  -8.17762793E-06
  -8.19998422E-06
  -8.34452567E-06
  -8.60131331E-06
  -8.95973426E-06
  -9.40857717E-06
  -9.93613048E-06
  -1.05302706E-05
  -1.11785612E-05
  -1.18683538E-05
  -1.25868919E-05
  -1.33214153E-05
  -1.40592647E-05
  -1.47879837E-05
  -1.54954214E-05
  -1.61698281E-05
  -1.67999569E-05
  -1.73751378E-05
  -1.78853752E-05
  -1.83214142E-05
  -1.86748111E-05
  -1.89379880E-05
  -1.91042873E-05
  -1.91680174E-05
  -1.91244671E-05
  -1.89699458E-05
  -1.87017777E-05
  -1.83183165E-05
  -1.78189202E-05
  -1.72039545E-05
  -1.64747489E-05
  -1.56335682E-05
  -1.46835719E-05
  -1.36287572E-05
  -1.24739072E-05
  -1.12245298E-05
  -9.88678494E-06
  -8.46741659E-06
  -6.97367750E-06
  -5.41325198E-06
  -3.79417338E-06
  -2.12474629E-06
  -4.13461521E-07
   1.33108222E-06
   3.10026167E-06
   4.88550450E-06
   6.67836730E-06
   8.47060437E-06
   1.02542454E-05
   1.20216519E-05
   1.37655788E-05
   1.54792324E-05
   1.71563188E-05
   1.87910828E-05
   2.03783529E-05
   2.19135654E-05
   2.33927949E-05
   2.48127617E-05
   2.61708446E-05
   2.74650902E-05
   2.86941995E-05
   2.98575160E-05
   3.09550123E-05
   3.19872634E-05
   3.29554132E-05
   3.38611208E-05
   3.47065507E-05
   3.54942931E-05
   3.62273240E-05
   3.69089466E-05
   3.75427262E-05
   3.81324389E-05
   3.86820066E-05
   3.91954163E-05
   3.96766736E-05
   4.01297402E-05
   4.05584578E-05
   4.09665117E-05
   4.13573543E-05
   4.17341689E-05
   4.20998222E-05
   4.24568243E-05
   4.28072890E-05
   4.31529188E-05
   4.34949725E-05
   4.38342468E-05
   4.41710945E-05
   4.45053956E-05
   4.48365790E-05
   4.51636333E-05
   4.54851397E-05
   4.57992755E-05
   4.61038544E-05
   4.63963697E-05
   4.66740312E-05
   4.69338011E-05
   4.71724525E-05
   4.73866130E-05
   4.75728011E-05
   4.77275098E-05
   4.78472284E-05
   4.79284936E-05
   4.79679584E-05
   4.79624141E-05
   4.79088521E-05
   4.78044967E-05
   4.76468413E-05
   4.74336812E-05
   4.71631465E-05
   4.68337348E-05
   4.64443074E-05
   4.59941184E-05
   4.54828441E-05
   4.49105610E-05
   4.42777527E-05
   4.35853290E-05
   4.28345957E-05
   4.20272663E-05
   4.11654255E-05
   4.02515252E-05
   3.92883630E-05
   3.82790640E-05
   3.72270406E-05
   3.61359816E-05
   3.50098162E-05
   3.38526770E-05
   3.26688787E-05
   3.14628851E-05
   3.02392673E-05
   2.90026801E-05
   2.77578183E-05
   2.65093986E-05
   2.52621048E-05
   2.40205718E-05
   2.27893506E-05
   2.15728760E-05
   2.03754335E-05
   1.92011394E-05
   1.80539118E-05
   1.69374453E-05
   1.58551902E-05
   1.48103327E-05
   1.38057785E-05
   1.28441370E-05
   1.19277120E-05
   1.10584879E-05
   1.02381264E-05
   9.46796172E-06
   8.74899524E-06
   8.08190180E-06
   7.46702744E-06
   6.90439947E-06
   6.39373093E-06
   5.93443019E-06
   5.52561414E-06
   5.16612135E-06
   4.85452347E-06
   4.58914428E-06
   4.36807750E-06
   4.18920263E-06
   4.05020864E-06
   3.94860763E-06
   3.88175977E-06
   3.84689292E-06
   3.84112263E-06
   3.86147349E-06
   3.90489868E-06
   3.96830274E-06
   4.04855882E-06
   4.14253009E-06
   4.24708742E-06
   4.35912989E-06
   4.47559842E-06
   4.59349667E-06
   4.70990153E-06
   4.82198129E-06
   4.92700701E-06
   5.02236526E-06
   5.10556583E-06
   5.17425542E-06
   5.22622213E-06
   5.25940004E-06
   5.27187331E-06
   5.26187887E-06
   5.22780738E-06
   5.16819637E-06
   5.08173343E-06
   4.96724351E-06
   4.82368978E-06
   4.65015864E-06
   4.44585157E-06
   4.21007599E-06
   3.94223071E-06
   3.64179459E-06
   3.30831313E-06
   2.94138499E-06
   2.54064889E-06
   2.10576991E-06
   1.63642892E-06
   1.13230954E-06
   5.93088714E-07
   1.84285973E-08
  -5.92031540E-07
  -1.23867983E-06
  -1.92193397E-06
  -2.64224354E-06
  -3.40008592E-06
  -4.19596427E-06
  -5.03040064E-06
  -5.90392710E-06
  -6.81707434E-06
  -7.77036075E-06
  -8.76427566E-06
  -9.79926608E-06
  -1.08757204E-05
  -1.19939441E-05
  -1.31541483E-05
  -1.43564293E-05
  -1.56007518E-05
  -1.68869356E-05
  -1.82146268E-05
  -1.95832927E-05
  -2.09922073E-05
  -2.24404339E-05
  -2.39268229E-05
  -2.54499973E-05
  -2.70083492E-05
  -2.86000377E-05
  -3.02229837E-05
  -3.18748862E-05
  -3.35532059E-05
  -3.52551870E-05
  -3.69778681E-05
  -3.87180844E-05
  -4.04724778E-05
  -4.22375306E-05
  -4.40095719E-05
  -4.57847964E-05
  -4.75592860E-05
  -4.93290281E-05
  -5.10899445E-05
  -5.28378987E-05
  -5.45687362E-05
  -5.62782807E-05
  -5.79623847E-05
  -5.96169193E-05
  -6.12377989E-05
  -6.28210328E-05
  -6.43626918E-05
  -6.58589415E-05
  -6.73060640E-05
  -6.87004576E-05
  -7.00386663E-05
  -7.13173431E-05
  -7.25333230E-05
  -7.36835646E-05
  -7.47651720E-05
  -7.57754315E-05
  -7.67117672E-05
  -7.75717781E-05
  -7.83531796E-05
  -7.90538907E-05
  -7.96719542E-05
  -8.02055874E-05
  -8.06531316E-05
  -8.10130950E-05
  -8.12841390E-05
  -8.14650775E-05
  -8.15548628E-05
  -8.15526146E-05
  -8.14576197E-05
  -8.12693252E-05
  -8.09873454E-05
  -8.06114695E-05
  -8.01416754E-05
  -7.95781234E-05
  -7.89212136E-05
  -7.81715207E-05
  -7.73298598E-05
  -7.63972712E-05
  -7.53750428E-05
  -7.42647098E-05
  -7.30680695E-05
  -7.17871953E-05
  -7.04244230E-05
  -6.89823719E-05
  -6.74639523E-05
  -6.58723293E-05
  -6.42109808E-05
  -6.24836612E-05
  -6.06943613E-05
  -5.88473631E-05
  -5.69471740E-05
  -5.49985489E-05
  -5.30064426E-05
  -5.09760102E-05
  -4.89125778E-05
  -4.68215949E-05
  -4.47086531E-05
  -4.25794278E-05
  -4.04396524E-05
  -3.82950820E-05
  -3.61514903E-05
  -3.40146107E-05
  -3.18901257E-05
  -2.97836286E-05
  -2.77006056E-05
  -2.56464027E-05
  -2.36262076E-05
  -2.16450244E-05
  -1.97076606E-05
  -1.78187020E-05
  -1.59825104E-05
  -1.42031968E-05
  -1.24846283E-05
  -1.08304075E-05
  -9.24387587E-06
  -7.72811200E-06
  -6.28593170E-06
  -4.91988339E-06
  -3.63225877E-06
  -2.42509645E-06
  -1.30018520E-06
  -2.59072209E-07
   6.96931806E-07
   1.56674628E-06
   2.34951472E-06
   3.04459877E-06
   3.65157530E-06
   4.17023193E-06
   4.60056617E-06
   4.94278538E-06
   5.19730611E-06
   5.36475545E-06
   5.44597742E-06
   5.44203203E-06
   5.35420577E-06
   5.18401521E-06
   4.93321340E-06
   4.60379624E-06
   4.19801245E-06
   3.71836745E-06
   3.16762976E-06
   2.54883639E-06
   1.86529780E-06
   1.12059763E-06
   3.18596079E-07
  -5.36574703E-07
  -1.44051330E-06
  -2.38855660E-06
  -3.37579013E-06
  -4.39705946E-06
  -5.44698923E-06
  -6.51999972E-06
  -7.61032879E-06
  -8.71205884E-06
  -9.81914400E-06
  -1.09254388E-05
  -1.20247296E-05
  -1.31107727E-05
  -1.41773271E-05
  -1.52181892E-05
  -1.62272372E-05
  -1.71984611E-05
  -1.81260002E-05
  -1.90041883E-05
  -1.98275866E-05
  -2.05910092E-05
  -2.12895720E-05
  -2.19187132E-05
  -2.24742234E-05
  -2.29522811E-05
  -2.33494702E-05
  -2.36628002E-05
  -2.38897228E-05
  -2.40281533E-05
  -2.40764748E-05
  -2.40335539E-05
  -2.38987395E-05
  -2.36718661E-05
  -2.33532573E-05
  -2.29437119E-05
  -2.24445066E-05
  -2.18573787E-05
  -2.11845236E-05
  -2.04285698E-05
  -1.95925659E-05
  -1.86799698E-05
  -1.76946160E-05
  -1.66407044E-05
  -1.55227681E-05
  -1.43456564E-05
  -1.31144998E-05
  -1.18346925E-05
  -1.05118525E-05
  -9.15180590E-06
  -7.76054458E-06
  -6.34420348E-06
  -4.90902221E-06
  -3.46131742E-06
  -2.00744762E-06
  -5.53782229E-07
   8.93333322E-07
   2.32761090E-06
   3.74285241E-06
   5.13298255E-06
   6.49208323E-06
   7.81442304E-06
   9.09448954E-06
   1.03270204E-05
   1.15070270E-05
   1.26298319E-05
   1.36910849E-05
   1.46867869E-05
   1.56133192E-05
   1.64674493E-05
   1.72463624E-05
   1.79476610E-05
   1.85693789E-05
   1.91099898E-05
   1.95684115E-05
   1.99439892E-05
   2.02365245E-05
   2.04462358E-05
   2.05737670E-05
   2.06201585E-05
   2.05868437E-05
   2.04756252E-05
   2.02886513E-05
   2.00283885E-05
   1.96975943E-05
   1.92992975E-05
   1.88367594E-05
   1.83134471E-05
   1.77329985E-05
   1.70991989E-05
   1.64159374E-05
   1.56871920E-05
   1.49169909E-05
   1.41093851E-05
   1.32684281E-05
   1.23981490E-05
   1.15025314E-05
   1.05854942E-05
   9.65088020E-06
   8.70243730E-06
   7.74381078E-06
   6.77853723E-06
   5.81003587E-06
   4.84161183E-06
   3.87645287E-06
   2.91762967E-06
   1.96810288E-06
   1.03072671E-06
   1.08254802E-07
  -7.96652841E-07
  -1.68142367E-06
  -2.54356473E-06
  -3.38065820E-06
  -4.19035496E-06
  -4.97037126E-06
  -5.71848614E-06
  -6.43254134E-06
  -7.11044140E-06
  -7.75015906E-06
  -8.34973798E-06
  -8.90730553E-06
  -9.42107454E-06
  -9.88936154E-06
  -1.03105986E-05
  -1.06833477E-05
  -1.10063147E-05
  -1.12783728E-05
  -1.14985696E-05
  -1.16661540E-05
  -1.17805866E-05
  -1.18415583E-05
  -1.18490007E-05
  -1.18031039E-05
  -1.17043201E-05
  -1.15533758E-05
  -1.13512715E-05
  -1.10992851E-05
  -1.07989672E-05
  -1.04521350E-05
  -1.00608650E-05
  -9.62747436E-06
  -9.15450710E-06
  -8.64471622E-06
  -8.10103484E-06
  -7.52655342E-06
  -6.92449430E-06
  -6.29817714E-06
  -5.65099162E-06
  -4.98636655E-06
  -4.30773798E-06
  -3.61851903E-06
  -2.92206687E-06
  -2.22165772E-06
  -1.52045959E-06
  -8.21507399E-07
  -1.27682640E-07
   5.58305487E-07
   1.23393477E-06
   1.89688137E-06
   2.54502902E-06
   3.17647209E-06
   3.78951790E-06
   4.38268262E-06
   4.95468839E-06
   5.50445293E-06
   6.03107947E-06
   6.53384404E-06
   7.01218096E-06
   7.46566593E-06
   7.89399928E-06
   8.29699093E-06
   8.67454219E-06
   9.02662941E-06
   9.35328990E-06
   9.65460549E-06
   9.93069170E-06
   1.01816913E-05
   1.04077617E-05
   1.06090747E-05
   1.07858086E-05
   1.09381508E-05
   1.10663013E-05
   1.11704776E-05
   1.12509160E-05
   1.13078859E-05
   1.13416991E-05
   1.13527203E-05
   1.13413798E-05
   1.13081878E-05
   1.12537437E-05
   1.11787513E-05
   1.10840338E-05
   1.09705397E-05
   1.08393569E-05
   1.06917169E-05
   1.05289992E-05
   1.03527400E-05
   1.01646256E-05
   9.96649487E-06
   9.76033243E-06
   9.54826191E-06
   9.33252795E-06
   9.11548887E-06
   8.89959574E-06
   8.68737607E-06
   8.48140917E-06
   8.28430166E-06
   8.09866378E-06
   7.92708215E-06
   7.77209152E-06
   7.63614935E-06
   7.52160349E-06
   7.43066903E-06
   7.36539869E-06
   7.32765739E-06
   7.31909859E-06
   7.34114337E-06
   7.39495863E-06
   7.48143975E-06
   7.60119519E-06
   7.75453555E-06
   7.94145762E-06
   8.16164447E-06
   8.41445581E-06
   8.69892847E-06
   9.01377098E-06
   9.35737535E-06
   9.72781254E-06
   1.01228452E-05
   1.05399367E-05
   1.09762568E-05
   1.14287022E-05
   1.18939024E-05
   1.23682375E-05
   1.28478596E-05
   1.33287012E-05
   1.38065052E-05
   1.42768322E-05
   1.47350938E-05
   1.51765626E-05
   1.55964026E-05
   1.59896899E-05
   1.63514378E-05
   1.66766240E-05
   1.69602117E-05
   1.71971842E-05
   1.73825720E-05
   1.75114801E-05
   1.75791210E-05
   1.75808564E-05
   1.75122186E-05
   1.73689514E-05
   1.71470492E-05
   1.68427905E-05
   1.64527828E-05
   1.59739811E-05
   1.54037498E-05
   1.47398850E-05
   1.39806552E-05
   1.31248325E-05
   1.21717267E-05
   1.11212157E-05
   9.97376992E-06
   8.73047702E-06
   7.39305779E-06
   5.96388099E-06
   4.44597345E-06
   2.84302109E-06
   1.15936587E-06
  -6.00001442E-07
  -2.42945839E-06
  -4.32277238E-06
  -6.27313057E-06
  -8.27317308E-06
  -1.03150342E-05
  -1.23903928E-05
  -1.44905207E-05
  -1.66063455E-05
  -1.87285077E-05
  -2.08474376E-05
  -2.29534180E-05
  -2.50366575E-05
  -2.70873697E-05
  -2.90958396E-05
  -3.10525065E-05
  -3.29480463E-05
  -3.47734313E-05
  -3.65199958E-05
  -3.81795144E-05
  -3.97442673E-05
  -4.12070876E-05
  -4.25614162E-05
  -4.38013449E-05
  -4.49216641E-05
  -4.59179028E-05
  -4.67863210E-05
  -4.75239649E-05
  -4.81286661E-05
  -4.85990422E-05
  -4.89344893E-05
  -4.91351821E-05
  -4.92020627E-05
  -4.91368155E-05
  -4.89418380E-05
  -4.86202080E-05
  -4.81756615E-05
  -4.76125315E-05
  -4.69357365E-05
  -4.61507116E-05
  -4.52633758E-05
  -4.42800701E-05
  -4.32075249E-05
  -4.20528013E-05
  -4.08232481E-05
  -3.95264469E-05
  -3.81701684E-05
  -3.67623215E-05
  -3.53109026E-05
  -3.38239661E-05
  -3.23095628E-05
  -3.07757000E-05
  -2.92303102E-05
  -2.76812079E-05
  -2.61360419E-05
  -2.46022755E-05
  -2.30871301E-05
  -2.15975724E-05
  -2.01402672E-05
  -1.87215501E-05
  -1.73474018E-05
  -1.60234140E-05
  -1.47547635E-05
  -1.35461923E-05
  -1.24019798E-05
  -1.13259193E-05
  -1.03213042E-05
  -9.39091024E-06
  -8.53697384E-06
  -7.76119123E-06
  -7.06470428E-06
  -6.44809688E-06
  -5.91139496E-06
  -5.45406874E-06
  -5.07504092E-06
  -4.77269759E-06
  -4.54490282E-06
  -4.38902225E-06
  -4.30194405E-06
  -4.28010844E-06
  -4.31954413E-06
