   0.00000000    
   0.00000000    
   0.00000000    
   0.00000000    
   0.00000000    
   0.00000000    
   0.00000000    
   0.00000000    
   0.00000000    
   0.00000000    
   0.00000000    
   0.00000000    
   0.00000000    
   0.00000000    
   0.00000000    
   0.00000000    
   0.00000000    
   0.00000000    
   0.00000000    
   0.00000000    
   0.00000000    
   0.00000000    
   0.00000000    
   0.00000000    
   0.00000000    
   0.00000000    
   0.00000000    
   0.00000000    
   0.00000000    
   0.00000000    
   0.00000000    
   0.00000000    
   0.00000000    
   0.00000000    
   0.00000000    
   0.00000000    
   0.00000000    
   0.00000000    
   0.00000000    
   0.00000000    
   0.00000000    
   0.00000000    
   0.00000000    
   0.00000000    
   0.00000000    
   0.00000000    
   0.00000000    
   0.00000000    
   0.00000000    
   0.00000000    
   0.00000000    
   0.00000000    
   0.00000000    
   0.00000000    
   0.00000000    
   0.00000000    
   0.00000000    
   0.00000000    
   0.00000000    
   0.00000000    
   0.00000000    
   0.00000000    
   0.00000000    
   0.00000000    
   0.00000000    
   0.00000000    
   0.00000000    
   0.00000000    
   0.00000000    
   0.00000000    
   0.00000000    
   0.00000000    
   0.00000000    
   0.00000000    
  -1.40129846E-45
  -4.20389539E-45
  -1.12103877E-44
  -2.24207754E-44
  -3.78350585E-44
  -5.60519386E-44
  -6.86636248E-44
  -5.74532370E-44
   1.12103877E-44
   1.94780487E-43
   5.70328475E-43
   1.23594525E-42
   2.26870221E-42
   3.65458639E-42
   5.16518614E-42
   6.14189117E-42
   5.21002769E-42
  -5.74532370E-44
  -1.34202354E-41
  -3.99958608E-41
  -8.56641777E-41
  -1.55310113E-40
  -2.49209721E-40
  -3.56773392E-40
  -4.47054848E-40
  -4.56052585E-40
  -2.72193819E-40
   2.76288413E-40
   1.42482206E-39
   3.45489856E-39
   6.63819325E-39
   1.11206205E-38
   1.67229151E-38
   2.26395728E-38
   2.70349122E-38
   2.65697679E-38
   1.59506231E-38
  -1.23217127E-38
  -6.77165264E-38
  -1.60540678E-37
  -2.99392394E-37
  -4.86641944E-37
  -7.11477704E-37
  -9.40390817E-37
  -1.10565812E-36
  -1.09353171E-36
  -7.35514524E-37
   1.91739916E-37
   1.94993825E-36
   4.79590682E-36
   8.90034114E-36
   1.42185900E-35
   2.03090125E-35
   2.61061454E-35
   2.96761068E-35
   2.80116401E-35
   1.69644196E-35
  -8.54028717E-36
  -5.38134656E-35
  -1.23008355E-34
  -2.16792842E-34
  -3.28921112E-34
  -4.41703390E-34
  -5.20687059E-34
  -5.09372054E-34
  -3.25522028E-34
   1.38390973E-34
   1.00690109E-33
   2.40048546E-33
   4.39573908E-33
   6.96036139E-33
   9.85727686E-33
   1.25149946E-32
   1.38671482E-32
   1.21741534E-32
   4.85543084E-33
  -1.16177288E-32
  -4.16900062E-32
  -9.04376277E-32
  -1.62880694E-31
  -2.62704979E-31
  -3.90179042E-31
  -5.39049031E-31
  -6.92228405E-31
  -8.16199989E-31
  -8.54235600E-31
  -7.18848556E-31
  -2.84358572E-31
   6.18913715E-31
   2.20647060E-30
   4.73411034E-30
   8.48052180E-30
   1.37122872E-29
   2.06244513E-29
   2.92491823E-29
   3.93249466E-29
   5.01199374E-29
   6.02063094E-29
   6.71872518E-29
   6.73875184E-29
   5.55301455E-29
   2.44395108E-29
  -3.51679623E-29
  -1.34717223E-28
  -2.87513896E-28
  -5.08038412E-28
  -8.10612551E-28
  -1.20722874E-27
  -1.70432089E-27
  -2.29825688E-27
  -2.96937317E-27
  -3.67445324E-27
  -4.33767803E-27
  -4.84030106E-27
  -5.00957066E-27
  -4.60782398E-27
  -3.32314667E-27
  -7.63577682E-28
   3.54252781E-27
   1.01366423E-26
   1.96067526E-26
   3.25459851E-26
   4.94882891E-26
   7.08161790E-26
   9.66361388E-26
   1.26618609E-25
   1.59801464E-25
   1.94359883E-25
   2.27349590E-25
   2.54437988E-25
   2.69645107E-25
   2.65127128E-25
   2.31046340E-25
   1.55584744E-25
   2.51718843E-26
  -1.74990204E-25
  -4.60010728E-25
  -8.43901999E-25
  -1.33758082E-24
  -1.94618927E-24
  -2.66567381E-24
  -3.47860089E-24
  -4.34926391E-24
  -5.21822220E-24
  -5.99656680E-24
  -6.56036214E-24
  -6.74594876E-24
  -6.34706006E-24
  -5.11502302E-24
  -2.76369904E-24
   1.01878911E-24
   6.54902936E-24
   1.41150519E-23
   2.39274087E-23
   3.60508929E-23
   5.03128543E-23
   6.61841362E-23
   8.26288253E-23
   9.79197138E-23
   1.09417810E-22
   1.13315956E-22
   1.04350161E-22
   7.54862957E-23
   1.75958864E-23
  -8.08568607E-23
  -2.34084414E-22
  -4.59155468E-22
  -7.76021077E-22
  -1.20730312E-21
  -1.77773332E-21
  -2.51309930E-21
  -3.43851832E-21
  -4.57581290E-21
  -5.93970569E-21
  -7.53251103E-21
  -9.33690779E-21
  -1.13063408E-20
  -1.33525021E-20
  -1.53292998E-20
  -1.70126334E-20
  -1.80752842E-20
  -1.80562170E-20
  -1.63236161E-20
  -1.20310908E-20
  -4.06675311E-21
   9.00484244E-21
   2.90072821E-20
   5.82219863E-20
   9.94605264E-20
   1.56135368E-19
   2.32322826E-19
   3.32809269E-19
   4.63108181E-19
   6.29430628E-19
   8.38586761E-19
   1.09778851E-18
   1.41431538E-18
   1.79499537E-18
   2.24544050E-18
   2.76896353E-18
   3.36508674E-18
   4.02753785E-18
   4.74160731E-18
   5.48072338E-18
   6.20209022E-18
   6.84120387E-18
   7.30506360E-18
   7.46388559E-18
   7.14112716E-18
   6.10166966E-18
   4.03802485E-18
   5.54528544E-19
  -4.85040761E-18
  -1.28037633E-17
  -2.40786254E-17
  -3.96153736E-17
  -6.05421894E-17
  -8.81931168E-17
  -1.24121349E-16
  -1.70104558E-16
  -2.28137842E-16
  -3.00409049E-16
  -3.89249226E-16
  -4.97049839E-16
  -6.26135490E-16
  -7.78579344E-16
  -9.55945926E-16
  -1.15894224E-15
  -1.38695589E-15
  -1.63745582E-15
  -1.90522909E-15
  -2.18142091E-15
  -2.45234609E-15
  -2.69804219E-15
  -2.89052132E-15
  -2.99169644E-15
  -2.95095013E-15
  -2.70232542E-15
  -2.16132950E-15
  -1.22136264E-15
   2.50195427E-16
   2.41617503E-15
   5.47396779E-15
   9.65987290E-15
   1.52531982E-14
   2.25797774E-14
   3.20144945E-14
   4.39821926E-14
   5.89563392E-14
   7.74543868E-14
   1.00028892E-13
   1.27252877E-13
   1.59697898E-13
   1.97902878E-13
   2.42331329E-13
   2.93314608E-13
   3.50977927E-13
   4.15145945E-13
   4.85224437E-13
   5.60053902E-13
   6.37730157E-13
   7.15389119E-13
   7.88950285E-13
   8.52814184E-13
   8.99511422E-13
   9.19299142E-13
   8.99703489E-13
   8.25007705E-13
   6.75688238E-13
   4.27803246E-13
   5.23440679E-14
  -4.85438187E-13
  -1.22670949E-12
  -2.21970532E-12
  -3.52032184E-12
  -5.19260069E-12
  -7.30903966E-12
  -9.95066442E-12
  -1.32067586E-11
  -1.71741475E-11
  -2.19558972E-11
  -2.76592759E-11
  -3.43927942E-11
  -4.22620966E-11
  -5.13644960E-11
  -6.17818158E-11
  -7.35713226E-11
  -8.67543259E-11
  -1.01302113E-10
  -1.17118815E-10
  -1.34020892E-10
  -1.51712462E-10
  -1.69756584E-10
  -1.87541468E-10
  -2.04241721E-10
  -2.18773735E-10
  -2.29745487E-10
  -2.35400061E-10
  -2.33553038E-10
  -2.21523688E-10
  -1.96060654E-10
  -1.53262125E-10
  -8.84920540E-11
   3.70682391E-12
   1.29700972E-10
   2.96852570E-10
   5.13602050E-10
   7.89542265E-10
   1.13547938E-09
   1.56347535E-09
   2.08686490E-09
   2.72023981E-09
   3.47938589E-09
   4.38117231E-09
   5.44336887E-09
   6.68438149E-09
   8.12289525E-09
   9.77739578E-09
   1.16655610E-08
   1.38034828E-08
   1.62047158E-08
   1.88791098E-08
   2.18314149E-08
   2.50595953E-08
   2.85528632E-08
   3.22893605E-08
   3.62334767E-08
   4.03327576E-08
   4.45143726E-08
   4.86810805E-08
   5.27067208E-08
   5.64310874E-08
   5.96542833E-08
   6.21304181E-08
   6.35607122E-08
   6.35858370E-08
   6.17777616E-08
   5.76307109E-08
   5.05516446E-08
   3.98499438E-08
   2.47265390E-08
   4.26241753E-09
  -2.25933849E-08
  -5.70362992E-08
  -1.00419037E-07
  -1.54264711E-07
  -2.20280086E-07
  -3.00368839E-07
  -3.96644566E-07
  -5.11443375E-07
  -6.47335980E-07
  -8.07138804E-07
  -9.93924345E-07
  -1.21102914E-06
  -1.46206173E-06
  -1.75090690E-06
  -2.08172855E-06
  -2.45896922E-06
  -2.88734736E-06
  -3.37185020E-06
  -3.91772346E-06
  -4.53045777E-06
  -5.21576840E-06
  -5.97957069E-06
  -6.82795462E-06
  -7.76714478E-06
  -8.80346579E-06
  -9.94329548E-06
  -1.11930094E-05
  -1.25589304E-05
  -1.40472566E-05
  -1.56639999E-05
  -1.74149063E-05
  -1.93053784E-05
  -2.13403910E-05
  -2.35243951E-05
  -2.58612308E-05
  -2.83540285E-05
  -3.10051109E-05
  -3.38159007E-05
  -3.67868015E-05
  -3.99171004E-05
  -4.32048910E-05
  -4.66469501E-05
  -5.02386756E-05
  -5.39739776E-05
  -5.78452018E-05
  -6.18430931E-05
  -6.59566940E-05
  -7.01733516E-05
  -7.44786375E-05
  -7.88563411E-05
  -8.32884907E-05
  -8.77553612E-05
  -9.22355030E-05
  -9.67058004E-05
  -1.01141566E-04
  -1.05516614E-04
  -1.09803390E-04
  -1.13973096E-04
  -1.17995893E-04
  -1.21841047E-04
  -1.25477149E-04
  -1.28872314E-04
  -1.31994428E-04
  -1.34811460E-04
  -1.37291659E-04
  -1.39403870E-04
  -1.41117853E-04
  -1.42404519E-04
  -1.43236262E-04
  -1.43587284E-04
  -1.43433892E-04
  -1.42754798E-04
  -1.41531360E-04
  -1.39747921E-04
  -1.37392024E-04
  -1.34454691E-04
  -1.30930566E-04
  -1.26818180E-04
  -1.22120095E-04
  -1.16842966E-04
  -1.10997695E-04
  -1.04599472E-04
  -9.76677547E-05
  -9.02263200E-05
  -8.23030932E-05
  -7.39301177E-05
  -6.51433656E-05
  -5.59825821E-05
  -4.64910117E-05
  -3.67151551E-05
  -2.67044452E-05
  -1.65109232E-05
  -6.18885633E-06
   4.20565311E-06
   1.46150978E-05
   2.49810037E-05
   3.52443822E-05
   4.53461980E-05
   5.52278507E-05
   6.48316272E-05
   7.41012045E-05
   8.29820419E-05
   9.14219272E-05
   9.93713111E-05
   1.06783773E-04
   1.13616341E-04
   1.19829885E-04
   1.25389430E-04
   1.30264365E-04
   1.34428788E-04
   1.37861614E-04
   1.40546719E-04
   1.42473102E-04
   1.43634927E-04
   1.44031510E-04
   1.43667305E-04
   1.42551886E-04
   1.40699762E-04
   1.38130272E-04
   1.34867369E-04
   1.30939399E-04
   1.26378858E-04
   1.21222125E-04
   1.15509065E-04
   1.09282824E-04
   1.02589365E-04
   9.54771676E-05
   8.79968429E-05
   8.02007271E-05
   7.21424949E-05
   6.38767888E-05
   5.54588114E-05
   4.69439510E-05
   3.83873994E-05
   2.98437772E-05
   2.13668063E-05
   1.30089384E-05
   4.82104997E-06
  -3.14787098E-06
  -1.08510076E-05
  -1.82439817E-05
  -2.52851023E-05
  -3.19355750E-05
  -3.81597274E-05
  -4.39251526E-05
  -4.92028848E-05
  -5.39675129E-05
  -5.81972963E-05
  -6.18742270E-05
  -6.49841022E-05
  -6.75165429E-05
  -6.94649862E-05
  -7.08267034E-05
  -7.16027207E-05
  -7.17977746E-05
  -7.14202033E-05
  -7.04818449E-05
  -6.89979133E-05
  -6.69868314E-05
  -6.44700413E-05
  -6.14718520E-05
  -5.80191772E-05
  -5.41413392E-05
  -4.98698173E-05
  -4.52379863E-05
  -4.02808582E-05
  -3.50347982E-05
  -2.95372429E-05
  -2.38264111E-05
  -1.79410144E-05
  -1.19199603E-05
  -5.80206961E-06
   3.74213158E-07
   6.57109467E-06
   1.27517051E-05
   1.88803497E-05
   2.49227487E-05
   3.08462731E-05
   3.66201530E-05
   4.22156409E-05
   4.76062160E-05
   5.27677003E-05
   5.76783896E-05
   6.23191518E-05
   6.66734995E-05
   7.07276486E-05
   7.44704957E-05
   7.78936592E-05
   8.09914636E-05
   8.37608823E-05
   8.62014203E-05
   8.83150933E-05
   9.01062667E-05
   9.15815763E-05
   9.27497604E-05
   9.36215001E-05
   9.42092593E-05
   9.45271313E-05
   9.45905995E-05
   9.44164058E-05
   9.40223326E-05
   9.34269920E-05
   9.26496432E-05
   9.17100042E-05
   9.06280402E-05
   8.94237892E-05
   8.81171873E-05
   8.67278868E-05
   8.52750891E-05
   8.37774060E-05
   8.22526927E-05
   8.07179604E-05
   7.91892016E-05
   7.76813322E-05
   7.62081108E-05
   7.47820231E-05
   7.34142450E-05
   7.21146280E-05
   7.08916268E-05
   6.97523137E-05
   6.87023858E-05
   6.77461867E-05
   6.68867142E-05
   6.61256854E-05
   6.54636242E-05
   6.48998757E-05
   6.44327301E-05
   6.40595026E-05
   6.37766279E-05
   6.35797551E-05
   6.34639000E-05
   6.34234893E-05
   6.34525568E-05
   6.35448159E-05
   6.36937330E-05
   6.38926940E-05
   6.41350925E-05
   6.44144384E-05
   6.47244233E-05
   6.50590082E-05
   6.54125106E-05
   6.57796554E-05
   6.61556551E-05
   6.65362095E-05
   6.69175643E-05
   6.72965107E-05
   6.76704003E-05
   6.80371595E-05
   6.83952458E-05
   6.87436623E-05
   6.90819070E-05
   6.94099144E-05
   6.97280702E-05
   7.00371093E-05
   7.03380720E-05
   7.06322899E-05
   7.09212691E-05
   7.12066758E-05
   7.14902490E-05
   7.17737712E-05
   7.20589669E-05
   7.23474950E-05
   7.26408616E-05
   7.29403837E-05
   7.32471308E-05
   7.35618887E-05
   7.38851304E-05
   7.42169505E-05
   7.45570651E-05
   7.49047322E-05
   7.52587657E-05
   7.56175214E-05
   7.59788163E-05
   7.63399948E-05
   7.66978410E-05
   7.70486295E-05
   7.73880602E-05
   7.77113310E-05
   7.80130722E-05
   7.82874122E-05
   7.85279408E-05
   7.87277677E-05
   7.88795151E-05
   7.89753904E-05
   7.90071790E-05
   7.89662954E-05
   7.88438556E-05
   7.86307064E-05
   7.83175055E-05
   7.78947360E-05
   7.73528736E-05
   7.66823723E-05
   7.58738170E-05
   7.49179017E-05
   7.38056406E-05
   7.25283899E-05
   7.10779495E-05
   6.94466871E-05
   6.76275886E-05
   6.56143748E-05
   6.34015960E-05
   6.09846829E-05
   5.83601031E-05
   5.55253646E-05
   5.24791394E-05
   4.92212966E-05
   4.57529968E-05
   4.20767283E-05
   3.81963473E-05
   3.41171290E-05
   2.98457853E-05
   2.53904818E-05
   2.07608591E-05
   1.59680203E-05
   1.10245346E-05
   5.94439643E-06
   7.43009593E-07
  -4.56285670E-06
  -9.95511618E-06
  -1.54144345E-05
  -2.09202917E-05
  -2.64510654E-05
  -3.19841165E-05
  -3.74959054E-05
  -4.29620559E-05
  -4.83575095E-05
  -5.36566331E-05
  -5.88333387E-05
  -6.38612401E-05
  -6.87137726E-05
  -7.33643392E-05
  -7.77864625E-05
  -8.19539709E-05
  -8.58410640E-05
  -8.94225741E-05
  -9.26740686E-05
  -9.55719734E-05
  -9.80938348E-05
  -1.00218334E-04
  -1.01925551E-04
  -1.03197061E-04
  -1.04016050E-04
  -1.04367507E-04
  -1.04238301E-04
  -1.03617320E-04
  -1.02495578E-04
  -1.00866288E-04
  -9.87250096E-05
  -9.60696634E-05
  -9.29006128E-05
  -8.92207026E-05
  -8.50353390E-05
  -8.03524672E-05
  -7.51826010E-05
  -6.95387862E-05
  -6.34366079E-05
  -5.68941396E-05
  -4.99318921E-05
  -4.25727303E-05
  -3.48417852E-05
  -2.67663781E-05
  -1.83758566E-05
  -9.70150268E-06
  -7.76358149E-07
   8.36493200E-06
   1.76863050E-05
   2.71504523E-05
   3.67190369E-05
   4.63528995E-05
   5.60122753E-05
   6.56570337E-05
   7.52468841E-05
   8.47416522E-05
   9.41014659E-05
   1.03287079E-04
   1.12260008E-04
   1.20982862E-04
   1.29419510E-04
   1.37535317E-04
   1.45297396E-04
   1.52674780E-04
   1.59638628E-04
   1.66162426E-04
   1.72222091E-04
   1.77796202E-04
   1.82866119E-04
   1.87416037E-04
   1.91433166E-04
   1.94907800E-04
   1.97833331E-04
   2.00206327E-04
   2.02026553E-04
   2.03296921E-04
   2.04023556E-04
   2.04215685E-04
   2.03885618E-04
   2.03048650E-04
   2.01722985E-04
   1.99929593E-04
   1.97692047E-04
   1.95036453E-04
   1.91991232E-04
   1.88586870E-04
   1.84855860E-04
   1.80832358E-04
   1.76551999E-04
   1.72051645E-04
   1.67369144E-04
   1.62543045E-04
   1.57612361E-04
   1.52616252E-04
   1.47593732E-04
   1.42583420E-04
   1.37623196E-04
   1.32749963E-04
   1.27999345E-04
   1.23405422E-04
   1.19000411E-04
   1.14814495E-04
   1.10875466E-04
   1.07208587E-04
   1.03836297E-04
   1.00778103E-04
   9.80503319E-05
   9.56660297E-05
   9.36348224E-05
   9.19628146E-05
   9.06525383E-05
   8.97029240E-05
   8.91092568E-05
   8.88632276E-05
   8.89530420E-05
   8.93634278E-05
   9.00758241E-05
   9.10685048E-05
   9.23167827E-05
   9.37931763E-05
   9.54677380E-05
   9.73082570E-05
   9.92805726E-05
   1.01348858E-04
   1.03475992E-04
   1.05623847E-04
   1.07753687E-04
   1.09826506E-04
   1.11803376E-04
   1.13645867E-04
   1.15316361E-04
   1.16778428E-04
   1.17997159E-04
   1.18939519E-04
   1.19574652E-04
   1.19874203E-04
   1.19812583E-04
   1.19367221E-04
   1.18518794E-04
   1.17251431E-04
   1.15552895E-04
   1.13414681E-04
   1.10832167E-04
   1.07804655E-04
   1.04335399E-04
   1.00431636E-04
   9.61045153E-05
   9.13690528E-05
   8.62440211E-05
   8.07517936E-05
   7.49182072E-05
   6.87723368E-05
   6.23462620E-05
   5.56748419E-05
   4.87953985E-05
   4.17474548E-05
   3.45723747E-05
   2.73130427E-05
   2.00135109E-05
   1.27186458E-05
   5.47374248E-06
  -1.67584642E-06
  -8.68507595E-06
  -1.55095968E-05
  -2.21061164E-05
  -2.84327707E-05
  -3.44494620E-05
  -4.01182078E-05
  -4.54034562E-05
  -5.02723706E-05
  -5.46951560E-05
  -5.86452443E-05
  -6.20995925E-05
  -6.50388392E-05
  -6.74475086E-05
  -6.93140828E-05
  -7.06311985E-05
  -7.13956542E-05
  -7.16084614E-05
  -7.12748588E-05
  -7.04042759E-05
  -6.90102606E-05
  -6.71103771E-05
  -6.47260749E-05
  -6.18825143E-05
  -5.86083625E-05
  -5.49355864E-05
  -5.08991725E-05
  -4.65368430E-05
  -4.18887867E-05
  -3.69972950E-05
  -3.19064238E-05
  -2.66616571E-05
  -2.13095173E-05
  -1.58971943E-05
  -1.04721667E-05
  -5.08180938E-06
   2.26985577E-07
   5.40819110E-06
   1.04170131E-05
   1.52102457E-05
   1.97466270E-05
   2.39871497E-05
   2.78953739E-05
   3.14377176E-05
   3.45836816E-05
   3.73061048E-05
   3.95813513E-05
   4.13894741E-05
   4.27143241E-05
   4.35436632E-05
   4.38692077E-05
   4.36866503E-05
   4.29956526E-05
   4.17997653E-05
   4.01063662E-05
   3.79265148E-05
   3.52747993E-05
   3.21691550E-05
   2.86306495E-05
   2.46832114E-05
   2.03533873E-05
   1.56700444E-05
   1.06640691E-05
   5.36803691E-06
  -1.84106767E-07
  -5.95738084E-06
  -1.19161159E-05
  -1.80242751E-05
  -2.42457991E-05
  -3.05449175E-05
  -3.68864457E-05
  -4.32361012E-05
  -4.95607565E-05
  -5.58286993E-05
  -6.20098581E-05
  -6.80760058E-05
  -7.40009200E-05
  -7.97605462E-05
  -8.53331076E-05
  -9.06991845E-05
  -9.58417804E-05
  -1.00746351E-04
  -1.05400817E-04
  -1.09795481E-04
  -1.13923030E-04
  -1.17778451E-04
  -1.21358906E-04
  -1.24663653E-04
  -1.27693856E-04
  -1.30452492E-04
  -1.32944144E-04
  -1.35174880E-04
  -1.37151990E-04
  -1.38883872E-04
  -1.40379838E-04
  -1.41649944E-04
  -1.42704783E-04
  -1.43555299E-04
  -1.44212638E-04
  -1.44688078E-04
  -1.44992693E-04
  -1.45137383E-04
  -1.45132726E-04
  -1.44988793E-04
  -1.44715115E-04
  -1.44320613E-04
  -1.43813537E-04
  -1.43201367E-04
  -1.42490855E-04
  -1.41687968E-04
  -1.40797856E-04
  -1.39824959E-04
  -1.38772913E-04
  -1.37644645E-04
  -1.36442381E-04
  -1.35167749E-04
  -1.33821799E-04
  -1.32405054E-04
  -1.30917673E-04
  -1.29359410E-04
  -1.27729742E-04
  -1.26027968E-04
  -1.24253274E-04
  -1.22404803E-04
  -1.20481731E-04
  -1.18483375E-04
  -1.16409210E-04
  -1.14258946E-04
  -1.12032656E-04
  -1.09730747E-04
  -1.07354055E-04
  -1.04903862E-04
  -1.02381964E-04
  -9.97906391E-05
  -9.71327172E-05
  -9.44115818E-05
  -9.16311765E-05
  -8.87959104E-05
  -8.59107895E-05
  -8.29812634E-05
  -8.00132693E-05
  -7.70131737E-05
  -7.39877214E-05
  -7.09439773E-05
  -6.78892829E-05
  -6.48311761E-05
  -6.17773403E-05
  -5.87355389E-05
  -5.57135245E-05
  -5.27189623E-05
  -4.97593792E-05
  -4.68420731E-05
  -4.39740506E-05
  -4.11619549E-05
  -3.84120031E-05
  -3.57299323E-05
  -3.31209521E-05
  -3.05896865E-05
  -2.81401517E-05
  -2.57757292E-05
  -2.34991439E-05
  -2.13124677E-05
  -1.92171156E-05
  -1.72138716E-05
  -1.53029014E-05
  -1.34838037E-05
  -1.17556510E-05
  -1.01170435E-05
  -8.56617680E-06
  -7.10091308E-06
  -5.71885403E-06
  -4.41742350E-06
  -3.19394849E-06
  -2.04574462E-06
  -9.70196197E-07
   3.51653249E-08
   9.72586690E-07
   1.84402745E-06
   2.65109952E-06
   3.39501958E-06
   4.07656944E-06
   4.69607312E-06
   5.25337873E-06
   5.74786236E-06
   6.17843807E-06
   6.54358655E-06
   6.84139377E-06
   7.06960009E-06
   7.22566620E-06
   7.30684087E-06
   7.31024420E-06
   7.23295443E-06
   7.07210029E-06
   6.82495875E-06
   6.48904552E-06
   6.06221511E-06
   5.54275039E-06
   4.92944901E-06
   4.22170478E-06
   3.41957434E-06
   2.52383666E-06
   1.53604151E-06
   4.58541621E-07
  -7.05489526E-07
  -1.95205348E-06
  -3.27634098E-06
  -4.67275504E-06
  -6.13495831E-06
  -7.65592722E-06
  -9.22802428E-06
  -1.08430741E-05
  -1.24924663E-05
  -1.41672435E-05
  -1.58582170E-05
  -1.75560763E-05
  -1.92515017E-05
  -2.09352747E-05
  -2.25983931E-05
  -2.42321730E-05
  -2.58283580E-05
  -2.73792011E-05
  -2.88775427E-05
  -3.03168981E-05
  -3.16914920E-05
  -3.29963223E-05
  -3.42271778E-05
  -3.53806463E-05
  -3.64541156E-05
  -3.74457741E-05
  -3.83545594E-05
  -3.91801259E-05
  -3.99227829E-05
  -4.05834180E-05
  -4.11634610E-05
  -4.16647454E-05
  -4.20894576E-05
  -4.24400314E-05
  -4.27190571E-05
  -4.29291867E-05
  -4.30730470E-05
  -4.31531626E-05
  -4.31718690E-05
  -4.31312401E-05
  -4.30330620E-05
  -4.28787389E-05
  -4.26693077E-05
  -4.24053760E-05
  -4.20871365E-05
  -4.17143856E-05
  -4.12865011E-05
  -4.08025153E-05
  -4.02611331E-05
  -3.96607938E-05
  -3.89997404E-05
  -3.82760845E-05
  -3.74878909E-05
  -3.66332533E-05
  -3.57103854E-05
  -3.47177192E-05
  -3.36539742E-05
  -3.25182664E-05
  -3.13101700E-05
  -3.00297961E-05
  -2.86778777E-05
  -2.72558063E-05
  -2.57656884E-05
  -2.42103852E-05
  -2.25935382E-05
  -2.09195714E-05
  -1.91936961E-05
  -1.74218931E-05
  -1.56108836E-05
  -1.37680936E-05
  -1.19015913E-05
  -1.00200268E-05
  -8.13256156E-06
  -6.24877839E-06
  -4.37859762E-06
  -2.53217809E-06
  -7.19817990E-07
   1.04814649E-06
   2.76144510E-06
   4.40997519E-06
   5.98390261E-06
   7.47375680E-06
   8.87052283E-06
   1.01657233E-05
   1.13514998E-05
   1.24206790E-05
   1.33668345E-05
   1.41843357E-05
   1.48683948E-05
   1.54150912E-05
   1.58213988E-05
   1.60851978E-05
   1.62052729E-05
   1.61813168E-05
   1.60139152E-05
   1.57045288E-05
   1.52554630E-05
   1.46698394E-05
   1.39515651E-05
   1.31052902E-05
   1.21363628E-05
   1.10507963E-05
   9.85521274E-06
   8.55680537E-06
   7.16328987E-06
   5.68285759E-06
   4.12413374E-06
   2.49612640E-06
   8.08185916E-07
  -9.30041551E-07
  -2.70865985E-06
  -4.51756705E-06
  -6.34649996E-06
  -8.18508579E-06
  -1.00228826E-05
  -1.18494363E-05
  -1.36543276E-05
  -1.54272275E-05
  -1.71579559E-05
  -1.88365411E-05
  -2.04532698E-05
  -2.19987724E-05
  -2.34640665E-05
  -2.48406432E-05
  -2.61205241E-05
  -2.72963352E-05
  -2.83613754E-05
  -2.93096855E-05
  -3.01361051E-05
  -3.08363487E-05
  -3.14070421E-05
  -3.18457896E-05
  -3.21512125E-05
  -3.23229688E-05
  -3.23617933E-05
  -3.22695087E-05
  -3.20490180E-05
  -3.17042904E-05
  -3.12403645E-05
  -3.06632646E-05
  -2.99799995E-05
  -2.91984543E-05
  -2.83273439E-05
  -2.73761143E-05
  -2.63548354E-05
  -2.52741065E-05
  -2.41449343E-05
  -2.29786019E-05
  -2.17865509E-05
  -2.05802353E-05
  -1.93710057E-05
  -1.81699743E-05
  -1.69878749E-05
  -1.58349576E-05
  -1.47208757E-05
  -1.36545686E-05
  -1.26441819E-05
  -1.16969886E-05
  -1.08193217E-05
  -1.00165335E-05
  -9.29295675E-06
  -8.65189577E-06
  -8.09563153E-06
  -7.62543777E-06
  -7.24161919E-06
  -6.94355958E-06
  -6.72978786E-06
  -6.59805437E-06
  -6.54541691E-06
  -6.56833436E-06
  -6.66276856E-06
  -6.82428572E-06
  -7.04816057E-06
  -7.32948502E-06
  -7.66326139E-06
  -8.04450519E-06
  -8.46831608E-06
  -8.92997286E-06
  -9.42498900E-06
  -9.94916354E-06
  -1.04986266E-05
  -1.10698611E-05
  -1.16597148E-05
  -1.22653973E-05
  -1.28844613E-05
  -1.35147702E-05
  -1.41544597E-05
  -1.48018862E-05
  -1.54555601E-05
  -1.61140797E-05
  -1.67760663E-05
  -1.74400793E-05
  -1.81045434E-05
  -1.87676833E-05
  -1.94274453E-05
  -2.00814520E-05
  -2.07269404E-05
  -2.13607218E-05
  -2.19791618E-05
  -2.25781550E-05
  -2.31531358E-05
  -2.36990818E-05
  -2.42105561E-05
  -2.46817526E-05
  -2.51065485E-05
  -2.54785828E-05
  -2.57913489E-05
  -2.60382840E-05
  -2.62128815E-05
  -2.63088004E-05
  -2.63199872E-05
  -2.62407921E-05
  -2.60660872E-05
  -2.57913835E-05
  -2.54129354E-05
  -2.49278437E-05
  -2.43341365E-05
  -2.36308479E-05
  -2.28180852E-05
  -2.18970526E-05
  -2.08700894E-05
  -1.97406680E-05
  -1.85133795E-05
  -1.71939082E-05
  -1.57889572E-05
  -1.43062034E-05
  -1.27541898E-05
  -1.11422323E-05
  -9.48029447E-06
  -7.77886453E-06
  -6.04881916E-06
  -4.30127602E-06
  -2.54744941E-06
  -7.98503947E-07
   9.34590446E-07
   2.64119853E-06
   4.31114995E-06
   5.93486129E-06
   7.50344589E-06
   9.00880514E-06
   1.04437122E-05
   1.18018670E-05
   1.30779445E-05
   1.42676163E-05
   1.53675574E-05
   1.63754448E-05
   1.72899108E-05
   1.81105133E-05
   1.88376689E-05
   1.94725817E-05
   2.00171744E-05
   2.04739808E-05
   2.08460533E-05
   2.11368697E-05
   2.13502171E-05
   2.14901083E-05
   2.15606651E-05
   2.15660348E-05
   2.15103082E-05
   2.13974363E-05
   2.12311625E-05
   2.10149701E-05
   2.07520370E-05
   2.04452044E-05
   2.00969662E-05
   1.97094523E-05
   1.92844418E-05
   1.88233753E-05
   1.83273878E-05
   1.77973488E-05
   1.72338914E-05
   1.66374757E-05
   1.60084419E-05
   1.53470610E-05
   1.46535949E-05
   1.39283529E-05
   1.31717406E-05
   1.23843165E-05
   1.15668272E-05
   1.07202504E-05
   9.84582675E-06
   8.94507502E-06
   8.01980877E-06
   7.07214485E-06
   6.10449524E-06
   5.11955750E-06
   4.12029794E-06
   3.10992300E-06
   2.09184964E-06
   1.06966888E-06
   4.71044714E-08
  -9.72027806E-07
  -1.98386670E-06
  -2.98454779E-06
  -3.97024678E-06
  -4.93722337E-06
  -5.88185867E-06
  -6.80068888E-06
  -7.69043436E-06
  -8.54803329E-06
  -9.37065397E-06
  -1.01557125E-05
  -1.09008834E-05
  -1.16041047E-05
  -1.22635747E-05
  -1.28777510E-05
  -1.34453358E-05
  -1.39652675E-05
  -1.44367059E-05
  -1.48590116E-05
  -1.52317325E-05
  -1.55545767E-05
  -1.58273979E-05
  -1.60501804E-05
  -1.62230153E-05
  -1.63460900E-05
  -1.64196681E-05
  -1.64440826E-05
  -1.64197372E-05
  -1.63470813E-05
  -1.62266206E-05
  -1.60589116E-05
  -1.58445673E-05
  -1.55842608E-05
  -1.52787234E-05
  -1.49287571E-05
  -1.45352415E-05
  -1.40991388E-05
  -1.36215076E-05
  -1.31035040E-05
  -1.25463866E-05
  -1.19515280E-05
  -1.13204123E-05
  -1.06546413E-05
  -9.95593018E-06
  -9.22611071E-06
  -8.46712283E-06
  -7.68101472E-06
  -6.86993371E-06
  -6.03611625E-06
  -5.18188381E-06
  -4.30962973E-06
  -3.42181056E-06
  -2.52093673E-06
  -1.60956301E-06
  -6.90278682E-07
   2.34299165E-07
   1.16153353E-06
   2.08877236E-06
   3.01335149E-06
   3.93260007E-06
   4.84383690E-06
   5.74437399E-06
   6.63151104E-06
   7.50253457E-06
   8.35471292E-06
   9.18529258E-06
   9.99148961E-06
   1.07704918E-05
   1.15194534E-05
   1.22354895E-05
   1.29156815E-05
   1.35570763E-05
   1.41566934E-05
   1.47115315E-05
   1.52185812E-05
   1.56748392E-05
   1.60773343E-05
   1.64231351E-05
   1.67093895E-05
   1.69333489E-05
   1.70924013E-05
   1.71841057E-05
   1.72062319E-05
   1.71567863E-05
   1.70340663E-05
   1.68366896E-05
   1.65636302E-05
   1.62142551E-05
   1.57883569E-05
   1.52861758E-05
   1.47084356E-05
   1.40563470E-05
   1.33316280E-05
   1.25365104E-05
   1.16737365E-05
   1.07465539E-05
   9.75869625E-06
   8.71436714E-06
   7.61820684E-06
   6.47525940E-06
   5.29093313E-06
   4.07095013E-06
   2.82129940E-06
   1.54818235E-06
   2.57955378E-07
  -1.04292803E-06
  -2.34797631E-06
  -3.65071696E-06
  -4.94475262E-06
  -6.22381640E-06
  -7.48182129E-06
  -8.71290376E-06
  -9.91146499E-06
  -1.10722103E-05
  -1.21901739E-05
  -1.32607420E-05
  -1.42796716E-05
  -1.52430994E-05
  -1.61475527E-05
  -1.69899413E-05
  -1.77675520E-05
  -1.84780529E-05
  -1.91194522E-05
  -1.96901146E-05
  -2.01887251E-05
  -2.06142740E-05
  -2.09660466E-05
  -2.12435880E-05
  -2.14467054E-05
  -2.15754426E-05
  -2.16300741E-05
  -2.16110911E-05
  -2.15191976E-05
  -2.13553030E-05
  -2.11205388E-05
  -2.08162364E-05
  -2.04439511E-05
  -2.00054637E-05
  -1.95027878E-05
  -1.89381790E-05
  -1.83141401E-05
  -1.76334324E-05
  -1.68990809E-05
  -1.61143780E-05
  -1.52828870E-05
  -1.44084333E-05
  -1.34951024E-05
  -1.25472179E-05
  -1.15693347E-05
  -1.05662120E-05
  -9.54278494E-06
  -8.50413471E-06
  -7.45544730E-06
  -6.40197459E-06
  -5.34898800E-06
  -4.30173077E-06
  -3.26536679E-06
  -2.24493124E-06
  -1.24527685E-06
  -2.71025442E-07
   6.73480258E-07
   1.58422245E-06
   2.45754950E-06
   3.29021123E-06
   4.07939069E-06
   4.82272753E-06
   5.51833682E-06
   6.16481839E-06
   6.76126137E-06
   7.30724059E-06
   7.80280971E-06
   8.24847666E-06
   8.64519006E-06
   8.99430961E-06
   9.29756425E-06
   9.55702944E-06
   9.77507989E-06
   9.95434857E-06
   1.00976858E-05
   1.02081140E-05
   1.02887861E-05
   1.03429475E-05
   1.03738867E-05
   1.03849115E-05
   1.03793054E-05
   1.03603006E-05
   1.03310567E-05
   1.02946351E-05
   1.02539807E-05
   1.02119120E-05
   1.01711130E-05
   1.01341211E-05
   1.01033365E-05
   1.00810084E-05
   1.00692514E-05
   1.00700399E-05
   1.00852176E-05
   1.01165006E-05
   1.01654841E-05
   1.02336462E-05
   1.03223465E-05
   1.04328346E-05
   1.05662366E-05
   1.07235674E-05
   1.09057110E-05
   1.11134168E-05
   1.13472934E-05
   1.16077890E-05
   1.18951784E-05
   1.22095544E-05
   1.25508004E-05
   1.29185782E-05
   1.33123112E-05
   1.37311645E-05
   1.41740320E-05
   1.46395278E-05
   1.51259601E-05
   1.56313436E-05
   1.61533717E-05
   1.66894351E-05
   1.72366199E-05
   1.77917118E-05
   1.83512111E-05
   1.89113471E-05
   1.94681015E-05
   2.00172417E-05
   2.05543365E-05
   2.10747985E-05
   2.15739201E-05
   2.20469101E-05
   2.24889391E-05
   2.28951831E-05
   2.32608509E-05
   2.35812568E-05
   2.38518387E-05
   2.40682075E-05
   2.42261867E-05
   2.43218565E-05
   2.43515715E-05
   2.43120085E-05
   2.42001825E-05
   2.40134686E-05
   2.37496351E-05
   2.34068411E-05
   2.29836569E-05
   2.24790620E-05
   2.18924561E-05
   2.12236500E-05
   2.04728713E-05
   1.96407491E-05
   1.87283058E-05
   1.77369475E-05
   1.66684549E-05
   1.55249672E-05
   1.43089665E-05
   1.30232702E-05
   1.16710153E-05
   1.02556442E-05
   8.78089668E-06
   7.25079644E-06
   5.66963990E-06
   4.04198818E-06
   2.37265704E-06
   6.66706228E-07
  -1.07056724E-06
  -2.83364056E-06
  -4.61677610E-06
  -6.41402812E-06
  -8.21926278E-06
  -1.00261677E-05
  -1.18282705E-05
  -1.36189574E-05
  -1.53914916E-05
  -1.71390457E-05
  -1.88547183E-05
  -2.05315719E-05
  -2.21626615E-05
  -2.37410677E-05
  -2.52599402E-05
  -2.67125324E-05
  -2.80922395E-05
  -2.93926460E-05
  -3.06075672E-05
  -3.17310878E-05
  -3.27576090E-05
  -3.36818848E-05
  -3.44990549E-05
  -3.52047064E-05
  -3.57948848E-05
  -3.62661340E-05
  -3.66155182E-05
  -3.68406691E-05
  -3.69397785E-05
  -3.69116424E-05
  -3.67556568E-05
  -3.64718326E-05
  -3.60607992E-05
  -3.55238262E-05
  -3.48627909E-05
  -3.40801926E-05
  -3.31791416E-05
  -3.21633524E-05
  -3.10371106E-05
  -2.98052928E-05
  -2.84733069E-05
  -2.70470955E-05
  -2.55330997E-05
  -2.39382462E-05
  -2.22699146E-05
  -2.05358992E-05
  -1.87443911E-05
  -1.69039340E-05
  -1.50233873E-05
  -1.31119095E-05
  -1.11788886E-05
  -9.23391690E-06
  -7.28674013E-06
  -5.34721403E-06
  -3.42525072E-06
  -1.53076815E-06
   3.26364187E-07
   2.13638214E-06
   3.88968374E-06
   5.57689054E-06
   7.18890442E-06
   8.71696921E-06
   1.01527321E-05
   1.14883023E-05
   1.27163075E-05
   1.38299492E-05
   1.48230611E-05
   1.56901515E-05
   1.64264566E-05
   1.70279745E-05
   1.74915021E-05
   1.78146729E-05
   1.79959679E-05
   1.80347397E-05
   1.79312228E-05
   1.76865415E-05
   1.73026892E-05
   1.67825383E-05
   1.61298085E-05
   1.53490473E-05
   1.44455935E-05
   1.34255470E-05
   1.22957190E-05
   1.10635883E-05
   9.73724309E-06
   8.32532714E-06
   6.83697999E-06
   5.28176770E-06
   3.66962104E-06
   2.01076500E-06
   3.15649885E-07
  -1.40511963E-06
  -3.14085378E-06
  -4.88085061E-06
  -6.61446438E-06
  -8.33117429E-06
  -1.00206544E-05
  -1.16728361E-05
  -1.32779760E-05
  -1.48267127E-05
  -1.63101304E-05
  -1.77198162E-05
  -1.90479022E-05
  -2.02871324E-05
  -2.14308966E-05
  -2.24732721E-05
  -2.34090658E-05
  -2.42338410E-05
  -2.49439581E-05
  -2.55365867E-05
  -2.60097240E-05
  -2.63622114E-05
  -2.65937433E-05
  -2.67048581E-05
  -2.66969364E-05
  -2.65722010E-05
  -2.63336824E-05
  -2.59852040E-05
  -2.55313516E-05
  -2.49774330E-05
  -2.43294307E-05
  -2.35939679E-05
  -2.27782439E-05
  -2.18899677E-05
  -2.09373138E-05
  -1.99288424E-05
  -1.88734339E-05
  -1.77802031E-05
  -1.66584377E-05
  -1.55175112E-05
  -1.43668167E-05
  -1.32156720E-05
  -1.20732520E-05
  -1.09485072E-05
  -9.85009319E-06
  -8.78629453E-06
  -7.76495654E-06
  -6.79342111E-06
  -5.87846353E-06
  -5.02623834E-06
  -4.24222708E-06
  -3.53119344E-06
  -2.89714444E-06
  -2.34329809E-06
  -1.87205626E-06
  -1.48498680E-06
  -1.18281139E-06
  -9.65400091E-07
  -8.31775310E-07
