   0.00000000    
   0.00000000    
   0.00000000    
   0.00000000    
   0.00000000    
   0.00000000    
   0.00000000    
   0.00000000    
   0.00000000    
   0.00000000    
   0.00000000    
   0.00000000    
   0.00000000    
   0.00000000    
   0.00000000    
   0.00000000    
   0.00000000    
   0.00000000    
   0.00000000    
   0.00000000    
   0.00000000    
   0.00000000    
   0.00000000    
   0.00000000    
   0.00000000    
   2.80259693E-45
   7.00649232E-45
   9.80908925E-45
  -1.82168800E-44
  -1.77964905E-43
  -7.24471306E-43
  -2.12436847E-42
  -4.76861867E-42
  -7.45350653E-42
  -2.62463202E-42
   3.51445655E-41
   1.71698298E-40
   5.47689097E-40
   1.41017149E-39
   3.08597031E-39
   5.75711423E-39
   8.75684442E-39
   8.91837910E-39
  -2.63632586E-39
  -4.57530787E-38
  -1.58166845E-37
  -4.01341028E-37
  -8.57600759E-37
  -1.60262232E-36
  -2.62558042E-36
  -3.65649629E-36
  -3.85396879E-36
  -1.32187941E-36
   7.51282302E-36
   2.84795247E-35
   6.97381940E-35
   1.40437963E-34
   2.46437087E-34
   3.80881384E-34
   5.06955770E-34
   5.30365740E-34
   2.60949690E-34
  -6.32473266E-34
  -2.66077646E-33
  -6.51832262E-33
  -1.30013466E-32
  -2.27618818E-32
  -3.57872467E-32
  -5.04706081E-32
  -6.21363610E-32
  -6.09304801E-32
  -2.91152289E-32
   6.19368326E-32
   2.54328030E-31
   6.04443944E-31
   1.17977672E-30
   2.04852912E-30
   3.25768342E-30
   4.79434267E-30
   6.52484226E-30
   8.10700198E-30
   8.87360411E-30
   7.69069869E-30
   2.80339905E-30
  -8.30465130E-30
  -2.89937649E-29
  -6.34256759E-29
  -1.16303238E-28
  -1.92273952E-28
  -2.94857443E-28
  -4.24746516E-28
  -5.77341797E-28
  -7.39419539E-28
  -8.84915024E-28
  -9.69939920E-28
  -9.27354335E-28
  -6.61480958E-28
  -4.38919194E-29
   1.08840349E-27
   2.93060940E-27
   5.70143634E-27
   9.62547122E-27
   1.49038289E-26
   2.16702540E-26
   2.99302332E-26
   3.94814437E-26
   4.98152380E-26
   6.00010871E-26
   6.85587057E-26
   7.33265748E-26
   7.13400135E-26
   5.87377202E-26
   3.07212635E-26
  -1.84014687E-26
  -9.50528580E-26
  -2.06061562E-25
  -3.58135948E-25
  -5.57095149E-25
  -8.06825832E-25
  -1.10794755E-24
  -1.45619434E-24
  -1.84055626E-24
  -2.24126802E-24
  -2.62780217E-24
  -2.95708435E-24
  -3.17224360E-24
  -3.20230156E-24
  -2.96328775E-24
  -2.36137032E-24
  -1.29864619E-24
   3.17721298E-25
   2.56234782E-24
   5.47387308E-24
   9.03219310E-24
   1.31305669E-23
   1.75429334E-23
   2.18873544E-23
   2.55873219E-23
   2.78336917E-23
   2.75512574E-23
   2.33755705E-23
   1.36474025E-23
  -3.56555190E-24
  -3.04075839E-23
  -6.91194245E-23
  -1.21849929E-22
  -1.90372672E-22
  -2.75681416E-22
  -3.77433239E-22
  -4.93203411E-22
  -6.17511380E-22
  -7.40571309E-22
  -8.46716545E-22
  -9.12444435E-22
  -9.04024702E-22
  -7.74619101E-22
  -4.60864052E-22
   1.21114345E-22
   1.08025951E-21
   2.55568355E-21
   4.72220933E-21
   7.79616677E-21
   1.20411397E-20
   1.77731613E-20
   2.53646566E-20
   3.52460916E-20
   4.79039098E-20
   6.38727802E-20
   8.37196283E-20
   1.08015933E-19
   1.37293952E-19
   1.71981370E-19
   2.12306981E-19
   2.58169144E-19
   3.08955888E-19
   3.63304291E-19
   4.18783527E-19
   4.71484264E-19
   5.15493995E-19
   5.42236072E-19
   5.39647410E-19
   4.91170283E-19
   3.74532234E-19
   1.60290439E-19
  -1.89876957E-19
  -7.25143645E-19
  -1.50776714E-18
  -2.61555709E-18
  -4.14452477E-18
  -6.21162141E-18
  -8.95741395E-18
  -1.25484837E-17
  -1.71792377E-17
  -2.30726861E-17
  -3.04796369E-17
  -3.96755328E-17
  -5.09539320E-17
  -6.46154650E-17
  -8.09506211E-17
  -1.00214486E-16
  -1.22591105E-16
  -1.48144646E-16
  -1.76754018E-16
  -2.08027030E-16
  -2.41189747E-16
  -2.74945730E-16
  -3.07299689E-16
  -3.35339497E-16
  -3.54969724E-16
  -3.60590608E-16
  -3.44715569E-16
  -2.97521911E-16
  -2.06329775E-16
  -5.50074843E-17
   1.76696579E-16
   5.13889383E-16
   9.87325532E-16
   1.63423540E-15
   2.49915970E-15
   3.63474374E-15
   5.10243161E-15
   6.97297300E-15
   9.32663489E-15
   1.22529702E-14
   1.58499702E-14
   2.02223577E-14
   2.54787494E-14
   3.17273436E-14
   3.90697335E-14
   4.75923147E-14
   5.73547354E-14
   6.83747424E-14
   8.06086087E-14
   9.39263045E-14
   1.08080361E-13
   1.22667474E-13
   1.37081603E-13
   1.50457310E-13
   1.61602204E-13
   1.68917059E-13
   1.70302506E-13
   1.63051240E-13
   1.43724916E-13
   1.08015200E-13
   5.05892190E-14
  -3.50799068E-14
  -1.56895560E-13
  -3.24330244E-13
  -5.48623484E-13
  -8.42978465E-13
  -1.22274836E-12
  -1.70559942E-12
  -2.31163678E-12
  -3.06347005E-12
  -3.98619636E-12
  -5.10726487E-12
  -6.45619409E-12
  -8.06407979E-12
  -9.96285693E-12
  -1.21842371E-11
  -1.47582450E-11
  -1.77112752E-11
  -2.10635554E-11
  -2.48259156E-11
  -2.89956982E-11
  -3.35517031E-11
  -3.84479913E-11
  -4.36063512E-11
  -4.89072428E-11
  -5.41790640E-11
  -5.91854343E-11
  -6.36103392E-11
  -6.70409700E-11
  -6.89479168E-11
  -6.86626173E-11
  -6.53518767E-11
  -5.79893147E-11
  -4.53237482E-11
  -2.58444446E-11
   2.25656863E-12
   4.11249021E-11
   9.32864341E-11
   1.61691591E-10
   2.49760157E-10
   3.61425945E-10
   5.01178765E-10
   6.74102885E-10
   8.85908624E-10
   1.14295362E-09
   1.45225143E-09
   1.82146120E-09
   2.25885466E-09
   2.77325141E-09
   3.37391803E-09
   4.07042222E-09
   4.87242424E-09
   5.78941073E-09
   6.83033585E-09
   8.00317501E-09
   9.31436084E-09
   1.07680860E-08
   1.23654633E-08
   1.41034988E-08
   1.59738676E-08
   1.79614617E-08
   2.00426911E-08
   2.21834799E-08
   2.43369485E-08
   2.64407252E-08
   2.84138917E-08
   3.01534619E-08
   3.15303943E-08
   3.23851026E-08
   3.25224079E-08
   3.17058806E-08
   2.96515665E-08
   2.60210253E-08
   2.04136725E-08
   1.23584032E-08
   1.30442934E-09
  -1.33886289E-08
  -3.24614611E-08
  -5.67665630E-08
  -8.72804762E-08
  -1.25116827E-07
  -1.71540037E-07
  -2.27979683E-07
  -2.96045442E-07
  -3.77542619E-07
  -4.74487848E-07
  -5.89125307E-07
  -7.23942776E-07
  -8.81687583E-07
  -1.06538266E-06
  -1.27834119E-06
  -1.52418113E-06
  -1.80683890E-06
  -2.13058047E-06
  -2.50001176E-06
  -2.92008531E-06
  -3.39610801E-06
  -3.93374057E-06
  -4.53899838E-06
  -5.21824632E-06
  -5.97818598E-06
  -6.82584732E-06
  -7.76856450E-06
  -8.81395408E-06
  -9.96988183E-06
  -1.12444277E-05
  -1.26458381E-05
  -1.41824767E-05
  -1.58627681E-05
  -1.76951235E-05
  -1.96878773E-05
  -2.18491950E-05
  -2.41869966E-05
  -2.67088471E-05
  -2.94218607E-05
  -3.23325839E-05
  -3.54468903E-05
  -3.87698419E-05
  -4.23055862E-05
  -4.60571973E-05
  -5.00265596E-05
  -5.42142516E-05
  -5.86193673E-05
  -6.32394294E-05
  -6.80702287E-05
  -7.31057371E-05
  -7.83379510E-05
  -8.37567859E-05
  -8.93500328E-05
  -9.51032052E-05
  -1.00999547E-04
  -1.07019892E-04
  -1.13142720E-04
  -1.19344098E-04
  -1.25597711E-04
  -1.31874898E-04
  -1.38144707E-04
  -1.44373960E-04
  -1.50527456E-04
  -1.56568087E-04
  -1.62456941E-04
  -1.68153609E-04
  -1.73616441E-04
  -1.78802700E-04
  -1.83668933E-04
  -1.88171296E-04
  -1.92265899E-04
  -1.95909161E-04
  -1.99058224E-04
  -2.01671326E-04
  -2.03708245E-04
  -2.05130709E-04
  -2.05902907E-04
  -2.05991775E-04
  -2.05367527E-04
  -2.04004071E-04
  -2.01879389E-04
  -1.98975904E-04
  -1.95280882E-04
  -1.90786654E-04
  -1.85491052E-04
  -1.79397583E-04
  -1.72515618E-04
  -1.64860554E-04
  -1.56453956E-04
  -1.47323546E-04
  -1.37503215E-04
  -1.27032923E-04
  -1.15958574E-04
  -1.04331826E-04
  -9.22097970E-05
  -7.96547392E-05
  -6.67336717E-05
  -5.35178588E-05
  -4.00823919E-05
  -2.65055678E-05
  -1.28683223E-05
   7.46442879E-07
   1.42545123E-05
   2.75710936E-05
   4.06115141E-05
   5.32919803E-05
   6.55303011E-05
   7.72466665E-05
   8.83643370E-05
   9.88103566E-05
   1.08516229E-04
   1.17418560E-04
   1.25459657E-04
   1.32588073E-04
   1.38759075E-04
   1.43935031E-04
   1.48085848E-04
   1.51189117E-04
   1.53230401E-04
   1.54203299E-04
   1.54109526E-04
   1.52958790E-04
   1.50768654E-04
   1.47564380E-04
   1.43378580E-04
   1.38250834E-04
   1.32227302E-04
   1.25360122E-04
   1.17706972E-04
   1.09330322E-04
   1.00296827E-04
   9.06766509E-05
   8.05426898E-05
   6.99698940E-05
   5.90344644E-05
   4.78131369E-05
   3.63824147E-05
   2.48178785E-05
   1.31934576E-05
   1.58079365E-06
  -9.95138907E-06
  -2.13378535E-05
  -3.25173714E-05
  -4.34331814E-05
  -5.40333895E-05
  -6.42712985E-05
  -7.41056792E-05
  -8.35009778E-05
  -9.24274063E-05
  -1.00861034E-04
  -1.08783795E-04
  -1.16183437E-04
  -1.23053353E-04
  -1.29392429E-04
  -1.35204842E-04
  -1.40499731E-04
  -1.45291007E-04
  -1.49596861E-04
  -1.53439527E-04
  -1.56844879E-04
  -1.59841977E-04
  -1.62462777E-04
  -1.64741650E-04
  -1.66715079E-04
  -1.68421102E-04
  -1.69899213E-04
  -1.71189764E-04
  -1.72333806E-04
  -1.73372740E-04
  -1.74348068E-04
  -1.75301044E-04
  -1.76272602E-04
  -1.77303067E-04
  -1.78432034E-04
  -1.79698196E-04
  -1.81139272E-04
  -1.82791773E-04
  -1.84691133E-04
  -1.86871432E-04
  -1.89365484E-04
  -1.92204650E-04
  -1.95418907E-04
  -1.99036687E-04
  -2.03084841E-04
  -2.07588659E-04
  -2.12571656E-04
  -2.18055560E-04
  -2.24060190E-04
  -2.30603313E-04
  -2.37700544E-04
  -2.45365110E-04
  -2.53607810E-04
  -2.62436777E-04
  -2.71857076E-04
  -2.81870831E-04
  -2.92476761E-04
  -3.03670007E-04
  -3.15441954E-04
  -3.27779911E-04
  -3.40666884E-04
  -3.54081509E-04
  -3.67997534E-04
  -3.82383907E-04
  -3.97204509E-04
  -4.12417838E-04
  -4.27977036E-04
  -4.43829776E-04
  -4.59918083E-04
  -4.76178364E-04
  -4.92541410E-04
  -5.08932455E-04
  -5.25270996E-04
  -5.41471352E-04
  -5.57442370E-04
  -5.73088008E-04
  -5.88307215E-04
  -6.02994405E-04
  -6.17039914E-04
  -6.30330236E-04
  -6.42748375E-04
  -6.54174422E-04
  -6.64486026E-04
  -6.73558738E-04
  -6.81266945E-04
  -6.87484047E-04
  -6.92083267E-04
  -6.94938237E-04
  -6.95923867E-04
  -6.94916525E-04
  -6.91795023E-04
  -6.86441490E-04
  -6.78741606E-04
  -6.68585359E-04
  -6.55868032E-04
  -6.40490558E-04
  -6.22360094E-04
  -6.01390784E-04
  -5.77504456E-04
  -5.50630968E-04
  -5.20708621E-04
  -4.87685029E-04
  -4.51517262E-04
  -4.12172260E-04
  -3.69627320E-04
  -3.23870365E-04
  -2.74900347E-04
  -2.22727365E-04
  -1.67372928E-04
  -1.08870147E-04
  -4.72638421E-05
   1.73893750E-05
   8.50210126E-05
   1.55550675E-04
   2.28886114E-04
   3.04923306E-04
   3.83546343E-04
   4.64627781E-04
   5.48028678E-04
   6.33598655E-04
   7.21176446E-04
   8.10589641E-04
   9.01655527E-04
   9.94180911E-04
   1.08796242E-03
   1.18278770E-03
   1.27843488E-03
   1.37467333E-03
   1.47126464E-03
   1.56796235E-03
   1.66451314E-03
   1.76065741E-03
   1.85612962E-03
   1.95065932E-03
   2.04397226E-03
   2.13578995E-03
   2.22583255E-03
   2.31381739E-03
   2.39946204E-03
   2.48248433E-03
   2.56260321E-03
   2.63954001E-03
   2.71301996E-03
   2.78277276E-03
   2.84853322E-03
   2.91004288E-03
   2.96705216E-03
   3.01931961E-03
   3.06661357E-03
   3.10871424E-03
   3.14541277E-03
   3.17651476E-03
   3.20183835E-03
   3.22121801E-03
   3.23450286E-03
   3.24155926E-03
   3.24227079E-03
   3.23653850E-03
   3.22428229E-03
   3.20544187E-03
   3.17997672E-03
   3.14786541E-03
   3.10910842E-03
   3.06372577E-03
   3.01175914E-03
   2.95327138E-03
   2.88834586E-03
   2.81708757E-03
   2.73962226E-03
   2.65609636E-03
   2.56667705E-03
   2.47155083E-03
   2.37092469E-03
   2.26502400E-03
   2.15409254E-03
   2.03839247E-03
   1.91820215E-03
   1.79381622E-03
   1.66554470E-03
   1.53371110E-03
   1.39865186E-03
   1.26071600E-03
   1.12026220E-03
   9.77659016E-04
   8.33282887E-04
   6.87516935E-04
   5.40749577E-04
   3.93373193E-04
   2.45782605E-04
   9.83736463E-05
  -4.84582160E-05
  -1.94319349E-04
  -3.38819285E-04
  -4.81572351E-04
  -6.22198684E-04
  -7.60325987E-04
  -8.95590521E-04
  -1.02763867E-03
  -1.15612766E-03
  -1.28072733E-03
  -1.40112091E-03
  -1.51700631E-03
  -1.62809633E-03
  -1.73412065E-03
  -1.83482561E-03
  -1.92997593E-03
  -2.01935484E-03
  -2.10276502E-03
  -2.18002824E-03
  -2.25098687E-03
  -2.31550401E-03
  -2.37346278E-03
  -2.42476841E-03
  -2.46934593E-03
  -2.50714272E-03
  -2.53812643E-03
  -2.56228657E-03
  -2.57963198E-03
  -2.59019318E-03
  -2.59402022E-03
  -2.59118364E-03
  -2.58177286E-03
  -2.56589637E-03
  -2.54368060E-03
  -2.51526944E-03
  -2.48082401E-03
  -2.44052149E-03
  -2.39455467E-03
  -2.34313053E-03
  -2.28647026E-03
  -2.22480809E-03
  -2.15838966E-03
  -2.08747294E-03
  -2.01232592E-03
  -1.93322566E-03
  -1.85045809E-03
  -1.76431658E-03
  -1.67510123E-03
  -1.58311753E-03
  -1.48867583E-03
  -1.39209081E-03
  -1.29367958E-03
  -1.19376159E-03
  -1.09265698E-03
  -9.90686473E-04
  -8.88169452E-04
  -7.85424083E-04
  -6.82765967E-04
  -5.80507214E-04
  -4.78955539E-04
  -3.78413621E-04
  -2.79178115E-04
  -1.81538926E-04
  -8.57781488E-05
   7.83054020E-06
   9.90227418E-05
   1.87544108E-04
   2.73151207E-04
   3.55612079E-04
   4.34707123E-04
   5.10229729E-04
   5.81987028E-04
   6.49800349E-04
   7.13506248E-04
   7.72956584E-04
   8.28019343E-04
   8.78579274E-04
   9.24538181E-04
   9.65815212E-04
   1.00234756E-03
   1.03409041E-03
   1.06101751E-03
   1.08312140E-03
   1.10041292E-03
   1.11292221E-03
   1.12069782E-03
   1.12380739E-03
   1.12233683E-03
   1.11639034E-03
   1.10609026E-03
   1.09157583E-03
   1.07300398E-03
   1.05054781E-03
   1.02439593E-03
   9.94752045E-04
   9.61833401E-04
   9.25870845E-04
   8.87107046E-04
   8.45795381E-04
   8.02199007E-04
   7.56589463E-04
   7.09245214E-04
   6.60450314E-04
   6.10493007E-04
   5.59663866E-04
   5.08254685E-04
   4.56556591E-04
   4.04858496E-04
   3.53445474E-04
   3.02597182E-04
   2.52586091E-04
   2.03676042E-04
   1.56120659E-04
   1.10161767E-04
   6.60279838E-05
   2.39333531E-05
  -1.59239862E-05
  -5.33629827E-05
  -8.82207751E-05
  -1.20353674E-04
  -1.49638043E-04
  -1.75970970E-04
  -1.99270900E-04
  -2.19477966E-04
  -2.36554435E-04
  -2.50484620E-04
  -2.61274952E-04
  -2.68953794E-04
  -2.73571000E-04
  -2.75197381E-04
  -2.73924059E-04
  -2.69861630E-04
  -2.63139227E-04
  -2.53903185E-04
  -2.42316091E-04
  -2.28555247E-04
  -2.12811239E-04
  -1.95286382E-04
  -1.76193047E-04
  -1.55751986E-04
  -1.34190559E-04
  -1.11740992E-04
  -8.86384369E-05
  -6.51192750E-05
  -4.14192364E-05
  -1.77716283E-05
   5.59440605E-06
   2.84555645E-05
   5.05960270E-05
   7.18089723E-05
   9.18980586E-05
   1.10678717E-04
   1.27979394E-04
   1.43642668E-04
   1.57526214E-04
   1.69503575E-04
   1.79464943E-04
   1.87317579E-04
   1.92986336E-04
   1.96413806E-04
   1.97560454E-04
   1.96404522E-04
   1.92941894E-04
   1.87185695E-04
   1.79165901E-04
   1.68928673E-04
   1.56535709E-04
   1.42063349E-04
   1.25601786E-04
   1.07253953E-04
   8.71345401E-05
   6.53687821E-05
   4.20913348E-05
   1.74450161E-05
  -8.42041391E-06
  -3.53495270E-05
  -6.31824514E-05
  -9.17561774E-05
  -1.20905708E-04
  -1.50465319E-04
  -1.80269679E-04
  -2.10154918E-04
  -2.39959729E-04
  -2.69526237E-04
  -2.98701081E-04
  -3.27336049E-04
  -3.55288881E-04
  -3.82424041E-04
  -4.08613152E-04
  -4.33735579E-04
  -4.57678834E-04
  -4.80338931E-04
  -5.01620641E-04
  -5.21437731E-04
  -5.39712957E-04
  -5.56378101E-04
  -5.71374432E-04
  -5.84651949E-04
  -5.96169732E-04
  -6.05895882E-04
  -6.13806944E-04
  -6.19888073E-04
  -6.24132634E-04
  -6.26541907E-04
  -6.27125090E-04
  -6.25898538E-04
  -6.22886000E-04
  -6.18118036E-04
  -6.11631898E-04
  -6.03470951E-04
  -5.93684730E-04
  -5.82328415E-04
  -5.69462893E-04
  -5.55153936E-04
  -5.39472385E-04
  -5.22493676E-04
  -5.04297612E-04
  -4.84968245E-04
  -4.64593060E-04
  -4.43263387E-04
  -4.21073608E-04
  -3.98121105E-04
  -3.74505733E-04
  -3.50329559E-04
  -3.25696572E-04
  -3.00712127E-04
  -2.75482656E-04
  -2.50115118E-04
  -2.24716583E-04
  -1.99393791E-04
  -1.74252520E-04
  -1.49397136E-04
  -1.24930011E-04
  -1.00950958E-04
  -7.75566150E-05
  -5.48398857E-05
  -3.28893402E-05
  -1.17885884E-05
   8.38426968E-06
   2.75572238E-05
   4.56649068E-05
   6.26491019E-05
   7.84592485E-05
   9.30528258E-05
   1.06395848E-04
   1.18463067E-04
   1.29238339E-04
   1.38714764E-04
   1.46894847E-04
   1.53790534E-04
   1.59423231E-04
   1.63823584E-04
   1.67031336E-04
   1.69095016E-04
   1.70071566E-04
   1.70025902E-04
   1.69030274E-04
   1.67163686E-04
   1.64511206E-04
   1.61163145E-04
   1.57214236E-04
   1.52762688E-04
   1.47909275E-04
   1.42756355E-04
   1.37406852E-04
   1.31963170E-04
   1.26526240E-04
   1.21194433E-04
   1.16062591E-04
   1.11220994E-04
   1.06754465E-04
   1.02741433E-04
   9.92531932E-05
   9.63530547E-05
   9.40957325E-05
   9.25267523E-05
   9.16819699E-05
   9.15871860E-05
   9.22579056E-05
   9.36991564E-05
   9.59054742E-05
   9.88609681E-05
   1.02539540E-04
   1.06905180E-04
   1.11912370E-04
   1.17506657E-04
   1.23625243E-04
   1.30197703E-04
   1.37146824E-04
   1.44389414E-04
   1.51837317E-04
   1.59398289E-04
   1.66977086E-04
   1.74476518E-04
   1.81798416E-04
   1.88844846E-04
   1.95519009E-04
   2.01726332E-04
   2.07375444E-04
   2.12379106E-04
   2.16655113E-04
   2.20127113E-04
   2.22725357E-04
   2.24387288E-04
   2.25058320E-04
   2.24692150E-04
   2.23251205E-04
   2.20706948E-04
   2.17040128E-04
   2.12240790E-04
   2.06308367E-04
   1.99251532E-04
   1.91088096E-04
   1.81844647E-04
   1.71556312E-04
   1.60266223E-04
   1.48025152E-04
   1.34890841E-04
   1.20927485E-04
   1.06205087E-04
   9.07987487E-05
   7.47879676E-05
   5.82558969E-05
   4.12886475E-05
   2.39745004E-05
   6.40318967E-06
  -1.13348215E-05
  -2.91490614E-05
  -4.69497281E-05
  -6.46483459E-05
  -8.21583526E-05
  -9.93957583E-05
  -1.16279552E-04
  -1.32732283E-04
  -1.48680483E-04
  -1.64054974E-04
  -1.78791292E-04
  -1.92829917E-04
  -2.06116485E-04
  -2.18601985E-04
  -2.30242818E-04
  -2.41000947E-04
  -2.50843907E-04
  -2.59744789E-04
  -2.67682131E-04
  -2.74639810E-04
  -2.80607055E-04
  -2.85578222E-04
  -2.89552496E-04
  -2.92533892E-04
  -2.94530881E-04
  -2.95556267E-04
  -2.95626902E-04
  -2.94763420E-04
  -2.92990037E-04
  -2.90334225E-04
  -2.86826602E-04
  -2.82500434E-04
  -2.77391635E-04
  -2.71538273E-04
  -2.64980627E-04
  -2.57760723E-04
  -2.49922188E-04
  -2.41509959E-04
  -2.32570208E-04
  -2.23150011E-04
  -2.13297171E-04
  -2.03060030E-04
  -1.92487278E-04
  -1.81627809E-04
  -1.70530431E-04
  -1.59243747E-04
  -1.47816027E-04
  -1.36294926E-04
  -1.24727434E-04
  -1.13159578E-04
  -1.01636397E-04
  -9.02016909E-05
  -7.88978650E-05
  -6.77658390E-05
  -5.68448158E-05
  -4.61722120E-05
  -3.57834833E-05
  -2.57120082E-05
  -1.59889569E-05
  -6.64317076E-06
   2.29892999E-06
   1.08134554E-05
   1.88791255E-05
   2.64773498E-05
   3.35922778E-05
   4.02108708E-05
   4.63229153E-05
   5.19210407E-05
   5.70007505E-05
   6.15603858E-05
   6.56011034E-05
   6.91268360E-05
   7.21442120E-05
   7.46625083E-05
   7.66935264E-05
   7.82514762E-05
   7.93528379E-05
   8.00162525E-05
   8.02622890E-05
   8.01132992E-05
   7.95932210E-05
   7.87273602E-05
   7.75421358E-05
   7.60648836E-05
   7.43235651E-05
   7.23465855E-05
   7.01624667E-05
   6.77996213E-05
   6.52860836E-05
   6.26492620E-05
   5.99156956E-05
   5.71108249E-05
   5.42587513E-05
   5.13820451E-05
   4.85015662E-05
   4.56362832E-05
   4.28031635E-05
   4.00170429E-05
   3.72905306E-05
   3.46339948E-05
   3.20555191E-05
   2.95609061E-05
   2.71537410E-05
   2.48354463E-05
   2.26053944E-05
   2.04610315E-05
   1.83980337E-05
   1.64104949E-05
   1.44911137E-05
   1.26314244E-05
   1.08220111E-05
   9.05275465E-06
   7.31307819E-06
   5.59218415E-06
   3.87929913E-06
   2.16390208E-06
   4.35948834E-07
  -1.31392324E-06
  -3.09421171E-06
  -4.91238097E-06
  -6.77472326E-06
  -8.68624102E-06
  -1.06505577E-05
  -1.26698624E-05
  -1.47448691E-05
  -1.68748156E-05
  -1.90574865E-05
  -2.12892555E-05
  -2.35651532E-05
  -2.58789696E-05
  -2.82233541E-05
  -3.05899557E-05
  -3.29695467E-05
  -3.53521900E-05
  -3.77274009E-05
  -4.00843055E-05
  -4.24117934E-05
  -4.46987215E-05
  -4.69340375E-05
  -4.91069659E-05
  -5.12071310E-05
  -5.32246995E-05
  -5.51505109E-05
  -5.69761760E-05
  -5.86941787E-05
  -6.02979599E-05
  -6.17819678E-05
  -6.31417061E-05
  -6.43737803E-05
  -6.54758915E-05
  -6.64468680E-05
  -6.72866227E-05
  -6.79961449E-05
  -6.85774867E-05
  -6.90336601E-05
  -6.93686379E-05
  -6.95872586E-05
  -6.96951756E-05
  -6.96987627E-05
  -6.96050411E-05
  -6.94216142E-05
  -6.91565219E-05
  -6.88182263E-05
  -6.84154584E-05
  -6.79571749E-05
  -6.74524490E-05
  -6.69103756E-05
  -6.63399696E-05
  -6.57501369E-05
  -6.51495066E-05
  -6.45464534E-05
  -6.39489444E-05
  -6.33645104E-05
  -6.28001799E-05
  -6.22624211E-05
  -6.17570549E-05
  -6.12892472E-05
  -6.08634400E-05
  -6.04833440E-05
  -6.01519059E-05
  -5.98712686E-05
  -5.96427635E-05
  -5.94669182E-05
  -5.93434524E-05
  -5.92712786E-05
  -5.92485121E-05
  -5.92725119E-05
  -5.93398909E-05
  -5.94465600E-05
  -5.95877718E-05
  -5.97581602E-05
  -5.99517953E-05
  -6.01622341E-05
  -6.03825938E-05
  -6.06056019E-05
  -6.08236696E-05
  -6.10289608E-05
  -6.12134827E-05
  -6.13691373E-05
  -6.14878154E-05
  -6.15614481E-05
  -6.15821045E-05
  -6.15420577E-05
  -6.14338496E-05
  -6.12503645E-05
  -6.09849085E-05
  -6.06312569E-05
  -6.01837164E-05
  -5.96371829E-05
  -5.89871961E-05
  -5.82299763E-05
  -5.73624638E-05
  -5.63823887E-05
  -5.52882666E-05
  -5.40794608E-05
  -5.27561751E-05
  -5.13195046E-05
  -4.97714500E-05
  -4.81149000E-05
  -4.63536853E-05
  -4.44925499E-05
  -4.25371763E-05
  -4.04941566E-05
  -3.83709885E-05
  -3.61760685E-05
  -3.39186699E-05
  -3.16088845E-05
  -2.92576333E-05
  -2.68765871E-05
  -2.44781186E-05
  -2.20752554E-05
  -1.96816072E-05
  -1.73112767E-05
  -1.49787811E-05
  -1.26989607E-05
  -1.04868677E-05
  -8.35766150E-06
  -6.32647971E-06
  -4.40832173E-06
  -2.61791615E-06
  -9.69583539E-07
   5.22896187E-07
   1.84642192E-06
   2.98870600E-06
   3.93840583E-06
   4.68524877E-06
   5.22015125E-06
   5.53532436E-06
   5.62437390E-06
   5.48238131E-06
   5.10597238E-06
   4.49336676E-06
   3.64441576E-06
   2.56061639E-06
   1.24510757E-06
  -2.97348009E-07
  -2.06040500E-06
  -4.03619106E-06
  -6.21537993E-06
  -8.58727708E-06
  -1.11399268E-05
  -1.38602118E-05
  -1.67339913E-05
  -1.97462105E-05
  -2.28810495E-05
  -2.61220484E-05
  -2.94522379E-05
  -3.28542883E-05
  -3.63106119E-05
  -3.98035190E-05
  -4.33153109E-05
  -4.68283870E-05
  -5.03253686E-05
  -5.37891647E-05
  -5.72030658E-05
  -6.05508430E-05
  -6.38167621E-05
  -6.69857109E-05
  -7.00431992E-05
  -7.29754393E-05
  -7.57693924E-05
  -7.84127915E-05
  -8.08942204E-05
  -8.32031292E-05
  -8.53298698E-05
  -8.72657401E-05
  -8.90030569E-05
  -9.05351480E-05
  -9.18564256E-05
  -9.29624148E-05
  -9.38497833E-05
  -9.45163774E-05
  -9.49612586E-05
  -9.51847396E-05
  -9.51883558E-05
  -9.49749156E-05
  -9.45484571E-05
  -9.39142919E-05
  -9.30789174E-05
  -9.20500170E-05
  -9.08363800E-05
  -8.94478362E-05
  -8.78951905E-05
  -8.61901062E-05
  -8.43450107E-05
  -8.23729642E-05
  -8.02875365E-05
  -7.81026538E-05
  -7.58324750E-05
  -7.34912537E-05
  -7.10931636E-05
  -6.86521889E-05
  -6.61819649E-05
  -6.36956684E-05
  -6.12058648E-05
  -5.87244431E-05
  -5.62625210E-05
  -5.38303320E-05
  -5.14372077E-05
  -4.90914972E-05
  -4.68005892E-05
  -4.45708465E-05
  -4.24076534E-05
  -4.03154263E-05
  -3.82976395E-05
  -3.63568870E-05
  -3.44949221E-05
  -3.27127382E-05
  -3.10106334E-05
  -2.93882713E-05
  -2.78447897E-05
  -2.63788388E-05
  -2.49886816E-05
  -2.36722535E-05
  -2.24272335E-05
  -2.12511040E-05
  -2.01412076E-05
  -1.90947994E-05
  -1.81090800E-05
  -1.71812480E-05
  -1.63085169E-05
  -1.54881509E-05
  -1.47174669E-05
  -1.39938702E-05
  -1.33148569E-05
  -1.26780196E-05
  -1.20810600E-05
  -1.15217990E-05
  -1.09981775E-05
  -1.05082627E-05
  -1.00502584E-05
  -9.62251306E-06
  -9.22352592E-06
  -8.85195823E-06
  -8.50663946E-06
  -8.18658191E-06
  -7.89097976E-06
  -7.61922274E-06
  -7.37089749E-06
  -7.14578573E-06
  -6.94386335E-06
  -6.76529316E-06
  -6.61041122E-06
  -6.47971410E-06
  -6.37383619E-06
  -6.29352508E-06
  -6.23961751E-06
  -6.21300160E-06
  -6.21458958E-06
  -6.24527820E-06
  -6.30591785E-06
  -6.39727205E-06
  -6.51998744E-06
  -6.67455924E-06
  -6.86130443E-06
  -7.08033713E-06
  -7.33154502E-06
  -7.61457341E-06
  -7.92881838E-06
  -8.27341592E-06
  -8.64724552E-06
  -9.04893022E-06
  -9.47684930E-06
  -9.92915011E-06
  -1.04037617E-05
  -1.08984177E-05
  -1.14106742E-05
  -1.19379356E-05
  -1.24774688E-05
  -1.30264280E-05
  -1.35818764E-05
  -1.41408009E-05
  -1.47001228E-05
  -1.52567181E-05
  -1.58074236E-05
  -1.63490367E-05
  -1.68783245E-05
  -1.73920307E-05
  -1.78868650E-05
  -1.83595093E-05
  -1.88066206E-05
  -1.92248281E-05
  -1.96107449E-05
  -1.99609585E-05
  -2.02720548E-05
  -2.05406341E-05
  -2.07633238E-05
  -2.09368100E-05
  -2.10578528E-05
  -2.11233419E-05
  -2.11303231E-05
  -2.10760390E-05
  -2.09579794E-05
  -2.07739395E-05
  -2.05220422E-05
  -2.02008141E-05
  -1.98092093E-05
  -1.93466676E-05
  -1.88131435E-05
  -1.82091444E-05
  -1.75357472E-05
  -1.67946255E-05
  -1.59880547E-05
  -1.51189042E-05
  -1.41906294E-05
  -1.32072546E-05
  -1.21733419E-05
  -1.10939418E-05
  -9.97455663E-06
  -8.82107724E-06
  -7.63972093E-06
  -6.43696467E-06
  -5.21947368E-06
  -3.99402234E-06
  -2.76742276E-06
  -1.54644704E-06
  -3.37755125E-07
   8.52176868E-07
   2.01712260E-06
   3.15116495E-06
   4.24875134E-06
   5.30474153E-06
   6.31444573E-06
   7.27365796E-06
   8.17867840E-06
   9.02633474E-06
   9.81398898E-06
   1.05395366E-05
   1.12014113E-05
   1.17985710E-05
   1.23304853E-05
   1.27971243E-05
   1.31989282E-05
   1.35367964E-05
   1.38120586E-05
   1.40264492E-05
   1.41820838E-05
   1.42814306E-05
   1.43272864E-05
   1.43227526E-05
   1.42712015E-05
   1.41762584E-05
   1.40417642E-05
   1.38717596E-05
   1.36704502E-05
   1.34421789E-05
   1.31913966E-05
   1.29226346E-05
   1.26404730E-05
   1.23495056E-05
   1.20543109E-05
   1.17594182E-05
   1.14692739E-05
   1.11882064E-05
   1.09203975E-05
   1.06698435E-05
   1.04403252E-05
   1.02353806E-05
   1.00582711E-05
   9.91196066E-06
   9.79909146E-06
   9.72195267E-06
   9.68247787E-06
   9.68222321E-06
   9.72235921E-06
   9.80366804E-06
   9.92653167E-06
   1.00909474E-05
   1.02965250E-05
   1.05424979E-05
   1.08277354E-05
   1.11507570E-05
   1.15097546E-05
   1.19026035E-05
   1.23268856E-05
   1.27799140E-05
   1.32587484E-05
   1.37602237E-05
   1.42809668E-05
   1.48174186E-05
   1.53658566E-05
   1.59224073E-05
   1.64830781E-05
   1.70437706E-05
   1.76002995E-05
   1.81484065E-05
   1.86837842E-05
   1.92020998E-05
   1.96990077E-05
   2.01701714E-05
   2.06112836E-05
   2.10180915E-05
   2.13864205E-05
   2.17121851E-05
   2.19914273E-05
   2.22203380E-05
   2.23952738E-05
   2.25127897E-05
   2.25696585E-05
   2.25628955E-05
   2.24897831E-05
   2.23478910E-05
   2.21350965E-05
   2.18496025E-05
   2.14899555E-05
   2.10550497E-05
   2.05441484E-05
   1.99568876E-05
   1.92932821E-05
   1.85537192E-05
   1.77389647E-05
   1.68501592E-05
   1.58888015E-05
   1.48567442E-05
   1.37561756E-05
   1.25896067E-05
   1.13598462E-05
   1.00699835E-05
   8.72336295E-06
   7.32355966E-06
   5.87435170E-06
   4.37969311E-06
   2.84368571E-06
   1.27055171E-06
  -3.35399420E-07
  -1.96979613E-06
  -3.62823766E-06
  -5.30632087E-06
  -6.99966904E-06
  -8.70396434E-06
  -1.04149722E-05
  -1.21285702E-05
  -1.38407731E-05
  -1.55477610E-05
  -1.72459004E-05
  -1.89317707E-05
  -2.06021759E-05
  -2.22541785E-05
  -2.38850898E-05
  -2.54925108E-05
  -2.70743167E-05
  -2.86286759E-05
  -3.01540495E-05
  -3.16491896E-05
  -3.31131378E-05
  -3.45452027E-05
  -3.59449441E-05
  -3.73121948E-05
  -3.86469837E-05
  -3.99495657E-05
  -4.12203772E-05
  -4.24599857E-05
  -4.36691043E-05
  -4.48485225E-05
  -4.59991024E-05
  -4.71217500E-05
  -4.82173600E-05
  -4.92868130E-05
  -5.03309348E-05
  -5.13504856E-05
  -5.23461204E-05
  -5.33183847E-05
  -5.42676862E-05
  -5.51942721E-05
  -5.60982589E-05
  -5.69795848E-05
  -5.78380204E-05
  -5.86731621E-05
  -5.94844314E-05
  -6.02710861E-05
  -6.10322386E-05
  -6.17668265E-05
  -6.24736422E-05
  -6.31513394E-05
  -6.37984485E-05
  -6.44133543E-05
  -6.49943395E-05
  -6.55396143E-05
  -6.60472651E-05
  -6.65152984E-05
  -6.69416404E-05
  -6.73241520E-05
  -6.76606360E-05
  -6.79488367E-05
  -6.81864767E-05
  -6.83712278E-05
  -6.85007253E-05
  -6.85726191E-05
  -6.85845152E-05
  -6.85340638E-05
  -6.84189072E-05
  -6.82367463E-05
  -6.79853110E-05
  -6.76624186E-05
  -6.72659662E-05
  -6.67939530E-05
  -6.62445163E-05
  -6.56159245E-05
  -6.49066278E-05
  -6.41152874E-05
  -6.32407318E-05
  -6.22820735E-05
  -6.12386430E-05
  -6.01100437E-05
  -5.88961884E-05
  -5.75972772E-05
  -5.62138339E-05
  -5.47467134E-05
  -5.31971164E-05
  -5.15665779E-05
  -4.98569971E-05
  -4.80706367E-05
  -4.62101380E-05
  -4.42784985E-05
  -4.22790945E-05
  -4.02156766E-05
  -3.80923666E-05
  -3.59136429E-05
  -3.36843696E-05
  -3.14097524E-05
  -2.90953667E-05
  -2.67471078E-05
  -2.43712057E-05
  -2.19742014E-05
  -1.95629345E-05
  -1.71445135E-05
  -1.47262990E-05
  -1.23158761E-05
  -9.92101923E-06
  -7.54966550E-06
  -5.20987123E-06
  -2.90977323E-06
  -6.57548696E-07
   1.53863448E-06
   3.67066559E-06
   5.73054149E-06
   7.71041687E-06
   9.60266061E-06
   1.13999085E-05
   1.30951139E-05
   1.46816019E-05
   1.61531207E-05
   1.75038804E-05
   1.87286114E-05
   1.98225898E-05
   2.07816811E-05
   2.16023618E-05
   2.22817525E-05
   2.28176359E-05
   2.32084622E-05
   2.34533582E-05
   2.35521311E-05
   2.35052594E-05
   2.33138835E-05
   2.29797897E-05
   2.25053955E-05
   2.18937148E-05
   2.11483384E-05
   2.02733991E-05
   1.92735370E-05
   1.81538671E-05
   1.69199466E-05
   1.55777288E-05
   1.41335349E-05
   1.25940132E-05
   1.09661023E-05
   9.25699806E-06
   7.47411559E-06
   5.62506057E-06
   3.71759302E-06
   1.75959826E-06
  -2.40942938E-07
  -2.27598366E-06
  -4.33744026E-06
  -6.41721726E-06
  -8.50723882E-06
  -1.05994741E-05
  -1.26859632E-05
  -1.47588507E-05
  -1.68104016E-05
  -1.88330469E-05
  -2.08193924E-05
  -2.27622513E-05
  -2.46546806E-05
  -2.64899954E-05
  -2.82617966E-05
  -2.99639905E-05
  -3.15908183E-05
  -3.31368647E-05
  -3.45970875E-05
  -3.59668084E-05
  -3.72417526E-05
  -3.84180312E-05
  -3.94921699E-05
  -4.04610946E-05
  -4.13221387E-05
  -4.20730394E-05
  -4.27119412E-05
  -4.32373527E-05
  -4.36481896E-05
  -4.39437244E-05
  -4.41235898E-05
  -4.41877564E-05
  -4.41365301E-05
  -4.39705254E-05
  -4.36906448E-05
  -4.32980742E-05
  -4.27942687E-05
  -4.21809200E-05
  -4.14599526E-05
  -4.06335093E-05
  -3.97039257E-05
  -3.86737483E-05
  -3.75456766E-05
  -3.63225990E-05
  -3.50075279E-05
  -3.36036574E-05
  -3.21143016E-05
  -3.05428948E-05
  -2.88930150E-05
  -2.71683366E-05
  -2.53726539E-05
  -2.35098596E-05
  -2.15839391E-05
  -1.95989687E-05
  -1.75590994E-05
  -1.54685604E-05
  -1.33316471E-05
  -1.11527097E-05
  -8.93615379E-06
  -6.68642633E-06
  -4.40800841E-06
  -2.10540748E-06
   2.16850239E-07
   2.55422651E-06
   4.90218235E-06
   7.25618065E-06
   9.61169462E-06
   1.19642227E-05
   1.43092830E-05
   1.66424270E-05
   1.89592447E-05
   2.12553696E-05
   2.35264852E-05
   2.57683259E-05
   2.79766973E-05
   3.01474629E-05
   3.22765627E-05
   3.43600259E-05
   3.63939507E-05
   3.83745464E-05
   4.02981132E-05
   4.21610603E-05
   4.39599244E-05
   4.56913549E-05
   4.73521432E-05
   4.89392296E-05
   5.04497002E-05
   5.18808083E-05
   5.32299819E-05
   5.44948271E-05
   5.56731429E-05
   5.67629322E-05
   5.77624123E-05
   5.86700153E-05
   5.94843950E-05
   6.02044493E-05
   6.08293267E-05
   6.13584052E-05
   6.17913392E-05
   6.21280269E-05
   6.23686283E-05
   6.25135726E-05
   6.25635657E-05
   6.25195680E-05
   6.23827873E-05
   6.21547224E-05
   6.18370905E-05
   6.14318706E-05
   6.09412746E-05
   6.03677217E-05
   5.97138605E-05
   5.89825358E-05
   5.81767599E-05
   5.72997196E-05
   5.63547401E-05
   5.53452956E-05
   5.42749476E-05
   5.31473743E-05
   5.19663045E-05
   5.07355180E-05
   4.94588348E-05
   4.81400675E-05
   4.67830396E-05
   4.53915272E-05
   4.39692485E-05
   4.25198632E-05
   4.10469256E-05
   3.95538955E-05
   3.80441052E-05
   3.65207379E-05
   3.49868242E-05
   3.34452416E-05
   3.18986749E-05
   3.03496254E-05
   2.88004048E-05
