   0.00000000    
   0.00000000    
   0.00000000    
   0.00000000    
   0.00000000    
   0.00000000    
   0.00000000    
   0.00000000    
   0.00000000    
   0.00000000    
   0.00000000    
   0.00000000    
   0.00000000    
   0.00000000    
   0.00000000    
   0.00000000    
   0.00000000    
   0.00000000    
   0.00000000    
   0.00000000    
   0.00000000    
   0.00000000    
   0.00000000    
   0.00000000    
   0.00000000    
   0.00000000    
   0.00000000    
   0.00000000    
   0.00000000    
   0.00000000    
   0.00000000    
   0.00000000    
   0.00000000    
   0.00000000    
   0.00000000    
   0.00000000    
   0.00000000    
   0.00000000    
   0.00000000    
   0.00000000    
   0.00000000    
   0.00000000    
   0.00000000    
   0.00000000    
   0.00000000    
   0.00000000    
   0.00000000    
   0.00000000    
   0.00000000    
   0.00000000    
   0.00000000    
   0.00000000    
   0.00000000    
   0.00000000    
   0.00000000    
   0.00000000    
   0.00000000    
   0.00000000    
   0.00000000    
   0.00000000    
   0.00000000    
   0.00000000    
   0.00000000    
   0.00000000    
   0.00000000    
   0.00000000    
   0.00000000    
   0.00000000    
   0.00000000    
   0.00000000    
   0.00000000    
   0.00000000    
   0.00000000    
   0.00000000    
   0.00000000    
   0.00000000    
   0.00000000    
   0.00000000    
   0.00000000    
   0.00000000    
   0.00000000    
   0.00000000    
   0.00000000    
   0.00000000    
   0.00000000    
   0.00000000    
   0.00000000    
   0.00000000    
   0.00000000    
   0.00000000    
   0.00000000    
   0.00000000    
   0.00000000    
   0.00000000    
   0.00000000    
   0.00000000    
   0.00000000    
   0.00000000    
   0.00000000    
   0.00000000    
   0.00000000    
   0.00000000    
   0.00000000    
   0.00000000    
   0.00000000    
   0.00000000    
   0.00000000    
   0.00000000    
   0.00000000    
  -1.40129846E-45
  -2.80259693E-45
  -5.60519386E-45
  -9.80908925E-45
  -1.54142831E-44
  -2.24207754E-44
  -2.94272678E-44
  -3.50324616E-44
  -3.64337601E-44
  -2.94272678E-44
  -5.60519386E-45
   4.20389539E-44
   1.19110369E-43
   2.34016844E-43
   3.90962272E-43
   5.82940161E-43
   7.93134931E-43
   9.76705030E-43
   1.06638813E-42
   9.55685553E-43
   5.10072641E-43
  -4.38606419E-43
  -2.05150095E-42
  -4.43230704E-42
  -7.55159742E-42
  -1.11150994E-41
  -1.43941378E-41
  -1.60336570E-41
  -1.38448288E-41
  -4.65231090E-42
   1.57225688E-41
   5.21913613E-41
   1.09653006E-40
   1.91509856E-40
   2.97124320E-40
   4.17930260E-40
   5.31865635E-40
   5.96043703E-40
   5.37815548E-40
   2.44997418E-40
  -4.43183060E-40
  -1.74154774E-39
  -3.91633634E-39
  -7.26784990E-39
  -1.20892275E-38
  -1.85896352E-38
  -2.67677042E-38
  -3.62197117E-38
  -4.58674807E-38
  -5.35950139E-38
  -5.57921603E-38
  -4.68208261E-38
  -1.84466089E-38
   4.06799298E-38
   1.45350984E-37
   3.13721288E-37
   5.66509141E-37
   9.25058863E-37
   1.40772614E-36
   2.02393757E-36
   2.76519405E-36
   3.59226238E-36
   4.41790223E-36
   5.08473914E-36
   5.33841282E-36
   4.79701566E-36
   2.91916451E-36
  -1.02506969E-36
  -7.97359328E-36
  -1.90720500E-35
  -3.56399297E-35
  -5.90845361E-35
  -9.07394338E-35
  -1.31599497E-34
  -1.81920987E-34
  -2.40653655E-34
  -3.04674383E-34
  -3.67799257E-34
  -4.19569153E-34
  -4.43829244E-34
  -4.17168619E-34
  -3.07343467E-34
  -7.18930336E-35
   3.42740013E-34
   1.00114071E-33
   1.97731080E-33
   3.35074995E-33
   5.19929747E-33
   7.58763236E-33
   1.05502330E-32
   1.40675406E-32
   1.80341845E-32
   2.22184199E-32
   2.62124837E-32
   2.93745547E-32
   3.07643387E-32
   2.90763141E-32
   2.25772439E-32
   9.05789221E-33
  -1.41870781E-32
  -5.03323700E-32
  -1.02924593E-31
  -1.75684837E-31
  -2.72176807E-31
  -3.95302434E-31
  -5.46584043E-31
  -7.25194344E-31
  -9.26702006E-31
  -1.14151250E-30
  -1.35300942E-30
  -1.53543392E-30
  -1.65159044E-30
  -1.65053381E-30
  -1.46547922E-30
  -1.01227931E-30
  -1.88945976E-31
   1.12316745E-30
   3.05574966E-30
   5.74654425E-30
   9.32791819E-30
   1.39097883E-29
   1.95556655E-29
   2.62506388E-29
   3.38602769E-29
   4.20799082E-29
   5.03742896E-29
   5.79089097E-29
   6.34752926E-29
   6.54150291E-29
   6.15494650E-29
   4.91252729E-29
   2.47901535E-29
  -1.53828418E-29
  -7.57985961E-29
  -1.61141475E-28
  -2.76040433E-28
  -4.24557293E-28
  -6.09453838E-28
  -8.31190438E-28
  -1.08660977E-27
  -1.36726399E-27
  -1.65735535E-27
  -1.93127825E-27
  -2.15078592E-27
  -2.26184217E-27
  -2.19129093E-27
  -1.84355157E-27
  -1.09766076E-27
   1.94886404E-28
   2.21086646E-27
   5.15380741E-27
   9.24915376E-27
   1.47347800E-26
   2.18452286E-26
   3.07876911E-26
   4.17075044E-26
   5.46404876E-26
   6.94493358E-26
   8.57409836E-26
   1.02761866E-25
   1.19268299E-25
   1.33369435E-25
   1.42341556E-25
   1.42413836E-25
   1.28527973E-25
   9.40775363E-26
   3.06375241E-26
  -7.22994348E-26
  -2.27555556E-25
  -4.50434055E-25
  -7.58771236E-25
  -1.17281045E-24
  -1.71481381E-24
  -2.40830774E-24
  -3.27682072E-24
  -4.34195984E-24
  -5.62061068E-24
  -7.12103556E-24
  -8.83757953E-24
  -1.07436679E-23
  -1.27827384E-23
  -1.48567184E-23
  -1.68116419E-23
  -1.84200031E-23
  -1.93594907E-23
  -1.91878062E-23
  -1.73134585E-23
  -1.29625947E-23
  -5.14236099E-24
   7.39831070E-24
   2.62088355E-23
   5.31755359E-23
   9.05548516E-23
   1.40996013E-22
   2.07545909E-22
   2.93626777E-22
   4.02973728E-22
   5.39516741E-22
   7.07186513E-22
   9.09619581E-22
   1.14973218E-21
   1.42912707E-21
   1.74729020E-21
   2.10053025E-21
   2.48060237E-21
   2.87296144E-21
   3.25457625E-21
   3.59124058E-21
   3.83432343E-21
   3.91689932E-21
   3.74923167E-21
   3.21359062E-21
   2.15845228E-21
   3.92165198E-22
  -2.32373452E-21
  -6.28126868E-21
  -1.18323849E-20
  -1.93943287E-20
  -2.94531648E-20
  -4.25643071E-20
  -5.93484964E-20
  -8.04814554E-20
  -1.06674614E-19
  -1.38644091E-19
  -1.77064304E-19
  -2.22501659E-19
  -2.75323706E-19
  -3.35577326E-19
  -4.02829720E-19
  -4.75964946E-19
  -5.52927691E-19
  -6.30406029E-19
  -7.03445767E-19
  -7.64987384E-19
  -8.05319987E-19
  -8.11447999E-19
  -7.66369603E-19
  -6.48270648E-19
  -4.29646890E-19
  -7.63738638E-20
   4.53242088E-19
   1.20938097E-18
   2.25152648E-18
   3.64908949E-18
   5.48171020E-18
   7.83908230E-18
   1.08200907E-17
   1.45310123E-17
   1.90824777E-17
   2.45847955E-17
   3.11412391E-17
   3.88387536E-17
   4.77354649E-17
   5.78444027E-17
   6.91126276E-17
   8.13949826E-17
   9.44216545E-17
   1.07758625E-16
   1.20760283E-16
   1.32513381E-16
   1.41771690E-16
   1.46881072E-16
   1.45695014E-16
   1.35480988E-16
   1.12819018E-16
   7.34944680E-17
   1.23882613E-17
  -7.66305347E-17
  -2.00803441E-16
  -3.68563861E-16
  -5.89589724E-16
  -8.74812346E-16
  -1.23636476E-15
  -1.68744728E-15
  -2.24208160E-15
  -2.91472507E-15
  -3.71970411E-15
  -4.67042829E-15
  -5.77832875E-15
  -7.05147178E-15
  -8.49278516E-15
  -1.00978270E-14
  -1.18520272E-14
  -1.37273344E-14
  -1.56781817E-14
  -1.76367201E-14
  -1.95072382E-14
  -2.11597250E-14
  -2.24225511E-14
  -2.30742651E-14
  -2.28345344E-14
  -2.13543342E-14
  -1.82055299E-14
  -1.28700973E-14
  -4.72931359E-15
   6.94658666E-15
   2.30077137E-14
   4.44319467E-14
   7.23295054E-14
   1.07943439E-13
   1.52644431E-13
   2.07918304E-13
   2.75343794E-13
   3.56558424E-13
   4.53209058E-13
   5.66884647E-13
   6.99026557E-13
   8.50812747E-13
   1.02301110E-12
   1.21579808E-12
   1.42853459E-12
   1.65949828E-12
   1.90556143E-12
   2.16181456E-12
   2.42112558E-12
   2.67363562E-12
   2.90618289E-12
   3.10165674E-12
   3.23828095E-12
   3.28882798E-12
   3.21977276E-12
   2.99039461E-12
   2.55184285E-12
   1.84619052E-12
   8.05501770E-13
  -6.49043807E-13
  -2.60792733E-12
  -5.17390254E-12
  -8.46237056E-12
  -1.26014321E-11
  -1.77315038E-11
  -2.40043870E-11
  -3.15816331E-11
  -4.06320498E-11
  -5.13281570E-11
  -6.38413558E-11
  -7.83356574E-11
  -9.49595888E-11
  -1.13836114E-10
  -1.35050152E-10
  -1.58633509E-10
  -1.84546795E-10
  -2.12657919E-10
  -2.42716985E-10
  -2.74327144E-10
  -3.06911024E-10
  -3.39672707E-10
  -3.71554620E-10
  -4.01189554E-10
  -4.26847474E-10
  -4.46377324E-10
  -4.57144017E-10
  -4.55960519E-10
  -4.39016851E-10
  -4.01805228E-10
  -3.39043627E-10
  -2.44599174E-10
  -1.11412823E-10
   6.85718565E-11
   3.04473002E-10
   6.06524220E-10
   9.86113968E-10
   1.45580548E-09
   2.02933093E-09
   2.72155476E-09
   3.54839735E-09
   4.52671056E-09
   5.67409897E-09
   7.00866920E-09
   8.54870574E-09
   1.03122533E-08
   1.23165886E-08
   1.45775827E-08
   1.71089258E-08
   1.99211918E-08
   2.30207409E-08
   2.64084363E-08
   3.00781409E-08
   3.40150308E-08
   3.81935976E-08
   4.25754436E-08
   4.71067843E-08
   5.17156522E-08
   5.63087639E-08
   6.07681088E-08
   6.49471588E-08
   6.86667363E-08
   7.17105593E-08
   7.38204093E-08
   7.46909805E-08
   7.39643298E-08
   7.12240720E-08
   6.59892621E-08
   5.77079753E-08
   4.57506992E-08
   2.94035161E-08
   7.86120680E-09
  -1.97797725E-08
  -5.45282290E-08
  -9.75050938E-08
  -1.49950026E-07
  -2.13227821E-07
  -2.88834173E-07
  -3.78401040E-07
  -4.83701172E-07
  -6.06652009E-07
  -7.49318247E-07
  -9.13913027E-07
  -1.10279859E-06
  -1.31848458E-06
  -1.56362478E-06
  -1.84101270E-06
  -2.15357340E-06
  -2.50435505E-06
  -2.89651689E-06
  -3.33331445E-06
  -3.81808286E-06
  -4.35421816E-06
  -4.94515234E-06
  -5.59432965E-06
  -6.30517570E-06
  -7.08106882E-06
  -7.92530227E-06
  -8.84105066E-06
  -9.83132486E-06
  -1.08989325E-05
  -1.20464329E-05
  -1.32760870E-05
  -1.45898093E-05
  -1.59891206E-05
  -1.74750912E-05
  -1.90482951E-05
  -2.07087560E-05
  -2.24558898E-05
  -2.42884616E-05
  -2.62045342E-05
  -2.82014262E-05
  -3.02756689E-05
  -3.24229659E-05
  -3.46381603E-05
  -3.69152112E-05
  -3.92471738E-05
  -4.16261682E-05
  -4.40433978E-05
  -4.64891418E-05
  -4.89527665E-05
  -5.14227431E-05
  -5.38866880E-05
  -5.63313952E-05
  -5.87428949E-05
  -6.11065261E-05
  -6.34069802E-05
  -6.56284465E-05
  -6.77546341E-05
  -6.97689611E-05
  -7.16545910E-05
  -7.33945999E-05
  -7.49721294E-05
  -7.63704884E-05
  -7.75733206E-05
  -7.85647717E-05
  -7.93296131E-05
  -7.98534238E-05
  -8.01227361E-05
  -8.01252099E-05
  -7.98497786E-05
  -7.92867722E-05
  -7.84281001E-05
  -7.72673520E-05
  -7.57999442E-05
  -7.40231917E-05
  -7.19364471E-05
  -6.95411509E-05
  -6.68409048E-05
  -6.38414931E-05
  -6.05509340E-05
  -5.69794502E-05
  -5.31394617E-05
  -4.90455423E-05
  -4.47143611E-05
  -4.01645702E-05
  -3.54167132E-05
  -3.04930836E-05
  -2.54175720E-05
  -2.02154934E-05
  -1.49133966E-05
  -9.53885774E-06
  -4.12025747E-06
   1.31345075E-06
   6.73298337E-06
   1.21089752E-05
   1.74122342E-05
   2.26139928E-05
   2.76861592E-05
   3.26015688E-05
   3.73342154E-05
   4.18594827E-05
   4.61543641E-05
   5.01976465E-05
   5.39700995E-05
   5.74546248E-05
   6.06363756E-05
   6.35029282E-05
   6.60442820E-05
   6.82529426E-05
   7.01239842E-05
   7.16549985E-05
   7.28460946E-05
   7.36998409E-05
   7.42211269E-05
   7.44171339E-05
   7.42971388E-05
   7.38724048E-05
   7.31559703E-05
   7.21624601E-05
   7.09078668E-05
   6.94093542E-05
   6.76850468E-05
   6.57537457E-05
   6.36347322E-05
   6.13475131E-05
   5.89116207E-05
   5.63463582E-05
   5.36706066E-05
   5.09026431E-05
   4.80599301E-05
   4.51589694E-05
   4.22151606E-05
   3.92426919E-05
   3.62544051E-05
   3.32617601E-05
   3.02747740E-05
   2.73019832E-05
   2.43504492E-05
   2.14257834E-05
   1.85321824E-05
   1.56724964E-05
   1.28483034E-05
   1.00600118E-05
   7.30697457E-06
   4.58761315E-06
   1.89955267E-06
  -7.60236162E-07
  -3.39528992E-06
  -6.00950216E-06
  -8.60697855E-06
  -1.11918853E-05
  -1.37683137E-05
  -1.63401437E-05
  -1.89109305E-05
  -2.14837692E-05
  -2.40612226E-05
  -2.66452134E-05
  -2.92369587E-05
  -3.18369166E-05
  -3.44447362E-05
  -3.70592388E-05
  -3.96784017E-05
  -4.22993580E-05
  -4.49184226E-05
  -4.75311099E-05
  -5.01321774E-05
  -5.27156881E-05
  -5.52750535E-05
  -5.78031068E-05
  -6.02921791E-05
  -6.27341869E-05
  -6.51206865E-05
  -6.74429830E-05
  -6.96921998E-05
  -7.18593437E-05
  -7.39354073E-05
  -7.59114409E-05
  -7.77785826E-05
  -7.95281958E-05
  -8.11518767E-05
  -8.26414980E-05
  -8.39892891E-05
  -8.51878794E-05
  -8.62302768E-05
  -8.71099692E-05
  -8.78209030E-05
  -8.83575194E-05
  -8.87147398E-05
  -8.88880313E-05
  -8.88733484E-05
  -8.86671696E-05
  -8.82664972E-05
  -8.76688719E-05
  -8.68723073E-05
  -8.58753992E-05
  -8.46772164E-05
  -8.32773585E-05
  -8.16759421E-05
  -7.98735855E-05
  -7.78714457E-05
  -7.56711815E-05
  -7.32749832E-05
  -7.06855499E-05
  -6.79061341E-05
  -6.49404901E-05
  -6.17929327E-05
  -5.84682821E-05
  -5.49719116E-05
  -5.13097184E-05
  -4.74881308E-05
  -4.35140792E-05
  -3.93950249E-05
  -3.51389026E-05
  -3.07541304E-05
  -2.62495687E-05
  -2.16345106E-05
  -1.69186387E-05
  -1.21119947E-05
  -7.22493451E-06
  -2.26809266E-06
   2.74766535E-06
   7.81129529E-06
   1.29116279E-05
   1.80374191E-05
   2.31774029E-05
   2.83203572E-05
   3.34551478E-05
   3.85707935E-05
   4.36565279E-05
   4.87018369E-05
   5.36965126E-05
   5.86307106E-05
   6.34949756E-05
   6.82803147E-05
   7.29782114E-05
   7.75806402E-05
   8.20801361E-05
   8.64697795E-05
   9.07432259E-05
   9.48947127E-05
   9.89190885E-05
   1.02811777E-04
   1.06568797E-04
   1.10186753E-04
   1.13662820E-04
   1.16994714E-04
   1.20180710E-04
   1.23219550E-04
   1.26110535E-04
   1.28853382E-04
   1.31448265E-04
   1.33895723E-04
   1.36196730E-04
   1.38352552E-04
   1.40364820E-04
   1.42235411E-04
   1.43966477E-04
   1.45560422E-04
   1.47019848E-04
   1.48347506E-04
   1.49546308E-04
   1.50619351E-04
   1.51569780E-04
   1.52400869E-04
   1.53115980E-04
   1.53718502E-04
   1.54211841E-04
   1.54599460E-04
   1.54884794E-04
   1.55071350E-04
   1.55162517E-04
   1.55161717E-04
   1.55072266E-04
   1.54897440E-04
   1.54640482E-04
   1.54304493E-04
   1.53892513E-04
   1.53407425E-04
   1.52852022E-04
   1.52228924E-04
   1.51540633E-04
   1.50789521E-04
   1.49977728E-04
   1.49107218E-04
   1.48179839E-04
   1.47197163E-04
   1.46160630E-04
   1.45071434E-04
   1.43930578E-04
   1.42738907E-04
   1.41497003E-04
   1.40205259E-04
   1.38863907E-04
   1.37472976E-04
   1.36032351E-04
   1.34541755E-04
   1.33000765E-04
   1.31408829E-04
   1.29765263E-04
   1.28069369E-04
   1.26320301E-04
   1.24517202E-04
   1.22659199E-04
   1.20745404E-04
   1.18774966E-04
   1.16747040E-04
   1.14660907E-04
   1.12515867E-04
   1.10311375E-04
   1.08046996E-04
   1.05722422E-04
   1.03337494E-04
   1.00892212E-04
   9.83867649E-05
   9.58214951E-05
   9.31969626E-05
   9.05138731E-05
   8.77731291E-05
   8.49758144E-05
   8.21232024E-05
   7.92167193E-05
   7.62579439E-05
   7.32486224E-05
   7.01906101E-05
   6.70859154E-05
   6.39366335E-05
   6.07449765E-05
   5.75132217E-05
   5.42437083E-05
   5.09388410E-05
   4.76010500E-05
   4.42327873E-05
   4.08365268E-05
   3.74147239E-05
   3.39698381E-05
   3.05043068E-05
   2.70205292E-05
   2.35208790E-05
   2.00076902E-05
   1.64832545E-05
   1.29498212E-05
   9.40960035E-06
   5.86475790E-06
   2.31742206E-06
  -1.23031373E-06
  -4.77638469E-06
  -8.31874968E-06
  -1.18553862E-05
  -1.53842848E-05
  -1.89034345E-05
  -2.24108244E-05
  -2.59044318E-05
  -2.93822141E-05
  -3.28420974E-05
  -3.62819774E-05
  -3.96997129E-05
  -4.30931032E-05
  -4.64599034E-05
  -4.97978035E-05
  -5.31044279E-05
  -5.63773247E-05
  -5.96139726E-05
  -6.28117559E-05
  -6.59679936E-05
  -6.90798915E-05
  -7.21445831E-05
  -7.51590851E-05
  -7.81203271E-05
  -8.10251368E-05
  -8.38702472E-05
  -8.66522605E-05
  -8.93676915E-05
  -9.20129387E-05
  -9.45842985E-05
  -9.70779292E-05
  -9.94899092E-05
  -1.01816178E-04
  -1.04052582E-04
  -1.06194842E-04
  -1.08238579E-04
  -1.10179317E-04
  -1.12012465E-04
  -1.13733338E-04
  -1.15337163E-04
  -1.16819072E-04
  -1.18174146E-04
  -1.19397388E-04
  -1.20483754E-04
  -1.21428173E-04
  -1.22225552E-04
  -1.22870813E-04
  -1.23358855E-04
  -1.23684673E-04
  -1.23843318E-04
  -1.23829916E-04
  -1.23639707E-04
  -1.23268168E-04
  -1.22710888E-04
  -1.21963712E-04
  -1.21022757E-04
  -1.19884418E-04
  -1.18545453E-04
  -1.17002994E-04
  -1.15254574E-04
  -1.13298207E-04
  -1.11132395E-04
  -1.08756161E-04
  -1.06169129E-04
  -1.03371516E-04
  -1.00364166E-04
  -9.71486079E-05
  -9.37270670E-05
  -9.01024832E-05
  -8.62785309E-05
  -8.22596558E-05
  -7.80510381E-05
  -7.36586735E-05
  -6.90892921E-05
  -6.43504027E-05
  -5.94502671E-05
  -5.43978967E-05
  -4.92030158E-05
  -4.38760399E-05
  -3.84280356E-05
  -3.28706883E-05
  -2.72162524E-05
  -2.14775009E-05
  -1.56676742E-05
  -9.80040841E-06
  -3.88968601E-06
   2.05024344E-06
   8.00492944E-06
   1.39597978E-05
   1.99002225E-05
   2.58116106E-05
   3.16794685E-05
   3.74894953E-05
   4.32276465E-05
   4.88802216E-05
   5.44339418E-05
   5.98759980E-05
   6.51941518E-05
   7.03767873E-05
   7.54129724E-05
   8.02924915E-05
   8.50059514E-05
   8.95447738E-05
   9.39012389E-05
   9.80685509E-05
   1.02040816E-04
   1.05813109E-04
   1.09381428E-04
   1.12742739E-04
   1.15894967E-04
   1.18836950E-04
   1.21568453E-04
   1.24090118E-04
   1.26403436E-04
   1.28510757E-04
   1.30415152E-04
   1.32120404E-04
   1.33630980E-04
   1.34951973E-04
   1.36088929E-04
   1.37047915E-04
   1.37835377E-04
   1.38458054E-04
   1.38922944E-04
   1.39237207E-04
   1.39408119E-04
   1.39442898E-04
   1.39348776E-04
   1.39132797E-04
   1.38801799E-04
   1.38362404E-04
   1.37820825E-04
   1.37182913E-04
   1.36454109E-04
   1.35639304E-04
   1.34742877E-04
   1.33768641E-04
   1.32719782E-04
   1.31598892E-04
   1.30407905E-04
   1.29148102E-04
   1.27820153E-04
   1.26424056E-04
   1.24959188E-04
   1.23424339E-04
   1.21817749E-04
   1.20137163E-04
   1.18379772E-04
   1.16542389E-04
   1.14621471E-04
   1.12613168E-04
   1.10513414E-04
   1.08318003E-04
   1.06022671E-04
   1.03623177E-04
   1.01115373E-04
   9.84953149E-05
   9.57593656E-05
   9.29042435E-05
   8.99271326E-05
   8.68257630E-05
   8.35984902E-05
   8.02443683E-05
   7.67632009E-05
   7.31556574E-05
   6.94232658E-05
   6.55684926E-05
   6.15947647E-05
   5.75064951E-05
   5.33091079E-05
   4.90090351E-05
   4.46137019E-05
   4.01315119E-05
   3.55718257E-05
   3.09448878E-05
   2.62618032E-05
   2.15344535E-05
   1.67754315E-05
   1.19979513E-05
   7.21575498E-06
   2.44301805E-06
  -2.30575370E-06
  -7.01584395E-06
  -1.16724250E-05
  -1.62606866E-05
  -2.07659396E-05
  -2.51737329E-05
  -2.94699657E-05
  -3.36409939E-05
  -3.76737225E-05
  -4.15557151E-05
  -4.52752793E-05
  -4.88215337E-05
  -5.21844777E-05
  -5.53550635E-05
  -5.83252368E-05
  -6.10879797E-05
  -6.36373079E-05
  -6.59683501E-05
  -6.80773010E-05
  -6.99614102E-05
  -7.16189970E-05
  -7.30494139E-05
  -7.42530392E-05
  -7.52311753E-05
  -7.59860486E-05
  -7.65207733E-05
  -7.68392711E-05
  -7.69461985E-05
  -7.68469326E-05
  -7.65474615E-05
  -7.60543553E-05
  -7.53747227E-05
  -7.45161160E-05
  -7.34865171E-05
  -7.22942568E-05
  -7.09480082E-05
  -6.94566843E-05
  -6.78294673E-05
  -6.60757432E-05
  -6.42050873E-05
  -6.22272419E-05
  -6.01520733E-05
  -5.79895823E-05
  -5.57498715E-05
  -5.34431456E-05
  -5.10796926E-05
  -4.86698773E-05
  -4.62241223E-05
  -4.37529015E-05
  -4.12667323E-05
  -3.87761211E-05
  -3.62915926E-05
  -3.38236168E-05
  -3.13826022E-05
  -2.89788695E-05
  -2.66225852E-05
  -2.43237300E-05
  -2.20920519E-05
  -1.99370097E-05
  -1.78677183E-05
  -1.58928815E-05
  -1.40207449E-05
  -1.22590145E-05
  -1.06148063E-05
  -9.09458140E-06
  -7.70408406E-06
  -6.44828697E-06
  -5.33133334E-06
  -4.35649281E-06
  -3.52611596E-06
  -2.84160046E-06
  -2.30336354E-06
  -1.91082177E-06
  -1.66238169E-06
  -1.55544058E-06
  -1.58639432E-06
  -1.75065861E-06
  -2.04269850E-06
  -2.45606725E-06
  -2.98345617E-06
  -3.61675234E-06
  -4.34710682E-06
  -5.16500995E-06
  -6.06037202E-06
  -7.02261195E-06
  -8.04074716E-06
  -9.10349263E-06
  -1.01993592E-05
  -1.13167525E-05
  -1.24440712E-05
  -1.35698110E-05
  -1.46826615E-05
  -1.57715949E-05
  -1.68259703E-05
  -1.78356022E-05
  -1.87908554E-05
  -1.96827059E-05
  -2.05028191E-05
  -2.12435971E-05
  -2.18982386E-05
  -2.24607738E-05
  -2.29261095E-05
  -2.32900366E-05
  -2.35492589E-05
  -2.37013901E-05
  -2.37449658E-05
  -2.36794149E-05
  -2.35050593E-05
  -2.32230759E-05
  -2.28354620E-05
  -2.23450024E-05
  -2.17552151E-05
  -2.10703020E-05
  -2.02950905E-05
  -1.94349632E-05
  -1.84958044E-05
  -1.74839133E-05
  -1.64059456E-05
  -1.52688353E-05
  -1.40797156E-05
  -1.28458460E-05
  -1.15745406E-05
  -1.02730955E-05
  -8.94871664E-06
  -7.60845614E-06
  -6.25914663E-06
  -4.90734601E-06
  -3.55928273E-06
  -2.22081076E-06
  -8.97368295E-07
   4.06055250E-07
   1.68494762E-06
   2.93529183E-06
   4.15357772E-06
   5.33680941E-06
   6.48250034E-06
   7.58866418E-06
   8.65380207E-06
   9.67687811E-06
   1.06572916E-05
   1.15948442E-05
   1.24897078E-05
   1.33423773E-05
   1.41536357E-05
   1.49245006E-05
   1.56561891E-05
   1.63500645E-05
   1.70075909E-05
   1.76303020E-05
   1.82197418E-05
   1.87774458E-05
   1.93048945E-05
   1.98034941E-05
   2.02745377E-05
   2.07192024E-05
   2.11385232E-05
   2.15333821E-05
   2.19045141E-05
   2.22524995E-05
   2.25777712E-05
   2.28806239E-05
   2.31612266E-05
   2.34196341E-05
   2.36558153E-05
   2.38696721E-05
   2.40610516E-05
   2.42297774E-05
   2.43756785E-05
   2.44985931E-05
   2.45984102E-05
   2.46750787E-05
   2.47286262E-05
   2.47591779E-05
   2.47669650E-05
   2.47523403E-05
   2.47157786E-05
   2.46578838E-05
   2.45793926E-05
   2.44811690E-05
   2.43641971E-05
   2.42295719E-05
   2.40785030E-05
   2.39122783E-05
   2.37322674E-05
   2.35398984E-05
   2.33366427E-05
   2.31239992E-05
   2.29034686E-05
   2.26765460E-05
   2.24446921E-05
   2.22093186E-05
   2.19717713E-05
   2.17333127E-05
   2.14951142E-05
   2.12582308E-05
   2.10235994E-05
   2.07920166E-05
   2.05641463E-05
   2.03404943E-05
   2.01214207E-05
   1.99071255E-05
   1.96976471E-05
   1.94928707E-05
   1.92925218E-05
   1.90961800E-05
   1.89032762E-05
   1.87131100E-05
   1.85248555E-05
   1.83375669E-05
   1.81502019E-05
   1.79616272E-05
   1.77706352E-05
   1.75759687E-05
   1.73763292E-05
   1.71703941E-05
   1.69568466E-05
   1.67343787E-05
   1.65017245E-05
   1.62576689E-05
   1.60010695E-05
   1.57308750E-05
   1.54461432E-05
   1.51460526E-05
   1.48299159E-05
   1.44971955E-05
   1.41475075E-05
   1.37806364E-05
   1.33965314E-05
   1.29953160E-05
   1.25772804E-05
   1.21428811E-05
   1.16927376E-05
   1.12276175E-05
   1.07484275E-05
   1.02561971E-05
   9.75206967E-06
   9.23727384E-06
   8.71311204E-06
   8.18093577E-06
   7.64212655E-06
   7.09807500E-06
   6.55015447E-06
   5.99970463E-06
   5.44800923E-06
   4.89627655E-06
   4.34562025E-06
   3.79704511E-06
   3.25143037E-06
   2.70951750E-06
   2.17190177E-06
   1.63902212E-06
   1.11115696E-06
   5.88421642E-07
   7.07673209E-08
  -4.42017068E-07
  -9.50299068E-07
  -1.45459751E-06
  -1.95557163E-06
  -2.45401247E-06
  -2.95082873E-06
  -3.44703426E-06
  -3.94373092E-06
  -4.44209627E-06
  -4.94336336E-06
  -5.44880550E-06
  -5.95971824E-06
  -6.47740171E-06
  -7.00314467E-06
  -7.53820495E-06
  -8.08379900E-06
  -8.64107915E-06
  -9.21112496E-06
  -9.79492415E-06
  -1.03933626E-05
  -1.10072142E-05
  -1.16371266E-05
  -1.22836136E-05
  -1.29470463E-05
  -1.36276476E-05
  -1.43254829E-05
  -1.50404603E-05
  -1.57723243E-05
  -1.65206584E-05
  -1.72848795E-05
  -1.80642437E-05
  -1.88578451E-05
  -1.96646197E-05
  -2.04833523E-05
  -2.13126877E-05
  -2.21511273E-05
  -2.29970519E-05
  -2.38487210E-05
  -2.47042881E-05
  -2.55618143E-05
  -2.64192804E-05
  -2.72745965E-05
  -2.81256252E-05
  -2.89701893E-05
  -2.98060877E-05
  -3.06311158E-05
  -3.14430690E-05
  -3.22397755E-05
  -3.30190960E-05
  -3.37789497E-05
  -3.45173212E-05
  -3.52322677E-05
  -3.59219521E-05
  -3.65846317E-05
  -3.72186842E-05
  -3.78226214E-05
  -3.83950828E-05
  -3.89348534E-05
  -3.94408780E-05
  -3.99122364E-05
  -4.03481899E-05
  -4.07481493E-05
  -4.11116998E-05
  -4.14385831E-05
  -4.17287083E-05
  -4.19821445E-05
  -4.21991172E-05
  -4.23800084E-05
  -4.25253456E-05
  -4.26357910E-05
  -4.27121486E-05
  -4.27553350E-05
  -4.27663836E-05
  -4.27464256E-05
  -4.26966944E-05
  -4.26185034E-05
  -4.25132239E-05
  -4.23822858E-05
  -4.22271623E-05
  -4.20493670E-05
  -4.18504278E-05
  -4.16318690E-05
  -4.13952366E-05
  -4.11420369E-05
  -4.08737687E-05
  -4.05918945E-05
  -4.02978403E-05
  -3.99929777E-05
  -3.96786309E-05
  -3.93560731E-05
  -3.90265050E-05
  -3.86910760E-05
  -3.83508741E-05
  -3.80069177E-05
  -3.76601674E-05
  -3.73115290E-05
  -3.69618392E-05
  -3.66118911E-05
  -3.62624232E-05
  -3.59141195E-05
  -3.55676166E-05
  -3.52235184E-05
  -3.48823887E-05
  -3.45447515E-05
  -3.42110870E-05
  -3.38818536E-05
  -3.35574769E-05
  -3.32383424E-05
  -3.29247996E-05
  -3.26171757E-05
  -3.23157365E-05
  -3.20207146E-05
  -3.17322920E-05
  -3.14506069E-05
  -3.11757249E-05
  -3.09076568E-05
  -3.06463407E-05
  -3.03916404E-05
  -3.01433374E-05
  -2.99011244E-05
  -2.96646085E-05
  -2.94333040E-05
  -2.92066270E-05
  -2.89839008E-05
  -2.87643488E-05
  -2.85471051E-05
  -2.83312056E-05
  -2.81156026E-05
  -2.78991683E-05
  -2.76807023E-05
  -2.74589293E-05
  -2.72325287E-05
  -2.70001328E-05
  -2.67603464E-05
  -2.65117524E-05
  -2.62529320E-05
  -2.59824847E-05
  -2.56990315E-05
  -2.54012484E-05
  -2.50878711E-05
  -2.47577136E-05
  -2.44096918E-05
  -2.40428326E-05
  -2.36562901E-05
  -2.32493621E-05
  -2.28215067E-05
  -2.23723455E-05
  -2.19016838E-05
  -2.14095126E-05
  -2.08960209E-05
  -2.03615946E-05
  -1.98068265E-05
  -1.92325042E-05
  -1.86396264E-05
  -1.80293828E-05
  -1.74031538E-05
  -1.67625039E-05
  -1.61091630E-05
  -1.54450208E-05
  -1.47721048E-05
  -1.40925640E-05
  -1.34086549E-05
  -1.27227158E-05
  -1.20371451E-05
  -1.13543811E-05
  -1.06768766E-05
  -1.00070793E-05
  -9.34740183E-06
  -8.70020358E-06
  -8.06776825E-06
  -7.45227817E-06
  -6.85579607E-06
  -6.28024827E-06
  -5.72740510E-06
  -5.19886544E-06
  -4.69604720E-06
  -4.22017274E-06
  -3.77226252E-06
  -3.35313052E-06
  -2.96337998E-06
  -2.60340289E-06
  -2.27338251E-06
  -1.97329859E-06
  -1.70293345E-06
  -1.46188086E-06
  -1.24955716E-06
  -1.06521350E-06
  -9.07950437E-07
  -7.76732406E-07
  -6.70403949E-07
  -5.87706666E-07
  -5.27296208E-07
  -4.87760133E-07
  -4.67634777E-07
  -4.65422801E-07
  -4.79609923E-07
  -5.08681410E-07
  -5.51137020E-07
  -6.05505818E-07
  -6.70359327E-07
  -7.44324097E-07
  -8.26092503E-07
  -9.14431894E-07
  -1.00819261E-06
  -1.10631436E-06
  -1.20783125E-06
  -1.31187335E-06
  -1.41766998E-06
  -1.52454766E-06
  -1.63193010E-06
  -1.73933381E-06
  -1.84636451E-06
  -1.95271059E-06
  -2.05813717E-06
  -2.16247759E-06
  -2.26562724E-06
  -2.36753272E-06
  -2.46818263E-06
  -2.56759904E-06
  -2.66582788E-06
  -2.76292849E-06
  -2.85896476E-06
  -2.95399718E-06
  -3.04807281E-06
  -3.14121803E-06
  -3.23343238E-06
  -3.32468107E-06
  -3.41489135E-06
  -3.50394862E-06
  -3.59169258E-06
  -3.67791768E-06
  -3.76237131E-06
  -3.84475788E-06
  -3.92474021E-06
  -4.00194222E-06
  -4.07595599E-06
  -4.14634815E-06
  -4.21266577E-06
  -4.27444411E-06
  -4.33121659E-06
  -4.38252300E-06
  -4.42791634E-06
  -4.46697459E-06
  -4.49930803E-06
  -4.52456698E-06
  -4.54244901E-06
  -4.55270765E-06
  -4.55515419E-06
  -4.54966766E-06
  -4.53619532E-06
  -4.51475489E-06
  -4.48543824E-06
  -4.44840953E-06
  -4.40390477E-06
  -4.35222728E-06
  -4.29374859E-06
  -4.22889934E-06
  -4.15816612E-06
  -4.08208371E-06
  -4.00122690E-06
  -3.91620461E-06
  -3.82764756E-06
  -3.73620264E-06
  -3.64252105E-06
  -3.54725034E-06
  -3.45102444E-06
  -3.35445475E-06
  -3.25812175E-06
  -3.16256524E-06
  -3.06827815E-06
  -2.97569932E-06
  -2.88520596E-06
  -2.79710957E-06
  -2.71165254E-06
  -2.62900221E-06
  -2.54925044E-06
  -2.47241223E-06
  -2.39842507E-06
  -2.32715138E-06
  -2.25837903E-06
  -2.19182516E-06
  -2.12714053E-06
  -2.06391496E-06
  -2.00168324E-06
  -1.93993196E-06
  -1.87810849E-06
  -1.81562802E-06
  -1.75188404E-06
  -1.68625741E-06
  -1.61812670E-06
  -1.54687893E-06
  -1.47191929E-06
  -1.39268263E-06
  -1.30864328E-06
  -1.21932624E-06
  -1.12431587E-06
  -1.02326646E-06
  -9.15910107E-07
  -8.02064960E-07
  -6.81642177E-07
  -5.54652104E-07
  -4.21208767E-07
  -2.81533687E-07
  -1.35957720E-07
   1.50778661E-08
   1.71021981E-07
   3.31215801E-07
   4.94896142E-07
   6.61200545E-07
   8.29172961E-07
   9.97771735E-07
   1.16587739E-06
   1.33230287E-06
   1.49580353E-06
   1.65508959E-06
   1.80883683E-06
   1.95569987E-06
   2.09432460E-06
   2.22336166E-06
   2.34147933E-06
   2.44737657E-06
   2.53979533E-06
   2.61753303E-06
   2.67945484E-06
   2.72450370E-06
   2.75171078E-06
   2.76020501E-06
   2.74922104E-06
   2.71810677E-06
   2.66632833E-06
   2.59347667E-06
   2.49926984E-06
   2.38355688E-06
   2.24631845E-06
   2.08766846E-06
   1.90785227E-06
   1.70724627E-06
   1.48635581E-06
   1.24581163E-06
   9.86366899E-07
   7.08893083E-07
   4.14374966E-07
   1.03906089E-07
  -2.21316455E-07
  -5.59997375E-07
  -9.10748383E-07
  -1.27209330E-06
  -1.64247388E-06
  -2.02025353E-06
  -2.40372333E-06
  -2.79110600E-06
  -3.18055959E-06
  -3.57018189E-06
  -3.95801317E-06
  -4.34204185E-06
  -4.72020474E-06
  -5.09039273E-06
  -5.45045214E-06
  -5.79818925E-06
  -6.13137354E-06
  -6.44774263E-06
  -6.74500643E-06
  -7.02085072E-06
  -7.27294673E-06
  -7.49895298E-06
  -7.69652888E-06
  -7.86334203E-06
  -7.99707323E-06
  -8.09543599E-06
  -8.15618205E-06
  -8.17711862E-06
  -8.15612293E-06
  -8.09115772E-06
  -7.98028850E-06
  -7.82170264E-06
  -7.61372985E-06
  -7.35485992E-06
  -7.04376407E-06
  -6.67931772E-06
  -6.26061956E-06
  -5.78701474E-06
  -5.25811538E-06
  -4.67381778E-06
  -4.03432523E-06
  -3.34016431E-06
  -2.59220019E-06
  -1.79165181E-06
  -9.40104371E-07
  -3.95182944E-08
   9.07763649E-07
   1.89901164E-06
   2.93110793E-06
   4.00054751E-06
   5.10344535E-06
   6.23554297E-06
   7.39222060E-06
   8.56851329E-06
   9.75912553E-06
   1.09584607E-05
   1.21606390E-05
   1.33595313E-05
   1.45487866E-05
   1.57218674E-05
   1.68720926E-05
   1.79926628E-05
   1.90767223E-05
   2.01173843E-05
   2.11077822E-05
   2.20411239E-05
   2.29107191E-05
   2.37100448E-05
   2.44327839E-05
   2.50728735E-05
   2.56245530E-05
   2.60824036E-05
   2.64413939E-05
   2.66969219E-05
   2.68448548E-05
   2.68815656E-05
   2.68039657E-05
   2.66095267E-05
   2.62963276E-05
   2.58630607E-05
   2.53090529E-05
   2.46342879E-05
   2.38394114E-05
   2.29257421E-05
   2.18952700E-05
   2.07506509E-05
   1.94952045E-05
   1.81328978E-05
   1.66683385E-05
   1.51067425E-05
   1.34539096E-05
   1.17161981E-05
   9.90048829E-06
   8.01414717E-06
   6.06498634E-06
   4.06121444E-06
   2.01139301E-06
  -7.56164127E-08
  -2.19070398E-06
  -4.32456727E-06
  -6.46776880E-06
  -8.61079025E-06
  -1.07440965E-05
  -1.28581933E-05
  -1.49436846E-05
  -1.69913310E-05
  -1.89921138E-05
  -2.09372938E-05
  -2.28184472E-05
  -2.46275449E-05
  -2.63569873E-05
  -2.79996566E-05
  -2.95489626E-05
  -3.09988791E-05
  -3.23439890E-05
  -3.35795157E-05
  -3.47013447E-05
  -3.57060599E-05
  -3.65909327E-05
  -3.73539879E-05
  -3.79939593E-05
  -3.85103413E-05
  -3.89033303E-05
  -3.91738722E-05
  -3.93236114E-05
  -3.93548980E-05
  -3.92707552E-05
  -3.90748610E-05
  -3.87714972E-05
  -3.83655242E-05
  -3.78623590E-05
  -3.72679060E-05
  -3.65885280E-05
  -3.58309881E-05
  -3.50023947E-05
  -3.41101550E-05
  -3.31619231E-05
  -3.21655352E-05
  -3.11289514E-05
  -3.00602042E-05
  -2.89673299E-05
  -2.78583193E-05
  -2.67410596E-05
  -2.56232761E-05
  -2.45124738E-05
  -2.34158888E-05
  -2.23404422E-05
  -2.12926843E-05
  -2.02787578E-05
  -1.93043488E-05
  -1.83746524E-05
  -1.74943452E-05
  -1.66675454E-05
  -1.58977928E-05
  -1.51880295E-05
  -1.45405802E-05
  -1.39571430E-05
  -1.34387801E-05
  -1.29859218E-05
  -1.25983661E-05
  -1.22752899E-05
  -1.20152636E-05
  -1.18162670E-05
  -1.16757174E-05
  -1.15904959E-05
  -1.15569828E-05
  -1.15710945E-05
  -1.16283281E-05
  -1.17238042E-05
  -1.18523185E-05
  -1.20083987E-05
  -1.21863541E-05
  -1.23803347E-05
  -1.25843926E-05
