   0.00000000    
   0.00000000    
   0.00000000    
   0.00000000    
   0.00000000    
   0.00000000    
   0.00000000    
   0.00000000    
   0.00000000    
   0.00000000    
   0.00000000    
   0.00000000    
   0.00000000    
   0.00000000    
   0.00000000    
   0.00000000    
   0.00000000    
   0.00000000    
   0.00000000    
   0.00000000    
   0.00000000    
   0.00000000    
   0.00000000    
   0.00000000    
   0.00000000    
   0.00000000    
   0.00000000    
   0.00000000    
   0.00000000    
   0.00000000    
   0.00000000    
   0.00000000    
   0.00000000    
   0.00000000    
   0.00000000    
   0.00000000    
   0.00000000    
   0.00000000    
   0.00000000    
   0.00000000    
   0.00000000    
   0.00000000    
   0.00000000    
   0.00000000    
   0.00000000    
   0.00000000    
   0.00000000    
   0.00000000    
   0.00000000    
   0.00000000    
   0.00000000    
   0.00000000    
   0.00000000    
   0.00000000    
   0.00000000    
  -1.40129846E-45
  -2.80259693E-45
  -7.00649232E-45
  -1.26116862E-44
  -1.82168800E-44
  -1.40129846E-44
   2.24207754E-44
   1.38728548E-43
   4.11981749E-43
   9.52882956E-43
   1.86933215E-42
   3.14451375E-42
   4.36924861E-42
   4.21930968E-42
  -4.06376555E-43
  -1.55558143E-41
  -5.14206471E-41
  -1.22616418E-40
  -2.45576155E-40
  -4.29444730E-40
  -6.54770720E-40
  -8.32469379E-40
  -7.35376211E-40
   1.00908904E-40
   2.49736329E-39
   7.73093000E-39
   1.75204908E-38
   3.37228305E-38
   5.74497002E-38
   8.71922432E-38
   1.15448160E-37
   1.23383881E-37
   7.33881810E-38
  -9.97776523E-38
  -4.96846536E-37
  -1.25569651E-36
  -2.53729674E-36
  -4.48083968E-36
  -7.10664108E-36
  -1.01401455E-35
  -1.27296008E-35
  -1.30393246E-35
  -7.72819807E-36
   8.61998172E-36
   4.39493231E-35
   1.08751732E-34
   2.15129425E-34
   3.74118480E-34
   5.90220994E-34
   8.51882042E-34
   1.11662706E-33
   1.28994250E-33
   1.19802748E-33
   5.56605621E-34
  -1.05851136E-33
  -4.22811396E-33
  -9.67518911E-33
  -1.81917493E-32
  -3.04686049E-32
  -4.67794854E-32
  -6.64638083E-32
  -8.71531848E-32
  -1.03702194E-31
  -1.06823225E-31
  -8.14996917E-32
  -5.37422499E-33
   1.52507250E-31
   4.31959285E-31
   8.79959837E-31
   1.54562367E-30
   2.47003750E-30
   3.66872577E-30
   5.10421540E-30
   6.64614651E-30
   8.01684740E-30
   8.72160008E-30
   7.96530319E-30
   4.56144658E-30
  -3.15430010E-30
  -1.73843976E-29
  -4.08697922E-29
  -7.67805796E-29
  -1.28428207E-28
  -1.98708978E-28
  -2.89167090E-28
  -3.98547224E-28
  -5.20697742E-28
  -6.41695013E-28
  -7.36098080E-28
  -7.62328428E-28
  -6.57321864E-28
  -3.30839881E-28
   3.39811152E-28
   1.51340384E-27
   3.38483497E-27
   6.17882006E-27
   1.01334376E-26
   1.54685670E-26
   2.23330312E-26
   3.07231679E-26
   4.03647738E-26
   5.05503301E-26
   5.99246046E-26
   6.62148027E-26
   6.59073195E-26
   5.38829099E-26
   2.30366567E-26
  -3.60697374E-26
  -1.35447171E-25
  -2.89696940E-25
  -5.15647657E-25
  -8.31398060E-25
  -1.25449148E-24
  -1.79888429E-24
  -2.47031694E-24
  -3.25964939E-24
  -4.13372502E-24
  -5.02336488E-24
  -5.80823769E-24
  -6.29859482E-24
  -6.21428176E-24
  -5.16204623E-24
  -2.61305876E-24
   2.11628583E-24
   9.87569445E-24
   2.16780207E-23
   3.86734326E-23
   6.20898156E-23
   9.31259449E-23
   1.32781888E-22
   1.81609324E-22
   2.39363698E-22
   3.04541810E-22
   3.73791377E-22
   4.41187614E-22
   4.97382178E-22
   5.28650049E-22
   5.15882367E-22
   4.33608239E-22
   2.49167914E-22
  -7.77889554E-23
  -5.95250054E-22
  -1.35793996E-21
  -2.42521742E-21
  -3.85735605E-21
  -5.70975070E-21
  -8.02456960E-21
  -1.08193932E-20
  -1.40724538E-20
  -1.77042323E-20
  -2.15554269E-20
  -2.53616274E-20
  -2.87255916E-20
  -3.10885655E-20
  -3.17029248E-20
  -2.96093985E-20
  -2.36229971E-20
  -1.23331224E-20
   5.87587102E-21
   3.27762886E-20
   7.02130937E-20
   1.19976434E-19
   1.83623989E-19
   2.62248385E-19
   3.56189348E-19
   4.64696316E-19
   5.85556554E-19
   7.14717498E-19
   8.45948358E-19
   9.70609802E-19
   1.07762877E-18
   1.15381097E-18
   1.18466657E-18
   1.15597312E-18
   1.05635886E-18
   8.81251755E-19
   6.38606077E-19
   3.56887024E-19
   9.58577219E-20
  -3.92369117E-20
   1.20532468E-19
   8.30610724E-19
   2.46095497E-18
   5.52957005E-18
   1.07416665E-17
   1.90340496E-17
   3.16236442E-17
   5.00580061E-17
   7.62641864E-17
   1.12590346E-16
   1.61831574E-16
   2.27227891E-16
   3.12417276E-16
   4.21320541E-16
   5.57926415E-16
   7.25934711E-16
   9.28203479E-16
   1.16592846E-15
   1.43746415E-15
   1.73667335E-15
   2.05065935E-15
   2.35670718E-15
   2.61821590E-15
   2.77936328E-15
   2.75819339E-15
   2.43776463E-15
   1.65493848E-15
   1.86340631E-16
  -2.26903482E-15
  -6.11113477E-15
  -1.18646531E-14
  -2.02099012E-14
  -3.20192515E-14
  -4.83995236E-14
  -7.07404648E-14
  -1.00769118E-13
  -1.40609326E-13
  -1.92844940E-13
  -2.60583954E-13
  -3.47519892E-13
  -4.57984236E-13
  -5.96981720E-13
  -7.70196569E-13
  -9.83954238E-13
  -1.24511751E-12
  -1.56088944E-12
  -1.93848843E-12
  -2.38464890E-12
  -2.90489291E-12
  -3.50250081E-12
  -4.17709096E-12
  -4.92270981E-12
  -5.72529090E-12
  -6.55934291E-12
  -7.38366833E-12
  -8.13590775E-12
  -8.72565561E-12
  -9.02585732E-12
  -8.86216447E-12
  -7.99987680E-12
  -6.12807548E-12
  -2.84049867E-12
   2.38729370E-12
   1.02249511E-11
   2.15190331E-11
   3.73297990E-11
   5.89735552E-11
   8.80706619E-11
   1.26599564E-10
   1.76956463E-10
   2.42020293E-10
   3.25222099E-10
   4.30617403E-10
   5.62958791E-10
   7.27766292E-10
   9.31390409E-10
   1.18106180E-09
   1.48492008E-09
   1.85201166E-09
   2.29224284E-09
   2.81627299E-09
   3.43532647E-09
   4.16090096E-09
   5.00433739E-09
   5.97621863E-09
   7.08555659E-09
   8.33870395E-09
   9.73794201E-09
   1.12796679E-08
   1.29520892E-08
   1.47323425E-08
   1.65829146E-08
   1.84472349E-08
   2.02443040E-08
   2.18621778E-08
   2.31501378E-08
   2.39093225E-08
   2.38816042E-08
   2.27364438E-08
   2.00554560E-08
   1.53143631E-08
   7.86204524E-09
  -3.10372261E-09
  -1.85641582E-08
  -3.97114235E-08
  -6.79850274E-08
  -1.05113124E-07
  -1.53159135E-07
  -2.14574101E-07
  -2.92255265E-07
  -3.89611216E-07
  -5.10634038E-07
  -6.59978980E-07
  -8.43051282E-07
  -1.06610196E-06
  -1.33633012E-06
  -1.66199550E-06
  -2.05253696E-06
  -2.51870097E-06
  -3.07267624E-06
  -3.72823570E-06
  -4.50088692E-06
  -5.40802466E-06
  -6.46909166E-06
  -7.70573934E-06
  -9.14199245E-06
  -1.08044087E-05
  -1.27222465E-05
  -1.49276057E-05
  -1.74555917E-05
  -2.03444361E-05
  -2.36356209E-05
  -2.73739824E-05
  -3.16077821E-05
  -3.63887666E-05
  -4.17721749E-05
  -4.78167349E-05
  -5.45845833E-05
  -6.21411673E-05
  -7.05550992E-05
  -7.98979163E-05
  -9.02438187E-05
  -1.01669328E-04
  -1.14252842E-04
  -1.28074200E-04
  -1.43214085E-04
  -1.59753341E-04
  -1.77772323E-04
  -1.97350033E-04
  -2.18563277E-04
  -2.41485628E-04
  -2.66186369E-04
  -2.92729557E-04
  -3.21172527E-04
  -3.51564871E-04
  -3.83947161E-04
  -4.18349344E-04
  -4.54789755E-04
  -4.93273372E-04
  -5.33790619E-04
  -5.76315972E-04
  -6.20806706E-04
  -6.67201355E-04
  -7.15418835E-04
  -7.65356992E-04
  -8.16891959E-04
  -8.69877054E-04
  -9.24142194E-04
  -9.79493256E-04
  -1.03571208E-03
  -1.09255570E-03
  -1.14975753E-03
  -1.20702689E-03
  -1.26405002E-03
  -1.32049120E-03
  -1.37599360E-03
  -1.43018155E-03
  -1.48266170E-03
  -1.53302518E-03
  -1.58085115E-03
  -1.62570830E-03
  -1.66715833E-03
  -1.70475966E-03
  -1.73807051E-03
  -1.76665257E-03
  -1.79007545E-03
  -1.80792040E-03
  -1.81978440E-03
  -1.82528468E-03
  -1.82406278E-03
  -1.81578903E-03
  -1.80016644E-03
  -1.77693518E-03
  -1.74587592E-03
  -1.70681393E-03
  -1.65962207E-03
  -1.60422421E-03
  -1.54059799E-03
  -1.46877638E-03
  -1.38885039E-03
  -1.30097009E-03
  -1.20534492E-03
  -1.10224448E-03
  -9.91998473E-04
  -8.74995021E-04
  -7.51679530E-04
  -6.22553052E-04
  -4.88168967E-04
  -3.49130074E-04
  -2.06084631E-04
  -5.97222825E-05
   8.92310636E-05
   2.40018242E-04
   3.91856593E-04
   5.43944072E-04
   6.95465365E-04
   8.45598639E-04
   9.93522350E-04
   1.13842124E-03
   1.27949461E-03
   1.41596154E-03
   1.54706859E-03
   1.67209585E-03
   1.79036357E-03
   1.90123741E-03
   2.00413424E-03
   2.09852704E-03
   2.18394957E-03
   2.25999975E-03
   2.32634367E-03
   2.38271756E-03
   2.42893072E-03
   2.46486533E-03
   2.49047810E-03
   2.50579929E-03
   2.51093251E-03
   2.50605214E-03
   2.49140174E-03
   2.46729050E-03
   2.43408955E-03
   2.39222776E-03
   2.34218733E-03
   2.28449702E-03
   2.21972773E-03
   2.14848644E-03
   2.07140832E-03
   1.98915135E-03
   1.90238992E-03
   1.81180611E-03
   1.71808526E-03
   1.62190758E-03
   1.52394210E-03
   1.42484112E-03
   1.32523349E-03
   1.22571969E-03
   1.12686702E-03
   1.02920411E-03
   9.33218515E-04
   8.39352200E-04
   7.47999700E-04
   6.59505895E-04
   5.74164733E-04
   4.92218707E-04
   4.13858943E-04
   3.39225837E-04
   2.68410542E-04
   2.01456947E-04
   1.38363917E-04
   7.90885897E-05
   2.35496409E-05
  -2.83689733E-05
  -7.68138998E-05
  -1.21958132E-04
  -1.63996505E-04
  -2.03141273E-04
  -2.39617613E-04
  -2.73659214E-04
  -3.05504072E-04
  -3.35390476E-04
  -3.63553263E-04
  -3.90220492E-04
  -4.15610470E-04
  -4.39929339E-04
  -4.63368808E-04
  -4.86104866E-04
  -5.08296594E-04
  -5.30085585E-04
  -5.51596167E-04
  -5.72935620E-04
  -5.94195211E-04
  -6.15451660E-04
  -6.36768702E-04
  -6.58199599E-04
  -6.79788995E-04
  -7.01575773E-04
  -7.23596080E-04
  -7.45885889E-04
  -7.68483966E-04
  -7.91434839E-04
  -8.14791652E-04
  -8.38618551E-04
  -8.62993242E-04
  -8.88009032E-04
  -9.13776574E-04
  -9.40425729E-04
  -9.68106091E-04
  -9.96987917E-04
  -1.02726230E-03
  -1.05914054E-03
  -1.09285454E-03
  -1.12865411E-03
  -1.16680691E-03
  -1.20759546E-03
  -1.25131547E-03
  -1.29827287E-03
  -1.34878117E-03
  -1.40315806E-03
  -1.46172196E-03
  -1.52478914E-03
  -1.59266917E-03
  -1.66566158E-03
  -1.74405309E-03
  -1.82811252E-03
  -1.91808853E-03
  -2.01420509E-03
  -2.11665966E-03
  -2.22561834E-03
  -2.34121457E-03
  -2.46354612E-03
  -2.59267166E-03
  -2.72861030E-03
  -2.87133874E-03
  -3.02078947E-03
  -3.17685027E-03
  -3.33936187E-03
  -3.50811798E-03
  -3.68286413E-03
  -3.86329624E-03
  -4.04906133E-03
  -4.23975708E-03
  -4.43492969E-03
  -4.63407626E-03
  -4.83664218E-03
  -5.04202349E-03
  -5.24956360E-03
  -5.45855518E-03
  -5.66824106E-03
  -5.87780960E-03
  -6.08639978E-03
  -6.29309798E-03
  -6.49693795E-03
  -6.69690128E-03
  -6.89191837E-03
  -7.08086556E-03
  -7.26256892E-03
  -7.43580144E-03
  -7.59928487E-03
  -7.75169255E-03
  -7.89164566E-03
  -8.01771879E-03
  -8.12844094E-03
  -8.22229683E-03
  -8.29772837E-03
  -8.35314300E-03
  -8.38691182E-03
  -8.39737337E-03
  -8.38284567E-03
  -8.34162254E-03
  -8.27198662E-03
  -8.17221031E-03
  -8.04056879E-03
  -7.87534285E-03
  -7.67482910E-03
  -7.43735023E-03
  -7.16126291E-03
  -6.84496621E-03
  -6.48691505E-03
  -6.08562911E-03
  -5.63970441E-03
  -5.14782313E-03
  -4.60876711E-03
  -4.02142899E-03
  -3.38482298E-03
  -2.69809761E-03
  -1.96054624E-03
  -1.17161963E-03
  -3.30936396E-04
   5.61705616E-04
   1.50631904E-03
   2.50271684E-03
   3.55050294E-03
   4.64906218E-03
   5.79755474E-03
   6.99490448E-03
   8.23979545E-03
   9.53066535E-03
   1.08656986E-02
   1.22428248E-02
   1.36597129E-02
   1.51137719E-02
   1.66021492E-02
   1.81217268E-02
   1.96691286E-02
   2.12407224E-02
   2.28326172E-02
   2.44406722E-02
   2.60605123E-02
   2.76875142E-02
   2.93168407E-02
   3.09434272E-02
   3.25620137E-02
   3.41671407E-02
   3.57531831E-02
   3.73143405E-02
   3.88446748E-02
   4.03381214E-02
   4.17885110E-02
   4.31895815E-02
   4.45350111E-02
   4.58184294E-02
   4.70334552E-02
   4.81737070E-02
   4.92328405E-02
   5.02045639E-02
   5.10826781E-02
   5.18610887E-02
   5.25338463E-02
   5.30951656E-02
   5.35394624E-02
   5.38613759E-02
   5.40558025E-02
   5.41179180E-02
   5.40432073E-02
   5.38274907E-02
   5.34669608E-02
   5.29581867E-02
   5.22981621E-02
   5.14843166E-02
   5.05145378E-02
   4.93872054E-02
   4.81011905E-02
   4.66558896E-02
   4.50512432E-02
   4.32877392E-02
   4.13664281E-02
   3.92889455E-02
   3.70575078E-02
   3.46749239E-02
   3.21446098E-02
   2.94705722E-02
   2.66574267E-02
   2.37103868E-02
   2.06352547E-02
   1.74384248E-02
   1.41268726E-02
   1.07081402E-02
   7.19032157E-03
   3.58204986E-03
  -1.07523054E-04
  -3.86874937E-03
  -7.69150490E-03
  -1.15652177E-02
  -1.54788960E-02
  -1.94211546E-02
  -2.33802572E-02
  -2.73441337E-02
  -3.13004404E-02
  -3.52365710E-02
  -3.91397253E-02
  -4.29969318E-02
  -4.67951000E-02
  -5.05210645E-02
  -5.41616306E-02
  -5.77036291E-02
  -6.11339658E-02
  -6.44396693E-02
  -6.76079392E-02
  -7.06261992E-02
  -7.34821931E-02
  -7.61639625E-02
  -7.86599591E-02
  -8.09590966E-02
  -8.30507725E-02
  -8.49249437E-02
  -8.65722075E-02
  -8.79837871E-02
  -8.91516581E-02
  -9.00685489E-02
  -9.07279998E-02
  -9.11244303E-02
  -9.12531391E-02
  -9.11104009E-02
  -9.06934664E-02
  -9.00005996E-02
  -8.90311226E-02
  -8.77854303E-02
  -8.62650201E-02
  -8.44725072E-02
  -8.24116543E-02
  -8.00873488E-02
  -7.75056258E-02
  -7.46736601E-02
  -7.15997741E-02
  -6.82933927E-02
  -6.47650585E-02
  -6.10263683E-02
  -5.70899881E-02
  -5.29695749E-02
  -4.86797579E-02
  -4.42360714E-02
  -3.96549180E-02
  -3.49534862E-02
  -3.01497094E-02
  -2.52621733E-02
  -2.03100462E-02
  -1.53130004E-02
  -1.02911238E-02
  -5.26483078E-03
  -2.54766550E-04
   4.71828971E-03
   9.63351876E-03
   1.44701730E-02
   1.92076731E-02
   2.38257125E-02
   2.83043645E-02
   3.26241925E-02
   3.67663540E-02
   4.07126918E-02
   4.44458537E-02
   4.79493737E-02
   5.12077995E-02
   5.42067364E-02
   5.69329858E-02
   5.93745969E-02
   6.15209527E-02
   6.33628517E-02
   6.48925528E-02
   6.61038458E-02
   6.69921041E-02
   6.75543174E-02
   6.77891299E-02
   6.76968470E-02
   6.72794878E-02
   6.65407330E-02
   6.54859841E-02
   6.41222969E-02
   6.24583885E-02
   6.05045743E-02
   5.82727529E-02
   5.57763092E-02
   5.30300997E-02
   5.00503369E-02
   4.68545221E-02
   4.34613526E-02
   3.98906209E-02
   3.61631103E-02
   3.23004611E-02
   2.83250697E-02
   2.42599472E-02
   2.01285984E-02
   1.59548689E-02
   1.17628220E-02
   7.57658435E-03
   3.42020812E-03
  -6.82478538E-04
  -4.70801070E-03
  -8.63343198E-03
  -1.24364356E-02
  -1.60954986E-02
  -1.95900202E-02
  -2.29004417E-02
  -2.60083787E-02
  -2.88967248E-02
  -3.15497704E-02
  -3.39532867E-02
  -3.60946395E-02
  -3.79628390E-02
  -3.95486355E-02
  -4.08445708E-02
  -4.18450125E-02
  -4.25462127E-02
  -4.29463126E-02
  -4.30453680E-02
  -4.28453386E-02
  -4.23500910E-02
  -4.15653549E-02
  -4.04986925E-02
  -3.91594544E-02
  -3.75587083E-02
  -3.57091837E-02
  -3.36251631E-02
  -3.13224085E-02
  -2.88180467E-02
  -2.61304621E-02
  -2.32791621E-02
  -2.02846639E-02
  -1.71683375E-02
  -1.39522813E-02
  -1.06591582E-02
  -7.31205102E-03
  -3.93430050E-03
  -5.49350865E-04
   2.81941448E-03
   6.14882912E-03
   9.41610429E-03
   1.25989867E-02
   1.56759098E-02
   1.86261460E-02
   2.14299448E-02
   2.40686722E-02
   2.65249498E-02
   2.87827589E-02
   3.08275577E-02
   3.26463915E-02
   3.42279784E-02
   3.55627760E-02
   3.66430618E-02
   3.74629684E-02
   3.80185507E-02
   3.83077785E-02
   3.83305699E-02
   3.80887724E-02
   3.75861600E-02
   3.68283875E-02
   3.58229503E-02
   3.45791243E-02
   3.31078917E-02
   3.14218476E-02
   2.95351222E-02
   2.74632387E-02
   2.52230186E-02
   2.28324421E-02
   2.03105118E-02
   1.76770967E-02
   1.49527863E-02
   1.21587319E-02
   9.31647979E-03
   6.44780789E-03
   3.57455807E-03
   7.18465773E-04
  -2.09900388E-03
  -4.85682115E-03
  -7.53455143E-03
  -1.01125147E-02
  -1.25719309E-02
  -1.48950638E-02
  -1.70653537E-02
  -1.90675464E-02
  -2.08877977E-02
  -2.25137882E-02
  -2.39348076E-02
  -2.51418240E-02
  -2.61275675E-02
  -2.68865619E-02
  -2.74151675E-02
  -2.77116038E-02
  -2.77759563E-02
  -2.76101660E-02
  -2.72180028E-02
  -2.66050361E-02
  -2.57785749E-02
  -2.47476064E-02
  -2.35227086E-02
  -2.21159756E-02
  -2.05408931E-02
  -1.88122317E-02
  -1.69459283E-02
  -1.49589367E-02
  -1.28690945E-02
  -1.06949704E-02
  -8.45570490E-03
  -6.17085490E-03
  -3.86022660E-03
  -1.54370919E-03
   7.58889597E-04
   3.02800909E-03
   5.24449907E-03
   7.38977874E-03
   9.44599137E-03
   1.13961510E-02
   1.32242851E-02
   1.49155650E-02
   1.64564252E-02
   1.78346746E-02
   1.90395974E-02
   2.00620387E-02
   2.08944734E-02
   2.15310603E-02
   2.19676979E-02
   2.22020410E-02
   2.22335123E-02
   2.20633056E-02
   2.16943696E-02
   2.11313609E-02
   2.03806069E-02
   1.94500424E-02
   1.83491223E-02
   1.70887392E-02
   1.56811271E-02
   1.41397305E-02
   1.24790911E-02
   1.07147172E-02
   8.86293314E-03
   6.94073457E-03
   4.96564014E-03
   2.95552658E-03
   9.28474416E-04
  -1.09739427E-03
  -3.10407835E-03
  -5.07385284E-03
  -6.98942691E-03
  -8.83409381E-03
  -1.05918720E-02
  -1.22476481E-02
  -1.37873050E-02
  -1.51978396E-02
  -1.64674725E-02
  -1.75857432E-02
  -1.85436085E-02
  -1.93334930E-02
  -1.99493729E-02
  -2.03868058E-02
  -2.06429623E-02
  -2.07166467E-02
  -2.06083041E-02
  -2.03200020E-02
  -1.98554024E-02
  -1.92197207E-02
  -1.84196755E-02
  -1.74634233E-02
  -1.63604673E-02
  -1.51215764E-02
  -1.37586752E-02
  -1.22847371E-02
  -1.07136555E-02
  -9.06011928E-03
  -7.33947475E-03
  -5.56758093E-03
  -3.76066728E-03
  -1.93518039E-03
  -1.07635075E-04
   1.70553767E-03
   3.48814065E-03
   5.22435829E-03
   6.89889956E-03
   8.49713758E-03
   1.00052403E-02
   1.14102978E-02
   1.27004329E-02
   1.38649102E-02
   1.48942284E-02
   1.57802105E-02
   1.65160559E-02
   1.70964208E-02
   1.75174382E-02
   1.77767649E-02
   1.78735796E-02
   1.78085957E-02
   1.75840389E-02
   1.72036160E-02
   1.66724734E-02
   1.59971379E-02
   1.51854511E-02
   1.42464731E-02
   1.31904045E-02
   1.20284650E-02
   1.07727870E-02
   9.43629257E-03
   8.03255662E-03
   6.57567754E-03
   5.08013135E-03
   3.56063177E-03
   2.03198311E-03
   5.08935424E-04
  -9.93958907E-04
  -2.46248604E-03
  -3.88290570E-03
  -5.24208462E-03
  -6.52761757E-03
  -7.72794615E-03
  -8.83246399E-03
  -9.83161200E-03
  -1.07169654E-02
  -1.14813074E-02
  -1.21186869E-02
  -1.26244705E-02
  -1.29953772E-02
  -1.32294949E-02
  -1.33262910E-02
  -1.32866073E-02
  -1.31126335E-02
  -1.28078824E-02
  -1.23771392E-02
  -1.18264072E-02
  -1.11628277E-02
  -1.03946151E-02
  -9.53095593E-03
  -8.58191028E-03
  -7.55831320E-03
  -6.47164788E-03
  -5.33393677E-03
  -4.15761396E-03
  -2.95539619E-03
  -1.74015819E-03
  -5.24798990E-04
   6.77884964E-04
   1.85532751E-03
   2.99531640E-03
   4.08611353E-03
   5.11656888E-03
   6.07622880E-03
   6.95543550E-03
   7.74541963E-03
   8.43838044E-03
   9.02756304E-03
   9.50731337E-03
   9.87313222E-03
   1.01217125E-02
   1.02509651E-02
   1.02600334E-02
   1.01492926E-02
   9.92034283E-03
   9.57597978E-03
   9.12016351E-03
   8.55796970E-03
   7.89553300E-03
   7.13997707E-03
   6.29933691E-03
   5.38247079E-03
   4.39896854E-03
   3.35904583E-03
   2.27343896E-03
   1.15329167E-03
   1.00389589E-05
  -1.14471035E-03
  -2.29929294E-03
  -3.44211049E-03
  -4.56174556E-03
  -5.64707816E-03
  -6.68739621E-03
  -7.67250033E-03
  -8.59280303E-03
  -9.43942461E-03
  -1.02042751E-02
  -1.08801303E-02
  -1.14606982E-02
  -1.19406749E-02
  -1.23157930E-02
  -1.25828497E-02
  -1.27397357E-02
  -1.27854412E-02
  -1.27200605E-02
  -1.25447791E-02
  -1.22618498E-02
  -1.18745640E-02
  -1.13871992E-02
  -1.08049782E-02
  -1.01339938E-02
  -9.38114896E-03
  -8.55407119E-03
  -7.66103296E-03
  -6.71085715E-03
  -5.71282627E-03
  -4.67657996E-03
  -3.61201679E-03
  -2.52919085E-03
  -1.43820851E-03
  -3.49126116E-04
   7.28150422E-04
   1.78396387E-03
   2.80899974E-03
   3.79437581E-03
   4.73172683E-03
   5.61328419E-03
   6.43194234E-03
   7.18132826E-03
   7.85585400E-03
   8.45076330E-03
   8.96216929E-03
   9.38708801E-03
   9.72344726E-03
   9.97010805E-03
   1.01268552E-02
   1.01943938E-02
   1.01743266E-02
   1.00691244E-02
   9.88209620E-03
   9.61733889E-03
   9.27968230E-03
   8.87463335E-03
   8.40830896E-03
   7.88736157E-03
   7.31890276E-03
   6.71042036E-03
   6.06969651E-03
   5.40471729E-03
   4.72358614E-03
   4.03443258E-03
   3.34532652E-03
   2.66418932E-03
   1.99870858E-03
   1.35625759E-03
   7.43818120E-04
   1.67907914E-04
  -3.65485670E-04
  -8.50966200E-04
  -1.28378021E-03
  -1.65986200E-03
  -1.97587232E-03
  -2.22922442E-03
  -2.41810665E-03
  -2.54149130E-03
  -2.59913621E-03
  -2.59157945E-03
  -2.52012187E-03
  -2.38680397E-03
  -2.19437294E-03
  -1.94624159E-03
  -1.64644280E-03
  -1.29957451E-03
  -9.10740113E-04
  -4.85484954E-04
  -2.97259539E-05
   4.50319378E-04
   9.48208384E-04
   1.45735010E-03
   1.97108090E-03
   2.48274254E-03
   2.98575801E-03
   3.47370422E-03
   3.94038390E-03
   4.37989319E-03
   4.78668418E-03
   5.15562389E-03
   5.48204780E-03
   5.76180452E-03
   5.99129871E-03
   6.16752263E-03
   6.28808513E-03
   6.35122927E-03
   6.35584490E-03
   6.30147522E-03
   6.18831068E-03
   6.01718388E-03
   5.78955095E-03
   5.50746871E-03
   5.17356675E-03
   4.79101203E-03
   4.36346885E-03
   3.89505434E-03
   3.39028845E-03
   2.85404222E-03
   2.29148241E-03
   1.70801091E-03
   1.10920798E-03
   5.00768772E-04
  -1.11557310E-04
  -7.22027791E-04
  -1.32496771E-03
  -1.91482925E-03
  -2.48624780E-03
  -3.03409714E-03
  -3.55353975E-03
  -4.04007547E-03
  -4.48958436E-03
  -4.89836466E-03
  -5.26316883E-03
  -5.58122946E-03
  -5.85028529E-03
  -6.06859708E-03
  -6.23495877E-03
  -6.34870538E-03
  -6.40971120E-03
  -6.41838461E-03
  -6.37565646E-03
  -6.28296146E-03
  -6.14221813E-03
  -5.95579902E-03
  -5.72650041E-03
  -5.45750419E-03
  -5.15233958E-03
  -4.81483852E-03
  -4.44908906E-03
  -4.05938784E-03
  -3.65019147E-03
  -3.22606205E-03
  -2.79161870E-03
  -2.35148566E-03
  -1.91024167E-03
  -1.47237047E-03
  -1.04221446E-03
  -6.23929314E-04
  -2.21442722E-04
   1.61584758E-04
   5.21793845E-04
   8.56157974E-04
   1.16200920E-03
   1.43706030E-03
   1.67942222E-03
   1.88761600E-03
   2.06058030E-03
   2.19767448E-03
   2.29867594E-03
   2.36377469E-03
   2.39356142E-03
   2.38901167E-03
   2.35146843E-03
   2.28261761E-03
   2.18446273E-03
   2.05929670E-03
   1.90966926E-03
   1.73835352E-03
   1.54831121E-03
   1.34265516E-03
   1.12461299E-03
   8.97488673E-04
   6.64623571E-04
   4.29360196E-04
   1.95004279E-04
  -3.52106290E-05
  -2.58158223E-04
  -4.70851839E-04
  -6.70475420E-04
  -8.54411745E-04
  -1.02026877E-03
  -1.16590247E-03
  -1.28943729E-03
  -1.38928322E-03
  -1.46415015E-03
  -1.51305692E-03
  -1.53534068E-03
  -1.53065892E-03
  -1.49899034E-03
  -1.44063157E-03
  -1.35619077E-03
  -1.24657806E-03
  -1.11299148E-03
  -9.56902048E-04
  -7.80034810E-04
  -5.84346475E-04
  -3.72002833E-04
  -1.45351514E-04
   9.31043178E-05
   3.40736238E-04
   5.94820362E-04
   8.52569356E-04
   1.11116248E-03
   1.36777852E-03
   1.61962677E-03
   1.86397799E-03
   2.09819223E-03
   2.31974944E-03
   2.52627395E-03
   2.71555921E-03
   2.88559077E-03
   3.03456374E-03
   3.16090137E-03
   3.26326722E-03
   3.34057561E-03
   3.39200045E-03
   3.41697736E-03
   3.41520668E-03
   3.38664954E-03
   3.33152385E-03
   3.25029623E-03
   3.14367097E-03
   3.01257730E-03
   2.85815471E-03
   2.68173497E-03
   2.48482451E-03
   2.26908480E-03
   2.03631027E-03
   1.78840850E-03
   1.52737834E-03
   1.25528791E-03
   9.74254042E-04
   6.86421408E-04
   3.93942988E-04
   9.89612599E-05
  -1.96409354E-04
  -4.90098377E-04
  -7.80094124E-04
  -1.06445700E-03
  -1.34133082E-03
  -1.60895323E-03
  -1.86566438E-03
  -2.10991362E-03
  -2.34026602E-03
  -2.55540665E-03
  -2.75414390E-03
  -2.93541187E-03
  -3.09827272E-03
  -3.24191642E-03
  -3.36566148E-03
  -3.46895470E-03
  -3.55136953E-03
  -3.61260609E-03
  -3.65248928E-03
  -3.67096649E-03
  -3.66810663E-03
  -3.64409806E-03
  -3.59924580E-03
  -3.53396963E-03
  -3.44880112E-03
  -3.34438123E-03
  -3.22145713E-03
  -3.08087771E-03
  -2.92359130E-03
  -2.75063957E-03
  -2.56315386E-03
  -2.36234930E-03
  -2.14951881E-03
  -1.92602642E-03
  -1.69330020E-03
  -1.45282433E-03
  -1.20613107E-03
  -9.54791438E-04
  -7.00406265E-04
  -4.44596197E-04
  -1.88991777E-04
   6.47769775E-05
   3.15090641E-04
   5.60351356E-04
   7.98993045E-04
   1.02949166E-03
   1.25037506E-03
   1.46023347E-03
   1.65772741E-03
   1.84159819E-03
   2.01067491E-03
   2.16388307E-03
   2.30025058E-03
   2.41891504E-03
   2.51912978E-03
   2.60026753E-03
   2.66182586E-03
   2.70343013E-03
   2.72483658E-03
   2.72593484E-03
   2.70674843E-03
   2.66743591E-03
   2.60829087E-03
   2.52974126E-03
   2.43234751E-03
   2.31680088E-03
   2.18391977E-03
   2.03464646E-03
   1.87004195E-03
   1.69128121E-03
   1.49964658E-03
   1.29652023E-03
   1.08337705E-03
   8.61775014E-04
   6.33345684E-04
   3.99783603E-04
   1.62834534E-04
  -7.57167581E-05
  -3.14059784E-04
  -5.50371595E-04
  -7.82831456E-04
  -1.00963551E-03
  -1.22901239E-03
  -1.43923773E-03
  -1.63865031E-03
  -1.82566652E-03
  -1.99879613E-03
  -2.15665624E-03
  -2.29798397E-03
  -2.42165104E-03
  -2.52667395E-03
  -2.61222571E-03
  -2.67764344E-03
  -2.72243656E-03
  -2.74629239E-03
  -2.74908030E-03
  -2.73085339E-03
  -2.69184844E-03
  -2.63248524E-03
  -2.55336054E-03
  -2.45524547E-03
  -2.33907485E-03
  -2.20593996E-03
  -2.05707643E-03
  -1.89385272E-03
  -1.71775534E-03
  -1.53037428E-03
  -1.33338734E-03
  -1.12854305E-03
  -9.17642959E-04
  -7.02524383E-04
  -4.85042459E-04
  -2.67052324E-04
  -5.03913034E-05
   1.63138029E-04
   3.71784670E-04
   5.73864672E-04
   7.67775928E-04
   9.52012313E-04
   1.12517620E-03
   1.28598954E-03
   1.43330405E-03
   1.56610995E-03
   1.68354250E-03
   1.78488833E-03
   1.86958886E-03
   1.93724316E-03
   1.98760908E-03
   2.02060281E-03
   2.03629630E-03
   2.03491491E-03
   2.01683212E-03
   1.98256411E-03
   1.93276210E-03
   1.86820363E-03
   1.78978452E-03
   1.69850723E-03
   1.59546989E-03
   1.48185564E-03
   1.35891768E-03
   1.22796814E-03
   1.09036337E-03
   9.47490800E-04
   8.00754642E-04
   6.51562354E-04
   5.01310220E-04
   3.51370429E-04
   2.03077798E-04
   5.77173196E-05
  -8.34872480E-05
  -2.19385023E-04
  -3.48907080E-04
  -4.71075648E-04
  -5.85011789E-04
  -6.89941633E-04
  -7.85201613E-04
  -8.70241784E-04
  -9.44628380E-04
  -1.00804423E-03
  -1.06028828E-03
  -1.10127334E-03
  -1.13102270E-03
  -1.14966510E-03
  -1.15742919E-03
  -1.15463557E-03
  -1.14168937E-03
  -1.11907092E-03
  -1.08732609E-03
  -1.04705617E-03
  -9.98906908E-04
  -9.43557592E-04
  -8.81711021E-04
  -8.14081635E-04
  -7.41386088E-04
  -6.64332299E-04
  -5.83611312E-04
  -4.99888090E-04
  -4.13794070E-04
  -3.25920992E-04
  -2.36814609E-04
  -1.46971317E-04
  -5.68341929E-05
   3.32081690E-05
   1.22822355E-04
   2.11730017E-04
   2.99705542E-04
   3.86573607E-04
   4.72204876E-04
   5.56511513E-04
   6.39441248E-04
   7.20971555E-04
   8.01102608E-04
   8.79850006E-04
   9.57237673E-04
   1.03329029E-03
   1.10802613E-03
   1.18144997E-03
   1.25354622E-03
   1.32427365E-03
   1.39355916E-03
   1.46129343E-03
   1.52732781E-03
   1.59147033E-03
   1.65348582E-03
   1.71309360E-03
   1.76996924E-03
   1.82374567E-03
   1.87401613E-03
   1.92033779E-03
   1.96223659E-03
   1.99921383E-03
   2.03075167E-03
   2.05632090E-03
   2.07538949E-03
   2.08743149E-03
   2.09193421E-03
   2.08840962E-03
   2.07640301E-03
   2.05550157E-03
   2.02534487E-03
   1.98563235E-03
   1.93613244E-03
   1.87669031E-03
   1.80723425E-03
   1.72778231E-03
   1.63844705E-03
   1.53943966E-03
   1.43107236E-03
   1.31376064E-03
   1.18802255E-03
   1.05447881E-03
   9.13848635E-04
   7.66946934E-04
   6.14678836E-04
   4.58032824E-04
   2.98072700E-04
   1.35928625E-04
  -2.72137113E-05
  -1.90124149E-04
  -3.51540395E-04
  -5.10181766E-04
  -6.64762221E-04
  -8.14005383E-04
  -9.56659205E-04
  -1.09151052E-03
  -1.21739996E-03
  -1.33323693E-03
  -1.43801351E-03
  -1.53081852E-03
  -1.61085010E-03
  -1.67742779E-03
  -1.73000351E-03
  -1.76817109E-03
  -1.79167429E-03
  -1.80041371E-03
  -1.79445161E-03
  -1.77401444E-03
  -1.73949532E-03
  -1.69145281E-03
  -1.63060776E-03
  -1.55784027E-03
  -1.47418212E-03
  -1.38080877E-03
  -1.27902941E-03
  -1.17027480E-03
  -1.05608464E-03
  -9.38091427E-04
  -8.18005181E-04
  -6.97595417E-04
  -5.78672625E-04
  -4.63069649E-04
  -3.52621544E-04
  -2.49145320E-04
  -1.54419569E-04
  -7.01644458E-05
   1.97859481E-06
   6.04656525E-05
   1.03869010E-04
   1.30895525E-04
   1.40402699E-04
   1.31413341E-04
   1.03130005E-04
   5.49465185E-05
  -1.35422451E-05
  -1.02532096E-04
  -2.12003361E-04
  -3.41717619E-04
  -4.91215382E-04
  -6.59817830E-04
  -8.46629380E-04
  -1.05054316E-03
  -1.27024855E-03
  -1.50424172E-03
  -1.75083696E-03
  -2.00818153E-03
  -2.27427110E-03
  -2.54696864E-03
  -2.82402243E-03
  -3.10308835E-03
  -3.38175194E-03
  -3.65755055E-03
  -3.92799918E-03
  -4.19061352E-03
  -4.44293441E-03
  -4.68255486E-03
  -4.90714284E-03
  -5.11446502E-03
  -5.30241150E-03
  -5.46901673E-03
  -5.61248092E-03
  -5.73118869E-03
  -5.82372770E-03
  -5.88890351E-03
  -5.92575129E-03
  -5.93354832E-03
  -5.91182429E-03
  -5.86036220E-03
  -5.77920442E-03
  -5.66865597E-03
  -5.52927516E-03
  -5.36187505E-03
  -5.16751222E-03
  -4.94747888E-03
  -4.70328657E-03
  -4.43665637E-03
  -4.14949749E-03
  -3.84388957E-03
  -3.52206477E-03
  -3.18638165E-03
  -2.83930404E-03
  -2.48337607E-03
  -2.12119869E-03
  -1.75540289E-03
  -1.38862524E-03
  -1.02348183E-03
  -6.62544742E-04
  -3.08317132E-04
   3.67901521E-05
   3.70479771E-04
   6.90588960E-04
   9.95108858E-04
   1.28220185E-03
   1.55021646E-03
   1.79770158E-03
   2.02341797E-03
   2.22634757E-03
   2.40569934E-03
   2.56091636E-03
   2.69167637E-03
   2.79789278E-03
   2.87971343E-03
   2.93751527E-03
   2.97189923E-03
   2.98368116E-03
   2.97388155E-03
   2.94371438E-03
   2.89457268E-03
   2.82801315E-03
   2.74573918E-03
   2.64958432E-03
   2.54149013E-03
   2.42348923E-03
   2.29768199E-03
   2.16621673E-03
   2.03126669E-03
   1.89500826E-03
   1.75959931E-03
   1.62715674E-03
   1.49973552E-03
   1.37930713E-03
   1.26774039E-03
   1.16678141E-03
   1.07803626E-03
   1.00295397E-03
   9.42812301E-04
   8.98703234E-04
   8.71521537E-04
   8.61955574E-04
   8.70479504E-04
   8.97347112E-04
   9.42589133E-04
   1.00601162E-03
   1.08719710E-03
   1.18550833E-03
   1.30009279E-03
   1.42989203E-03
   1.57365028E-03
   1.72992656E-03
   1.89710921E-03
   2.07343092E-03
   2.25698575E-03
   2.44574901E-03
   2.63759564E-03
   2.83032330E-03
   3.02167237E-03
   3.20935016E-03
   3.39105306E-03
   3.56449140E-03
   3.72740929E-03
   3.87761206E-03
   4.01298562E-03
   4.13151970E-03
   4.23132768E-03
   4.31066658E-03
   4.36795689E-03
   4.40179650E-03
   4.41097887E-03
   4.39450471E-03
   4.35159309E-03
   4.28169081E-03
   4.18448076E-03
   4.05988516E-03
   3.90806887E-03
   3.72943934E-03
   3.52464430E-03
   3.29456874E-03
   3.04032606E-03
   2.76325131E-03
   2.46488955E-03
   2.14698189E-03
   1.81145268E-03
   1.46039156E-03
   1.09603640E-03
   7.20753102E-04
   3.37015226E-04
  -5.26173972E-05
  -4.45521291E-04
  -8.39032582E-04
  -1.23047014E-03
  -1.61715923E-03
  -1.99645502E-03
  -2.36576586E-03
  -2.72257626E-03
  -3.06446874E-03
  -3.38914478E-03
  -3.69444513E-03
  -3.97836836E-03
  -4.23908886E-03
  -4.47497144E-03
  -4.68458608E-03
  -4.86671971E-03
  -5.02038654E-03
  -5.14483545E-03
  -5.23955561E-03
  -5.30428160E-03
  -5.33899199E-03
  -5.34391217E-03
  -5.31950640E-03
  -5.26647549E-03
  -5.18574845E-03
  -5.07847266E-03
  -4.94599948E-03
  -4.78987349E-03
  -4.61181626E-03
  -4.41370765E-03
  -4.19756770E-03
  -3.96553613E-03
  -3.71985044E-03
  -3.46282567E-03
  -3.19682877E-03
  -2.92425696E-03
  -2.64751329E-03
  -2.36898335E-03
  -2.09101103E-03
  -1.81587634E-03
  -1.54577335E-03
  -1.28278765E-03
  -1.02887710E-03
  -7.85853597E-04
  -5.55364299E-04
  -3.38877668E-04
  -1.37669151E-04
   4.71895328E-05
   2.14840402E-04
   3.64645384E-04
   4.96191438E-04
   6.09292183E-04
   7.03988015E-04
   7.80543196E-04
   8.39440501E-04
   8.81373766E-04
   9.07238340E-04
   9.18118574E-04
   9.15274490E-04
   9.00125247E-04
   8.74232152E-04
   8.39279150E-04
