   0.00000000    
   0.00000000    
   0.00000000    
   0.00000000    
   0.00000000    
   0.00000000    
   0.00000000    
   0.00000000    
   0.00000000    
   0.00000000    
   0.00000000    
   0.00000000    
   0.00000000    
   0.00000000    
   0.00000000    
   0.00000000    
   0.00000000    
   0.00000000    
   0.00000000    
   0.00000000    
   0.00000000    
   0.00000000    
   0.00000000    
   0.00000000    
   0.00000000    
   0.00000000    
   0.00000000    
   0.00000000    
   0.00000000    
   0.00000000    
   0.00000000    
   0.00000000    
   0.00000000    
   0.00000000    
   0.00000000    
   0.00000000    
   0.00000000    
   0.00000000    
   0.00000000    
   0.00000000    
   0.00000000    
   0.00000000    
   0.00000000    
   0.00000000    
   0.00000000    
   0.00000000    
   0.00000000    
   0.00000000    
   0.00000000    
   0.00000000    
   0.00000000    
   0.00000000    
   0.00000000    
   0.00000000    
   0.00000000    
   0.00000000    
   0.00000000    
   0.00000000    
   0.00000000    
   0.00000000    
   0.00000000    
   0.00000000    
   0.00000000    
   0.00000000    
   0.00000000    
   0.00000000    
   0.00000000    
   0.00000000    
   0.00000000    
   0.00000000    
   0.00000000    
   0.00000000    
   0.00000000    
  -1.40129846E-45
  -4.20389539E-45
  -1.12103877E-44
  -2.52233724E-44
  -4.76441478E-44
  -7.84727140E-44
  -1.12103877E-43
  -1.30320757E-43
  -8.96831017E-44
   8.68805048E-44
   5.26888223E-43
   1.40690366E-42
   2.92731249E-42
   5.22684327E-42
   8.20600381E-42
   1.12075851E-41
   1.25149966E-41
   8.67123490E-42
  -6.26660673E-42
  -4.12892593E-41
  -1.08234892E-40
  -2.19891755E-40
  -3.85005352E-40
  -5.98407694E-40
  -8.24388090E-40
  -9.72037304E-40
  -8.63271320E-40
  -1.98157616E-40
   1.47101166E-39
   4.73543312E-39
   1.02607474E-38
   1.86043517E-38
   2.98587135E-38
   4.30590964E-38
   5.53148444E-38
   6.06818399E-38
   4.89082535E-38
   4.37464922E-39
  -9.41784784E-38
  -2.72195837E-37
  -5.54809442E-37
  -9.57674903E-37
  -1.47145451E-36
  -2.03869743E-36
  -2.52315963E-36
  -2.67415476E-36
  -2.09273455E-36
  -2.12593255E-37
   3.68354973E-36
   1.03825108E-35
   2.05566426E-35
   3.44359980E-35
   5.13009210E-35
   6.87810099E-35
   8.19928661E-35
   8.26293378E-35
   5.82343001E-35
  -7.93786425E-36
  -1.35878675E-34
  -3.45787597E-34
  -6.52058839E-34
  -1.05326590E-33
  -1.51731948E-33
  -1.96159555E-33
  -2.22907102E-33
  -2.06358988E-33
  -1.09050354E-33
   1.18681234E-33
   5.35876944E-33
   1.20280189E-32
   2.16473192E-32
   3.42460766E-32
   4.90159398E-32
   6.37350333E-32
   7.40328811E-32
   7.25387984E-32
   4.80222826E-32
  -1.52700184E-32
  -1.37746379E-31
  -3.43573277E-31
  -6.58064213E-31
  -1.10247499E-30
  -1.68516199E-30
  -2.38798612E-30
  -3.14693643E-30
  -3.82632251E-30
  -4.18668018E-30
  -3.84791662E-30
  -2.25136640E-30
   1.37249310E-30
   8.01978519E-30
   1.88963489E-29
   3.53459874E-29
   5.86949118E-29
   8.99769674E-29
   1.29499192E-28
   1.76205329E-28
   2.26799027E-28
   2.74601066E-28
   3.08140823E-28
   3.09524964E-28
   2.52691831E-28
   1.01751224E-28
  -1.90268891E-28
  -6.81793693E-28
  -1.44153497E-27
  -2.54492652E-27
  -4.06709026E-27
  -6.07107199E-27
  -8.58994492E-27
  -1.16013513E-26
  -1.49931766E-26
  -1.85194542E-26
  -2.17463098E-26
  -2.39889381E-26
  -2.42423350E-26
  -2.11108700E-26
  -1.27448776E-26
   3.20372052E-27
   2.95902434E-26
   6.97289315E-26
   1.27260668E-25
   2.05904702E-25
   3.09058446E-25
   4.39206937E-25
   5.97104399E-25
   7.80695702E-25
   9.83757078E-25
   1.19425534E-24
   1.39245398E-24
   1.54883757E-24
   1.62198046E-24
   1.55655549E-24
   1.28176378E-24
   7.10561185E-25
  -2.59834463E-25
  -1.74556735E-24
  -3.87120828E-24
  -6.76149169E-24
  -1.05289257E-23
  -1.52564973E-23
  -2.09748222E-23
  -2.76333400E-23
  -3.50655804E-23
  -4.29491660E-23
  -5.07620917E-23
  -5.77380171E-23
  -6.28248572E-23
  -6.46527994E-23
  -6.15201129E-23
  -5.14077207E-23
  -3.20363040E-23
  -9.82649320E-25
   4.41251367E-23
   1.05311473E-22
   1.83832334E-22
   2.79605172E-22
   3.90467266E-22
   5.11244218E-22
   6.32619442E-22
   7.39808903E-22
   8.11066847E-22
   8.16077692E-22
   7.14330589E-22
   4.53626272E-22
  -3.10627424E-23
  -8.18070064E-22
  -1.99843241E-21
  -3.67365208E-21
  -5.95111295E-21
  -8.93624541E-21
  -1.27203334E-20
  -1.73625905E-20
  -2.28649071E-20
  -2.91373531E-20
  -3.59522680E-20
  -4.28845455E-20
  -4.92354509E-20
  -5.39372683E-20
  -5.54361002E-20
  -5.15504257E-20
  -3.93036322E-20
  -1.47298717E-20
   2.73457251E-20
   9.35488346E-20
   1.92212217E-19
   3.33634149E-19
   5.30319191E-19
   7.97172154E-19
   1.15160467E-18
   1.61349675E-18
   2.20493636E-18
   2.94963652E-18
   3.87189514E-18
   4.99493137E-18
   6.33838146E-18
   7.91469075E-18
   9.72407555E-18
   1.17476604E-17
   1.39383275E-17
   1.62087232E-17
   1.84158065E-17
   2.03412216E-17
   2.16667438E-17
   2.19439585E-17
   2.05573804E-17
   1.66802294E-17
   9.22220273E-18
  -3.23111719E-18
  -2.24872722E-17
  -5.08237205E-17
  -9.10709642E-17
  -1.46699330E-16
  -2.21905175E-16
  -3.21689799E-16
  -4.51922253E-16
  -6.19372620E-16
  -8.31698633E-16
  -1.09736295E-15
  -1.42545068E-15
  -1.82534986E-15
  -2.30624668E-15
  -2.87637672E-15
  -3.54195996E-15
  -4.30573359E-15
  -5.16497864E-15
  -6.10892232E-15
  -7.11537491E-15
  -8.14644948E-15
  -9.14318534E-15
  -1.00188980E-14
  -1.06510505E-14
  -1.08714527E-14
  -1.04546075E-14
  -9.10403209E-15
  -6.43644963E-15
  -1.96380692E-15
   4.92680780E-15
   1.49951107E-14
   2.91710016E-14
   4.85786202E-14
   7.45600142E-14
   1.08696790E-13
   1.52827620E-13
   2.09058695E-13
   2.79763273E-13
   3.67565462E-13
   4.75302144E-13
   6.05955282E-13
   7.62545355E-13
   9.47974229E-13
   1.16480426E-12
   1.41495734E-12
   1.69931560E-12
   2.01720129E-12
   2.36571266E-12
   2.73888811E-12
   3.12666863E-12
   3.51362624E-12
   3.87742442E-12
   4.18697845E-12
   4.40027702E-12
   4.46183802E-12
   4.29977278E-12
   3.82243542E-12
   2.91465832E-12
   1.43358188E-12
  -7.95886252E-13
  -3.98591446E-12
  -8.39078806E-12
  -1.43119874E-11
  -2.21030902E-11
  -3.21742008E-11
  -4.49954969E-11
  -6.10994311E-11
  -8.10809198E-11
  -1.05594755E-10
  -1.35349246E-10
  -1.71094972E-10
  -2.13607243E-10
  -2.63660538E-10
  -3.21993154E-10
  -3.89259625E-10
  -4.65968542E-10
  -5.52402735E-10
  -6.48518683E-10
  -7.53821339E-10
  -8.67210748E-10
  -9.86795645E-10
  -1.10967036E-09
  -1.23164923E-09
  -1.34695477E-09
  -1.44785417E-09
  -1.52423973E-09
  -1.56314905E-09
  -1.54822222E-09
  -1.45909285E-09
  -1.27071298E-09
  -9.52612877E-10
  -4.68099559E-10
   2.26599128E-10
   1.18323240E-09
   2.46245158E-09
   4.13473789E-09
   6.28130659E-09
   8.99494523E-09
   1.23807409E-08
   1.65566370E-08
   2.16537437E-08
   2.78163128E-08
   3.52012890E-08
   4.39772734E-08
   5.43228182E-08
   6.64238087E-08
   8.04697962E-08
   9.66490390E-08
   1.15142008E-07
   1.36113044E-07
   1.59699923E-07
   1.86000875E-07
   2.15058762E-07
   2.46841978E-07
   2.81221560E-07
   3.17944028E-07
   3.56599571E-07
   3.96584738E-07
   4.37059356E-07
   4.76896730E-07
   5.14627004E-07
   5.48372327E-07
   5.75773925E-07
   5.93909817E-07
   5.99203076E-07
   5.87319789E-07
   5.53056054E-07
   4.90213893E-07
   3.91465392E-07
   2.48205026E-07
   5.03899997E-08
  -2.13631793E-07
  -5.57305384E-07
  -9.96064045E-07
  -1.54753502E-06
  -2.23175630E-06
  -3.07140181E-06
  -4.09201311E-06
  -5.32223839E-06
  -6.79407412E-06
  -8.54310838E-06
  -1.06087618E-05
  -1.30345252E-05
  -1.58681833E-05
  -1.91620366E-05
  -2.29730904E-05
  -2.73632340E-05
  -3.23993918E-05
  -3.81536374E-05
  -4.47032617E-05
  -5.21308175E-05
  -6.05240893E-05
  -6.99760203E-05
  -8.05845702E-05
  -9.24525084E-05
  -1.05687097E-04
  -1.20399760E-04
  -1.36705581E-04
  -1.54722773E-04
  -1.74571993E-04
  -1.96375622E-04
  -2.20256887E-04
  -2.46338837E-04
  -2.74743361E-04
  -3.05589871E-04
  -3.38994112E-04
  -3.75066709E-04
  -4.13911679E-04
  -4.55624831E-04
  -5.00292110E-04
  -5.47987758E-04
  -5.98772720E-04
  -6.52692514E-04
  -7.09775661E-04
  -7.70031475E-04
  -8.33448430E-04
  -8.99992185E-04
  -9.69603832E-04
  -1.04219827E-03
  -1.11766229E-03
  -1.19585346E-03
  -1.27659866E-03
  -1.35969289E-03
  -1.44489831E-03
  -1.53194391E-03
  -1.62052456E-03
  -1.71030138E-03
  -1.80090137E-03
  -1.89191860E-03
  -1.98291452E-03
  -2.07341951E-03
  -2.16293428E-03
  -2.25093192E-03
  -2.33686040E-03
  -2.42014485E-03
  -2.50019156E-03
  -2.57639051E-03
  -2.64811981E-03
  -2.71474943E-03
  -2.77564628E-03
  -2.83017848E-03
  -2.87772017E-03
  -2.91765714E-03
  -2.94939196E-03
  -2.97234906E-03
  -2.98598083E-03
  -2.98977201E-03
  -2.98324600E-03
  -2.96596996E-03
  -2.93755927E-03
  -2.89768283E-03
  -2.84606754E-03
  -2.78250198E-03
  -2.70684087E-03
  -2.61900737E-03
  -2.51899636E-03
  -2.40687653E-03
  -2.28279224E-03
  -2.14696350E-03
  -1.99968717E-03
  -1.84133602E-03
  -1.67235802E-03
  -1.49327435E-03
  -1.30467687E-03
  -1.10722531E-03
  -9.01643245E-04
  -6.88713859E-04
  -4.69275139E-04
  -2.44214199E-04
  -1.44615769E-05
   2.19015274E-04
   4.55218658E-04
   6.93127513E-04
   9.31704883E-04
   1.16990495E-03
   1.40668079E-03
   1.64099177E-03
   1.87181076E-03
   2.09813169E-03
   2.31897621E-03
   2.53340090E-03
   2.74050329E-03
   2.93942820E-03
   3.12937307E-03
   3.30959330E-03
   3.47940694E-03
   3.63819813E-03
   3.78542137E-03
   3.92060354E-03
   4.04334627E-03
   4.15332802E-03
   4.25030431E-03
   4.33410844E-03
   4.40465147E-03
   4.46192082E-03
   4.50597890E-03
   4.53696167E-03
   4.55507590E-03
   4.56059584E-03
   4.55386098E-03
   4.53527132E-03
   4.50528366E-03
   4.46440745E-03
   4.41320008E-03
   4.35226178E-03
   4.28223098E-03
   4.20377962E-03
   4.11760714E-03
   4.02443530E-03
   3.92500311E-03
   3.82006192E-03
   3.71036958E-03
   3.59668606E-03
   3.47976759E-03
   3.36036249E-03
   3.23920627E-03
   3.11701698E-03
   2.99449079E-03
   2.87229824E-03
   2.75108078E-03
   2.63144635E-03
   2.51396699E-03
   2.39917543E-03
   2.28756270E-03
   2.17957585E-03
   2.07561650E-03
   1.97603833E-03
   1.88114727E-03
   1.79119967E-03
   1.70640228E-03
   1.62691239E-03
   1.55283825E-03
   1.48423947E-03
   1.42112875E-03
   1.36347266E-03
   1.31119415E-03
   1.26417412E-03
   1.22225436E-03
   1.18523987E-03
   1.15290214E-03
   1.12498191E-03
   1.10119302E-03
   1.08122535E-03
   1.06474885E-03
   1.05141697E-03
   1.04087021E-03
   1.03274011E-03
   1.02665240E-03
   1.02223083E-03
   1.01910066E-03
   1.01689133E-03
   1.01524021E-03
   1.01379480E-03
   1.01221574E-03
   1.01017905E-03
   1.00737798E-03
   1.00352522E-03
   9.98353935E-04
   9.91619425E-04
   9.83100035E-04
   9.72597627E-04
   9.59938159E-04
   9.44971980E-04
   9.27573710E-04
   9.07642068E-04
   8.85099464E-04
   8.59891588E-04
   8.31986545E-04
   8.01374204E-04
   7.68065220E-04
   7.32090266E-04
   6.93498878E-04
   6.52358518E-04
   6.08753588E-04
   5.62784437E-04
   5.14566258E-04
   4.64228273E-04
   4.11912682E-04
   3.57773766E-04
   3.01977008E-04
   2.44698196E-04
   1.86122692E-04
   1.26444531E-04
   6.58656427E-05
   4.59506555E-06
  -5.71518540E-05
  -1.19154276E-04
  -1.81186726E-04
  -2.43019924E-04
  -3.04421759E-04
  -3.65158106E-04
  -4.24993952E-04
  -4.83694312E-04
  -5.41025423E-04
  -5.96755766E-04
  -6.50657341E-04
  -7.02506804E-04
  -7.52086809E-04
  -7.99187168E-04
  -8.43606307E-04
  -8.85152433E-04
  -9.23644810E-04
  -9.58915101E-04
  -9.90808592E-04
  -1.01918518E-03
  -1.04392064E-03
  -1.06490776E-03
  -1.08205678E-03
  -1.09529658E-03
  -1.10457500E-03
  -1.10985956E-03
  -1.11113756E-03
  -1.10841624E-03
  -1.10172271E-03
  -1.09110365E-03
  -1.07662461E-03
  -1.05836976E-03
  -1.03644037E-03
  -1.01095403E-03
  -9.82043101E-04
  -9.49853333E-04
  -9.14541888E-04
  -8.76275531E-04
  -8.35228362E-04
  -7.91579834E-04
  -7.45512254E-04
  -6.97208336E-04
  -6.46848755E-04
  -5.94609766E-04
  -5.40660578E-04
  -4.85161087E-04
  -4.28259489E-04
  -3.70090100E-04
  -3.10771429E-04
  -2.50404351E-04
  -1.89070619E-04
  -1.26831525E-04
  -6.37269914E-05
   2.24972609E-07
   6.50286602E-05
   1.30710512E-04
   1.97318674E-04
   2.64922128E-04
   3.33609612E-04
   4.03487938E-04
   4.74680128E-04
   5.47323260E-04
   6.21566025E-04
   6.97565847E-04
   7.75486114E-04
   8.55493010E-04
   9.37752426E-04
   1.02242641E-03
   1.10967015E-03
   1.19962858E-03
   1.29243312E-03
   1.38819881E-03
   1.48702122E-03
   1.58897380E-03
   1.69410533E-03
   1.80243794E-03
   1.91396486E-03
   2.02864897E-03
   2.14642170E-03
   2.26718164E-03
   2.39079399E-03
   2.51709064E-03
   2.64586974E-03
   2.77689612E-03
   2.90990178E-03
   3.04458709E-03
   3.18062142E-03
   3.31764482E-03
   3.45526938E-03
   3.59308114E-03
   3.73064168E-03
   3.86749045E-03
   4.00314666E-03
   4.13711229E-03
   4.26887302E-03
   4.39790171E-03
   4.52366099E-03
   4.64560511E-03
   4.76318272E-03
   4.87584062E-03
   4.98302514E-03
   5.08418493E-03
   5.17877471E-03
   5.26625756E-03
   5.34610730E-03
   5.41781215E-03
   5.48087712E-03
   5.53482724E-03
   5.57920989E-03
   5.61359804E-03
   5.63759310E-03
   5.65082720E-03
   5.65296644E-03
   5.64371329E-03
   5.62280882E-03
   5.59003465E-03
   5.54521661E-03
   5.48822479E-03
   5.41897677E-03
   5.33743901E-03
   5.24362689E-03
   5.13760699E-03
   5.01949759E-03
   4.88946820E-03
   4.74774186E-03
   4.59459191E-03
   4.43034340E-03
   4.25537163E-03
   4.07010084E-03
   3.87500226E-03
   3.67059233E-03
   3.45743075E-03
   3.23611707E-03
   3.00728809E-03
   2.77161459E-03
   2.52979808E-03
   2.28256593E-03
   2.03066855E-03
   1.77487487E-03
   1.51596765E-03
   1.25473959E-03
   9.91988694E-04
   7.28513696E-04
   4.65109537E-04
   2.02563213E-04
  -5.83506189E-05
  -3.16874008E-04
  -5.72269433E-04
  -8.23823968E-04
  -1.07085228E-03
  -1.31270033E-03
  -1.54874811E-03
  -1.77841238E-03
  -2.00114888E-03
  -2.21645413E-03
  -2.42386735E-03
  -2.62297178E-03
  -2.81339488E-03
  -2.99480977E-03
  -3.16693517E-03
  -3.32953478E-03
  -3.48241790E-03
  -3.62543808E-03
  -3.75849265E-03
  -3.88152176E-03
  -3.99450725E-03
  -4.09747101E-03
  -4.19047428E-03
  -4.27361438E-03
  -4.34702542E-03
  -4.41087503E-03
  -4.46536392E-03
  -4.51072305E-03
  -4.54721320E-03
  -4.57512261E-03
  -4.59476514E-03
  -4.60648024E-03
  -4.61062929E-03
  -4.60759597E-03
  -4.59778355E-03
  -4.58161440E-03
  -4.55952762E-03
  -4.53197816E-03
  -4.49943589E-03
  -4.46238369E-03
  -4.42131562E-03
  -4.37673600E-03
  -4.32915846E-03
  -4.27910406E-03
  -4.22709901E-03
  -4.17367509E-03
  -4.11936641E-03
  -4.06470848E-03
  -4.01023682E-03
  -3.95648601E-03
  -3.90398712E-03
  -3.85326683E-03
  -3.80484527E-03
  -3.75923607E-03
  -3.71694355E-03
  -3.67846247E-03
  -3.64427594E-03
  -3.61485500E-03
  -3.59065714E-03
  -3.57212522E-03
  -3.55968555E-03
  -3.55374860E-03
  -3.55470716E-03
  -3.56293446E-03
  -3.57878464E-03
  -3.60259041E-03
  -3.63466283E-03
  -3.67528968E-03
  -3.72473453E-03
  -3.78323556E-03
  -3.85100371E-03
  -3.92822223E-03
  -4.01504384E-03
  -4.11159033E-03
  -4.21795016E-03
  -4.33417689E-03
  -4.46028821E-03
  -4.59626270E-03
  -4.74203890E-03
  -4.89751250E-03
  -5.06253401E-03
  -5.23690833E-03
  -5.42039191E-03
  -5.61269047E-03
  -5.81345661E-03
  -6.02228986E-03
  -6.23873388E-03
  -6.46227505E-03
  -6.69234199E-03
  -6.92830374E-03
  -7.16947066E-03
  -7.41509255E-03
  -7.66436057E-03
  -7.91640673E-03
  -8.17030575E-03
  -8.42507556E-03
  -8.67968053E-03
  -8.93303473E-03
  -9.18400288E-03
  -9.43140499E-03
  -9.67402291E-03
  -9.91060026E-03
  -1.01398528E-02
  -1.03604700E-02
  -1.05711231E-02
  -1.07704727E-02
  -1.09571731E-02
  -1.11298813E-02
  -1.12872636E-02
  -1.14280032E-02
  -1.15508102E-02
  -1.16544254E-02
  -1.17376307E-02
  -1.17992582E-02
  -1.18381958E-02
  -1.18533960E-02
  -1.18438816E-02
  -1.18087549E-02
  -1.17472047E-02
  -1.16585111E-02
  -1.15420530E-02
  -1.13973124E-02
  -1.12238806E-02
  -1.10214613E-02
  -1.07898777E-02
  -1.05290720E-02
  -1.02391113E-02
  -9.92018729E-03
  -9.57262143E-03
  -9.19686258E-03
  -8.79348908E-03
  -8.36320873E-03
  -7.90685695E-03
  -7.42539810E-03
  -6.91992044E-03
  -6.39163610E-03
  -5.84187731E-03
  -5.27209276E-03
  -4.68384521E-03
  -4.07880545E-03
  -3.45874764E-03
  -2.82554468E-03
  -2.18116213E-03
  -1.52765051E-03
  -8.67140363E-04
  -2.01833667E-04
   4.66003548E-04
   1.13405054E-03
   1.79993862E-03
   2.46126205E-03
   3.11558670E-03
   3.76046007E-03
   4.39342251E-03
   5.01201581E-03
   5.61379734E-03
   6.19634800E-03
   6.75728638E-03
   7.29427952E-03
   7.80505454E-03
   8.28741118E-03
   8.73923395E-03
   9.15850326E-03
   9.54330992E-03
   9.89186484E-03
   1.02025121E-02
   1.04737394E-02
   1.07041905E-02
   1.08926753E-02
   1.10381795E-02
   1.11398743E-02
   1.11971255E-02
   1.12095010E-02
   1.11767780E-02
   1.10989492E-02
   1.09762270E-02
   1.08090481E-02
   1.05980746E-02
   1.03441961E-02
   1.00485310E-02
   9.71242227E-03
   9.33743641E-03
   8.92535783E-03
   8.47818516E-03
   7.99812190E-03
   7.48756714E-03
   6.94910763E-03
   6.38550427E-03
   5.79967862E-03
   5.19470079E-03
   4.57377173E-03
   3.94020695E-03
   3.29741975E-03
   2.64890189E-03
   1.99820381E-03
   1.34891504E-03
   7.04643433E-04
   6.89941226E-05
  -5.54451894E-04
  -1.16215914E-03
  -1.75065873E-03
  -2.31656944E-03
  -2.85661919E-03
  -3.36766476E-03
  -3.84671101E-03
  -4.29093186E-03
  -4.69768606E-03
  -5.06453542E-03
  -5.38926059E-03
  -5.66987600E-03
  -5.90464240E-03
  -6.09208038E-03
  -6.23097876E-03
  -6.32040482E-03
  -6.35971129E-03
  -6.34854101E-03
  -6.28683204E-03
  -6.17481815E-03
  -6.01303065E-03
  -5.80229564E-03
  -5.54373115E-03
  -5.23874210E-03
  -4.88901371E-03
  -4.49650222E-03
  -4.06342605E-03
  -3.59225343E-03
  -3.08568869E-03
  -2.54665827E-03
  -1.97829492E-03
  -1.38391950E-03
  -7.67023303E-04
  -1.31248089E-04
   5.19634108E-04
   1.18174241E-03
   1.85110979E-03
   2.52370490E-03
   3.19545576E-03
   3.86227341E-03
   4.52007540E-03
   5.16480953E-03
   5.79247857E-03
   6.39916304E-03
   6.98104547E-03
   7.53443316E-03
   8.05577915E-03
   8.54170602E-03
   8.98902677E-03
   9.39476304E-03
   9.75616556E-03
   1.00707319E-02
   1.03362212E-02
   1.05506713E-02
   1.07124113E-02
   1.08200731E-02
   1.08726034E-02
   1.08692693E-02
   1.08096693E-02
   1.06937326E-02
   1.05217276E-02
   1.02942586E-02
   1.00122681E-02
   9.67703015E-03
   9.29014757E-03
   8.85354448E-03
   8.36945791E-03
   7.84042478E-03
   7.26926932E-03
   6.65908959E-03
   6.01323927E-03
   5.33531001E-03
   4.62911045E-03
   3.89864529E-03
   3.14809196E-03
   2.38177646E-03
   1.60414772E-03
   8.19750887E-04
   3.31998453E-05
  -7.50850537E-04
  -1.52773340E-03
  -2.29279930E-03
  -3.04144504E-03
  -3.76914302E-03
  -4.47147107E-03
  -5.14414068E-03
  -5.78302471E-03
  -6.38418645E-03
  -6.94390433E-03
  -7.45869940E-03
  -7.92535767E-03
  -8.34095478E-03
  -8.70287325E-03
  -9.00882576E-03
  -9.25687049E-03
  -9.44542512E-03
  -9.57328081E-03
  -9.63961147E-03
  -9.64398310E-03
  -9.58635565E-03
  -9.46708862E-03
  -9.28693917E-03
  -9.04705841E-03
  -8.74898862E-03
  -8.39465018E-03
  -7.98633322E-03
  -7.52668222E-03
  -7.01868022E-03
  -6.46562874E-03
  -5.87112736E-03
  -5.23904804E-03
  -4.57351096E-03
  -3.87885654E-03
  -3.15961521E-03
  -2.42047664E-03
  -1.66625879E-03
  -9.01873340E-04
  -1.32292509E-04
   6.37485005E-04
   1.40246935E-03
   2.15771375E-03
   2.89834850E-03
   3.61961499E-03
   4.31689806E-03
   4.98575903E-03
   5.62196458E-03
   6.22151745E-03
   6.78068306E-03
   7.29601551E-03
   7.76437949E-03
   8.18297360E-03
   8.54934752E-03
   8.86141788E-03
   9.11748316E-03
   9.31623392E-03
   9.45676025E-03
   9.53855738E-03
   9.56152752E-03
   9.52597987E-03
   9.43262689E-03
   9.28257778E-03
   9.07733012E-03
   8.81875865E-03
   8.50909762E-03
   8.15092865E-03
   7.74715748E-03
   7.30099529E-03
   6.81593455E-03
   6.29572291E-03
   5.74433664E-03
   5.16595179E-03
   4.56491485E-03
   3.94571060E-03
   3.31293046E-03
   2.67123990E-03
   2.02534534E-03
   1.37996092E-03
   7.39773619E-04
   1.09411951E-04
  -5.06588025E-04
  -1.10381423E-03
  -1.67800998E-03
  -2.22510425E-03
  -2.74123903E-03
  -3.22279800E-03
  -3.66643118E-03
  -4.06907825E-03
  -4.42798948E-03
  -4.74074623E-03
  -5.00527630E-03
  -5.21986885E-03
  -5.38318604E-03
  -5.49427141E-03
  -5.55255637E-03
  -5.55786444E-03
  -5.51041076E-03
  -5.41080022E-03
  -5.26002282E-03
  -5.05944621E-03
  -4.81080450E-03
  -4.51618480E-03
  -4.17801365E-03
  -3.79903661E-03
  -3.38229979E-03
  -2.93112616E-03
  -2.44909176E-03
  -1.93999941E-03
  -1.40785053E-03
  -8.56816187E-04
  -2.91206408E-04
   2.84561014E-04
   8.65993323E-04
   1.44855585E-03
   2.02770415E-03
   2.59891897E-03
   3.15773836E-03
   3.69979069E-03
   4.22082748E-03
   4.71675443E-03
   5.18366229E-03
   5.61785651E-03
   6.01588329E-03
   6.37455750E-03
   6.69098645E-03
   6.96259132E-03
   7.18712807E-03
   7.36270519E-03
   7.48779718E-03
   7.56125944E-03
   7.58233573E-03
   7.55066611E-03
   7.46629108E-03
   7.32965162E-03
   7.14158826E-03
   6.90333406E-03
   6.61650859E-03
   6.28310535E-03
   5.90547733E-03
   5.48632164E-03
   5.02865855E-03
   4.53580916E-03
   4.01137117E-03
   3.45919118E-03
   2.88333604E-03
   2.28806236E-03
   1.67778227E-03
   1.05703087E-03
   4.30430693E-04
  -1.97344518E-04
  -8.21606081E-04
  -1.43768708E-03
  -2.04097852E-03
  -2.62696622E-03
  -3.19126621E-03
  -3.72965937E-03
  -4.23812447E-03
  -4.71286988E-03
  -5.15036378E-03
  -5.54736145E-03
  -5.90093154E-03
  -6.20847847E-03
  -6.46776147E-03
  -6.67691370E-03
  -6.83445530E-03
  -6.93930453E-03
  -6.99078571E-03
  -6.98863389E-03
  -6.93299528E-03
  -6.82442635E-03
  -6.66388730E-03
  -6.45273365E-03
  -6.19270466E-03
  -5.88590838E-03
  -5.53480443E-03
  -5.14218258E-03
  -4.71114088E-03
  -4.24506003E-03
  -3.74757592E-03
  -3.22255096E-03
  -2.67404295E-03
  -2.10627308E-03
  -1.52359228E-03
  -9.30447830E-04
  -3.31348449E-04
   2.69170210E-04
   8.66580929E-04
   1.45639922E-03
   2.03421735E-03
   2.59573758E-03
   3.13680479E-03
   3.65343667E-03
   4.14185412E-03
   4.59850905E-03
   5.02010994E-03
   5.40364673E-03
   5.74641116E-03
   6.04601763E-03
   6.30041910E-03
   6.50792290E-03
   6.66720141E-03
   6.77730050E-03
   6.83764648E-03
   6.84804935E-03
   6.80870283E-03
   6.72018155E-03
   6.58343639E-03
   6.39978470E-03
   6.17090054E-03
   5.89880021E-03
   5.58582600E-03
   5.23462705E-03
   4.84813796E-03
   4.42955457E-03
   3.98230925E-03
   3.51004279E-03
   3.01657431E-03
   2.50587100E-03
   1.98201626E-03
   1.44917611E-03
   9.11565498E-04
   3.73414543E-04
  -1.61066651E-04
  -6.87721884E-04
  -1.20248296E-03
  -1.70140271E-03
  -2.18068785E-03
  -2.63672951E-03
  -3.06613301E-03
  -3.46574537E-03
  -3.83268110E-03
  -4.16434556E-03
  -4.45845583E-03
  -4.71305894E-03
  -4.92654741E-03
  -5.09767095E-03
  -5.22554573E-03
  -5.30966138E-03
  -5.34988148E-03
  -5.34644537E-03
  -5.29996213E-03
  -5.21140359E-03
  -5.08209504E-03
  -4.91370074E-03
  -4.70820628E-03
  -4.46790084E-03
  -4.19535395E-03
  -3.89339123E-03
  -3.56506766E-03
  -3.21363844E-03
  -2.84252898E-03
  -2.45530228E-03
  -2.05562683E-03
  -1.64724200E-03
  -1.23392395E-03
  -8.19451525E-04
  -4.07571759E-04
  -1.96593464E-06
   3.93783237E-04
   7.76223605E-04
   1.14206411E-03
   1.48820330E-03
   1.81175629E-03
   2.11007940E-03
   2.38079252E-03
   2.62179878E-03
   2.83130072E-03
   3.00781475E-03
   3.15018231E-03
   3.25757707E-03
   3.32950964E-03
   3.36582889E-03
   3.36671970E-03
   3.33269848E-03
   3.26460483E-03
   3.16358986E-03
   3.03110224E-03
   2.86887214E-03
   2.67889095E-03
   2.46339012E-03
   2.22481694E-03
   1.96580868E-03
   1.68916630E-03
   1.39782485E-03
   1.09482394E-03
   7.83277967E-04
   4.66344878E-04
   1.47195417E-04
  -1.71017688E-04
  -4.85189899E-04
  -7.92294159E-04
  -1.08940946E-03
  -1.37374783E-03
  -1.64267980E-03
  -1.89375808E-03
  -2.12473935E-03
  -2.33360333E-03
  -2.51857028E-03
  -2.67811515E-03
  -2.81097949E-03
  -2.91618123E-03
  -2.99302069E-03
  -3.04108416E-03
  -3.06024542E-03
  -3.05066304E-03
  -3.01277707E-03
  -2.94730067E-03
  -2.85521173E-03
  -2.73774029E-03
  -2.59635458E-03
  -2.43274448E-03
  -2.24880408E-03
  -2.04661186E-03
  -1.82840903E-03
  -1.59657735E-03
  -1.35361578E-03
  -1.10211596E-03
  -8.44737282E-04
  -5.84181747E-04
  -3.23168468E-04
  -6.44079992E-05
   1.89422368E-04
   4.35703580E-04
   6.71898772E-04
   8.95576086E-04
   1.10443076E-03
   1.29630661E-03
   1.46921480E-03
   1.62135216E-03
   1.75111729E-03
   1.85712543E-03
   1.93822093E-03
   1.99348759E-03
   2.02225777E-03
   2.02411856E-03
   1.99891604E-03
   1.94675685E-03
   1.86800840E-03
   1.76329608E-03
   1.63349812E-03
   1.47973862E-03
   1.30337803E-03
   1.10600144E-03
   8.89404910E-04
   6.55579614E-04
   4.06694133E-04
   1.45075115E-04
  -1.26813742E-04
  -4.06394480E-04
  -6.90998277E-04
  -9.77890799E-04
  -1.26429729E-03
  -1.54742901E-03
  -1.82451040E-03
  -2.09280476E-03
  -2.34964164E-03
  -2.59244256E-03
  -2.81874603E-03
  -3.02623259E-03
  -3.21274786E-03
  -3.37632350E-03
  -3.51519813E-03
  -3.62783414E-03
  -3.71293421E-03
  -3.76945455E-03
  -3.79661541E-03
  -3.79390968E-03
  -3.76110827E-03
  -3.69826285E-03
  -3.60570499E-03
  -3.48404399E-03
  -3.33416020E-03
  -3.15719703E-03
  -2.95454892E-03
  -2.72784801E-03
  -2.47894786E-03
  -2.20990414E-03
  -1.92295574E-03
  -1.62050128E-03
  -1.30507618E-03
  -9.79327597E-04
  -6.45988388E-04
  -3.07850656E-04
   3.22607229E-05
   3.71515838E-04
   7.07105850E-04
   1.03626982E-03
   1.35632034E-03
   1.66466797E-03
   1.95884448E-03
   2.23652576E-03
   2.49555102E-03
   2.73394235E-03
   2.94992072E-03
   3.14192078E-03
   3.30860331E-03
   3.44886491E-03
   3.56184621E-03
   3.64693650E-03
   3.70377745E-03
   3.73226311E-03
   3.73253855E-03
   3.70499562E-03
   3.65026691E-03
   3.56921717E-03
   3.46293300E-03
   3.33271082E-03
   3.18004214E-03
   3.00659845E-03
   2.81421398E-03
   2.60486733E-03
   2.38066167E-03
   2.14380445E-03
   1.89658615E-03
   1.64135848E-03
   1.38051249E-03
   1.11645623E-03
   8.51592398E-04
   5.88296680E-04
   3.28895840E-04
   7.56472582E-05
  -1.69281237E-04
  -4.03830491E-04
  -6.26067864E-04
  -8.34203791E-04
  -1.02660689E-03
  -1.20181718E-03
  -1.35855819E-03
  -1.49574666E-03
  -1.61250064E-03
  -1.70814572E-03
  -1.78221869E-03
  -1.83446973E-03
  -1.86486263E-03
  -1.87357201E-03
  -1.86097994E-03
  -1.82766968E-03
  -1.77441782E-03
  -1.70218456E-03
  -1.61210261E-03
  -1.50546432E-03
  -1.38370763E-03
  -1.24840066E-03
  -1.10122503E-03
  -9.43958585E-04
  -7.78457383E-04
  -6.06636808E-04
  -4.30452521E-04
  -2.51881604E-04
  -7.29026360E-05
   1.04522798E-04
   2.78469233E-04
   4.47065220E-04
   6.08511269E-04
   7.61096424E-04
   9.03213862E-04
   1.03337585E-03
   1.15022715E-03
   1.25255669E-03
   1.33930903E-03
   1.40959304E-03
   1.46268960E-03
   1.49805786E-03
   1.51533959E-03
   1.51436182E-03
   1.49513769E-03
   1.45786616E-03
   1.40292919E-03
   1.33088802E-03
   1.24247698E-03
   1.13859691E-03
   1.02030556E-03
   8.88807990E-04
   7.45444326E-04
   5.91677206E-04
   4.29077365E-04
   2.59308785E-04
   8.41123983E-05
  -9.47105000E-05
  -2.75316124E-04
  -4.55835980E-04
  -6.34394935E-04
  -8.09129793E-04
  -9.78207798E-04
  -1.13984453E-03
  -1.29232195E-03
  -1.43400533E-03
  -1.56335998E-03
  -1.67896692E-03
  -1.77953753E-03
  -1.86392665E-03
  -1.93114486E-03
  -1.98036898E-03
  -2.01095082E-03
  -2.02242471E-03
  -2.01451266E-03
  -1.98712805E-03
  -1.94037764E-03
  -1.87456061E-03
  -1.79016695E-03
  -1.68787281E-03
  -1.56853464E-03
  -1.43318134E-03
  -1.28300430E-03
  -1.11934636E-03
  -9.43688443E-04
  -7.57635396E-04
  -5.62900212E-04
  -3.61287384E-04
  -1.54675028E-04
   5.50037221E-05
   2.65779643E-04
   4.75666777E-04
   6.82682265E-04
   8.84865876E-04
   1.08029880E-03
   1.26712315E-03
   1.44355954E-03
   1.60792423E-03
   1.75864575E-03
   1.89427927E-03
   2.01352057E-03
   2.11521797E-03
   2.19838251E-03
   2.26219674E-03
   2.30602105E-03
   2.32939958E-03
   2.33206199E-03
   2.31392542E-03
   2.27509323E-03
   2.21585203E-03
   2.13666772E-03
   2.03817850E-03
   1.92118704E-03
   1.78665097E-03
   1.63567206E-03
   1.46948372E-03
   1.28943776E-03
   1.09699031E-03
   8.93686665E-04
   6.81145582E-04
   4.61043586E-04
   2.35098574E-04
   5.05374919E-06
  -2.27338489E-04
  -4.60332085E-04
  -6.92203117E-04
  -9.21263709E-04
  -1.14587648E-03
  -1.36446755E-03
  -1.57553819E-03
  -1.77767640E-03
  -1.96956634E-03
  -2.14999728E-03
  -2.31787143E-03
  -2.47220974E-03
  -2.61215726E-03
  -2.73698661E-03
  -2.84610083E-03
  -2.93903472E-03
  -3.01545532E-03
  -3.07516032E-03
  -3.11807659E-03
  -3.14425724E-03
  -3.15387780E-03
  -3.14723118E-03
  -3.12472251E-03
  -3.08686215E-03
  -3.03425919E-03
  -2.96761398E-03
  -2.88770953E-03
  -2.79540359E-03
  -2.69161933E-03
  -2.57733557E-03
  -2.45357817E-03
  -2.32140999E-03
  -2.18192046E-03
  -2.03621644E-03
  -1.88541249E-03
  -1.73062074E-03
  -1.57294166E-03
  -1.41345523E-03
  -1.25321187E-03
  -1.09322427E-03
  -9.34459677E-04
  -7.77832756E-04
  -6.24199165E-04
  -4.74349945E-04
  -3.29006492E-04
  -1.88816543E-04
  -5.43513161E-05
   7.38969247E-05
   1.95516215E-04
   3.10175034E-04
   4.17621806E-04
   5.17683395E-04
   6.10262621E-04
   6.95335038E-04
   7.72945117E-04
   8.43201415E-04
   9.06271278E-04
   9.62375023E-04
   1.01177976E-03
   1.05479290E-03
   1.09175534E-03
   1.12303463E-03
   1.14901818E-03
   1.17010646E-03
   1.18670671E-03
   1.19922648E-03
   1.20806799E-03
   1.21362251E-03
   1.21626572E-03
   1.21635315E-03
   1.21421646E-03
   1.21016020E-03
   1.20445935E-03
   1.19735673E-03
   1.18906214E-03
   1.17975089E-03
   1.16956362E-03
   1.15860626E-03
   1.14695053E-03
   1.13463448E-03
   1.12166430E-03
   1.10801531E-03
   1.09363394E-03
   1.07843988E-03
   1.06232846E-03
   1.04517280E-03
   1.02682691E-03
   1.00712827E-03
   9.85900871E-04
   9.62958438E-04
   9.38107783E-04
   9.11152165E-04
   8.81894666E-04
   8.50142038E-04
   8.15708248E-04
   7.78418384E-04
   7.38112372E-04
   6.94648654E-04
   6.47908193E-04
   5.97797916E-04
   5.44254028E-04
   4.87245648E-04
   4.26777493E-04
   3.62892461E-04
   2.95673875E-04
   2.25247059E-04
   1.51780521E-04
   7.54862558E-05
  -3.38040263E-06
  -8.45218965E-05
  -1.67600025E-04
  -2.52238562E-04
  -3.38026468E-04
  -4.24522179E-04
  -5.11258026E-04
  -5.97745879E-04
  -6.83483086E-04
  -7.67959049E-04
  -8.50661832E-04
  -9.31085378E-04
  -1.00873690E-03
  -1.08314387E-03
  -1.15386117E-03
  -1.22047774E-03
  -1.28262304E-03
  -1.33997260E-03
  -1.39225333E-03
  -1.43924716E-03
  -1.48079486E-03
  -1.51679816E-03
  -1.54722109E-03
  -1.57209020E-03
  -1.59149361E-03
  -1.60557928E-03
  -1.61455222E-03
  -1.61867053E-03
  -1.61824061E-03
  -1.61361182E-03
  -1.60517031E-03
  -1.59333227E-03
  -1.57853705E-03
  -1.56123936E-03
  -1.54190231E-03
  -1.52098946E-03
  -1.49895763E-03
  -1.47624977E-03
  -1.45328848E-03
  -1.43046922E-03
  -1.40815508E-03
  -1.38667168E-03
  -1.36630272E-03
  -1.34728651E-03
  -1.32981304E-03
  -1.31402223E-03
  -1.30000233E-03
  -1.28778978E-03
  -1.27736921E-03
  -1.26867450E-03
  -1.26159051E-03
  -1.25595508E-03
  -1.25156203E-03
  -1.24816422E-03
  -1.24547747E-03
  -1.24318444E-03
  -1.24093902E-03
  -1.23837125E-03
  -1.23509218E-03
  -1.23069866E-03
  -1.22477894E-03
  -1.21691753E-03
  -1.20670046E-03
  -1.19372085E-03
  -1.17758394E-03
  -1.15791184E-03
  -1.13434903E-03
  -1.10656652E-03
  -1.07426662E-03
  -1.03718718E-03
  -9.95105365E-04
  -9.47841327E-04
  -8.95261008E-04
  -8.37279134E-04
  -7.73861306E-04
  -7.05025741E-04
  -6.30844210E-04
  -5.51442732E-04
  -4.67001606E-04
  -3.77754477E-04
  -2.83987320E-04
  -1.86036472E-04
  -8.42861700E-05
   2.08345446E-05
   1.28855376E-04
   2.39268935E-04
   3.51535215E-04
   4.65086516E-04
   5.79332816E-04
   6.93667273E-04
   8.07471864E-04
   9.20123304E-04
   1.03099877E-03
   1.13948202E-03
   1.24496873E-03
   1.34687219E-03
   1.44462858E-03
   1.53770181E-03
   1.62558816E-03
   1.70781999E-03
   1.78396993E-03
   1.85365346E-03
