   0.00000000    
   0.00000000    
   0.00000000    
   0.00000000    
   0.00000000    
   0.00000000    
   0.00000000    
   0.00000000    
   6.41794697E-43
  -5.13968251E-41
   3.26643233E-39
   4.01040102E-38
   1.60481969E-37
  -2.72756244E-37
  -6.85076084E-36
  -4.43675649E-35
  -1.84127633E-34
  -5.48181964E-34
  -1.12510164E-33
  -9.81588568E-34
   3.74137628E-33
   2.30203098E-32
   7.38901349E-32
   1.66137389E-31
   2.40325048E-31
  -3.30175204E-33
  -1.47115394E-30
  -6.30055944E-30
  -1.86401250E-29
  -4.50250222E-29
  -9.28359743E-29
  -1.63735221E-28
  -2.36805726E-28
  -2.34000633E-28
   3.99716408E-29
   9.87063363E-28
   3.32503331E-27
   8.17864024E-27
   1.70672137E-26
   3.16339540E-26
   5.28805142E-26
   7.96005273E-26
   1.05696502E-25
   1.16194010E-25
   8.21421016E-26
  -4.46687311E-26
  -3.35024370E-25
  -8.79770025E-25
  -1.77546676E-24
  -3.09007190E-24
  -4.79899232E-24
  -6.68213702E-24
  -8.17619066E-24
  -8.18509690E-24
  -4.86760902E-24
   4.55474206E-24
   2.38923470E-23
   5.78666961E-23
   1.11611095E-22
   1.89589403E-22
   2.93704401E-22
   4.20373803E-22
   5.56407502E-22
   6.73642885E-22
   7.22501068E-22
   6.24925512E-22
   2.67548323E-22
  -5.03618697E-22
  -1.88519793E-21
  -4.11296253E-21
  -7.45034873E-21
  -1.21663857E-20
  -1.85007119E-20
  -2.66140451E-20
  -3.65236171E-20
  -4.80247590E-20
  -6.06018689E-20
  -7.33344339E-20
  -8.48060396E-20
  -9.30265864E-20
  -9.53792755E-20
  -8.86042656E-20
  -6.88299767E-20
  -3.16597369E-20
   2.76833634E-20
   1.14158162E-19
   2.32668122E-19
   3.87811765E-19
   5.83661690E-19
   8.23630612E-19
   1.11050135E-18
   1.44672069E-18
   1.83508261E-18
   2.27995792E-18
   2.78926130E-18
   3.37739602E-18
   4.06945937E-18
   4.90706245E-18
   5.95617687E-18
   7.31749943E-18
   9.13990240E-18
   1.16375974E-17
   1.51117097E-17
   1.99769825E-17
   2.67943140E-17
   3.63097613E-17
   4.95004962E-17
   6.76278781E-17
   9.22974811E-17
   1.25525134E-16
   1.69807249E-16
   2.28192449E-16
   3.04349685E-16
   4.02625729E-16
   5.28081844E-16
   6.86494899E-16
   8.84302715E-16
   1.12846578E-15
   1.42620782E-15
   1.78458471E-15
   2.20981430E-15
   2.70628128E-15
   3.27510287E-15
   3.91210933E-15
   4.60505725E-15
   5.32984259E-15
   6.04542830E-15
   6.68713369E-15
   7.15786039E-15
   7.31673836E-15
   6.96459119E-15
   5.82550467E-15
   3.52368120E-15
  -4.45347477E-16
  -6.75018767E-15
  -1.62668663E-14
  -3.01311134E-14
  -4.98008820E-14
  -7.71302916E-14
  -1.14456025E-13
  -1.64697005E-13
  -2.31467704E-13
  -3.19204705E-13
  -4.33305274E-13
  -5.80275194E-13
  -7.67881310E-13
  -1.00530153E-12
  -1.30326229E-12
  -1.67414802E-12
  -2.13206319E-12
  -2.69281927E-12
  -3.37381295E-12
  -4.19374604E-12
  -5.17213442E-12
  -6.32852668E-12
  -7.68134428E-12
  -9.24622878E-12
  -1.10337624E-11
  -1.30463904E-11
  -1.52743512E-11
  -1.76903769E-11
  -2.02428907E-11
  -2.28473785E-11
  -2.53755714E-11
  -2.76420206E-11
  -2.93875896E-11
  -3.02593506E-11
  -2.97863227E-11
  -2.73504223E-11
  -2.21520094E-11
  -1.31693536E-11
   8.88609498E-13
   2.16368763E-11
   5.10768233E-11
   9.16669796E-11
   1.46402279E-10
   2.18901744E-10
   3.13504223E-10
   4.35371295E-10
   5.90595517E-10
   7.86312071E-10
   1.03081010E-09
   1.33363875E-09
   1.70570291E-09
   2.15933871E-09
   2.70836065E-09
   3.36806472E-09
   4.15517487E-09
   5.08770892E-09
   6.18474427E-09
   7.46605089E-09
   8.95155772E-09
   1.06606164E-08
   1.26110065E-08
   1.48176298E-08
   1.72908354E-08
   2.00342853E-08
   2.30422899E-08
   2.62965099E-08
   2.97619085E-08
   3.33818413E-08
   3.70721267E-08
   4.07139638E-08
   4.41455121E-08
   4.71519286E-08
   4.94536927E-08
   5.06929609E-08
   5.04177144E-08
   4.80634448E-08
   4.29320721E-08
   3.41678366E-08
   2.07298019E-08
   1.36066447E-09
  -2.54484753E-08
  -6.14977580E-08
  -1.08922961E-07
  -1.70245045E-07
  -2.48425152E-07
  -3.46925589E-07
  -4.69776893E-07
  -6.21651452E-07
  -8.07944218E-07
  -1.03486025E-06
  -1.30950980E-06
  -1.64001085E-06
  -2.03559966E-06
  -2.50674839E-06
  -3.06529159E-06
  -3.72455884E-06
  -4.49951540E-06
  -5.40691053E-06
  -6.46543003E-06
  -7.69585768E-06
  -9.12123869E-06
  -1.07670494E-05
  -1.26613677E-05
  -1.48350464E-05
  -1.73218850E-05
  -2.01587991E-05
  -2.33859882E-05
  -2.70470900E-05
  -3.11893345E-05
  -3.58636826E-05
  -4.11249348E-05
  -4.70318519E-05
  -5.36472144E-05
  -6.10378993E-05
  -6.92748799E-05
  -7.84332224E-05
  -8.85920381E-05
  -9.98343749E-05
  -1.12247079E-04
  -1.25920589E-04
  -1.40948701E-04
  -1.57428207E-04
  -1.75458510E-04
  -1.95141212E-04
  -2.16579530E-04
  -2.39877671E-04
  -2.65140174E-04
  -2.92471086E-04
  -3.21973144E-04
  -3.53746756E-04
  -3.87888984E-04
  -4.24492464E-04
  -4.63644159E-04
  -5.05424046E-04
  -5.49903838E-04
  -5.97145525E-04
  -6.47199922E-04
  -7.00105214E-04
  -7.55885267E-04
  -8.14548228E-04
  -8.76084960E-04
  -9.40467406E-04
  -1.00764725E-03
  -1.07755442E-03
  -1.15009595E-03
  -1.22515438E-03
  -1.30258698E-03
  -1.38222473E-03
  -1.46387180E-03
  -1.54730491E-03
  -1.63227308E-03
  -1.71849784E-03
  -1.80567335E-03
  -1.89346739E-03
  -1.98152219E-03
  -2.06945604E-03
  -2.15686485E-03
  -2.24332488E-03
  -2.32839468E-03
  -2.41161906E-03
  -2.49253167E-03
  -2.57065962E-03
  -2.64552748E-03
  -2.71666190E-03
  -2.78359745E-03
  -2.84588081E-03
  -2.90307729E-03
  -2.95477686E-03
  -3.00059980E-03
  -3.04020313E-03
  -3.07328720E-03
  -3.09960172E-03
  -3.11895204E-03
  -3.13120545E-03
  -3.13629699E-03
  -3.13423458E-03
  -3.12510435E-03
  -3.10907536E-03
  -3.08640325E-03
  -3.05743353E-03
  -3.02260416E-03
  -2.98244739E-03
  -2.93759000E-03
  -2.88875331E-03
  -2.83675198E-03
  -2.78249104E-03
  -2.72696349E-03
  -2.67124432E-03
  -2.61648581E-03
  -2.56391009E-03
  -2.51480099E-03
  -2.47049564E-03
  -2.43237359E-03
  -2.40184623E-03
  -2.38034478E-03
  -2.36930768E-03
  -2.37016659E-03
  -2.38433341E-03
  -2.41318555E-03
  -2.45805131E-03
  -2.52019498E-03
  -2.60080234E-03
  -2.70096655E-03
  -2.82167317E-03
  -2.96378718E-03
  -3.12803942E-03
  -3.31501476E-03
  -3.52514046E-03
  -3.75867588E-03
  -4.01570322E-03
  -4.29611979E-03
  -4.59963176E-03
  -4.92574880E-03
  -5.27377939E-03
  -5.64282946E-03
  -6.03180192E-03
  -6.43939665E-03
  -6.86411234E-03
  -7.30425073E-03
  -7.75792077E-03
  -8.22304562E-03
  -8.69736820E-03
  -9.17845964E-03
  -9.66373086E-03
  -1.01504391E-02
  -1.06356991E-02
  -1.11164963E-02
  -1.15896948E-02
  -1.20520517E-02
  -1.25002256E-02
  -1.29307918E-02
  -1.33402515E-02
  -1.37250423E-02
  -1.40815508E-02
  -1.44061223E-02
  -1.46950707E-02
  -1.49446884E-02
  -1.51512567E-02
  -1.53110512E-02
  -1.54203549E-02
  -1.54754641E-02
  -1.54726962E-02
  -1.54083977E-02
  -1.52789541E-02
  -1.50807956E-02
  -1.48104075E-02
  -1.44643392E-02
  -1.40392110E-02
  -1.35317277E-02
  -1.29386885E-02
  -1.22570004E-02
  -1.14836888E-02
  -1.06159151E-02
  -9.65099130E-03
  -8.58639833E-03
  -7.41980411E-03
  -6.14908338E-03
  -4.77234134E-03
  -3.28793516E-03
  -1.69449893E-03
   9.03068576E-06
   1.82338885E-03
   3.74895404E-03
   5.78572089E-03
   7.93327205E-03
   1.01907495E-02
   1.25568276E-02
   1.50296837E-02
   1.76069755E-02
   2.02858113E-02
   2.30627283E-02
   2.59336717E-02
   2.88939774E-02
   3.19383517E-02
   3.50608565E-02
   3.82549092E-02
   4.15132605E-02
   4.48280051E-02
   4.81905751E-02
   5.15917540E-02
   5.50216772E-02
   5.84698506E-02
   6.19251728E-02
   6.53759614E-02
   6.88099712E-02
   7.22144395E-02
   7.55761191E-02
   7.88813308E-02
   8.21159929E-02
   8.52656886E-02
   8.83157104E-02
   9.12511349E-02
   9.40568820E-02
   9.67177600E-02
   9.92185622E-02
  0.101544127    
  0.103679411    
  0.105609573    
  0.107320040    
  0.108796597    
  0.110025451    
  0.110993341    
  0.111687578    
  0.112096153    
  0.112207808    
  0.112012111    
  0.111499533    
  0.110661529    
  0.109490596    
  0.107980348    
  0.106125586    
  0.103922352    
  0.101367995    
   9.84612182E-02
   9.52021256E-02
   9.15922821E-02
   8.76347348E-02
   8.33340511E-02
   7.86963403E-02
   7.37292841E-02
   6.84421435E-02
   6.28457516E-02
   5.69525398E-02
   5.07764965E-02
   4.43331711E-02
   3.76396365E-02
   3.07144541E-02
   2.35776342E-02
   1.62505805E-02
   8.75602756E-03
   1.11797312E-03
  -6.63840678E-03
  -1.44868428E-02
  -2.24000681E-02
  -3.03499252E-02
  -3.83074768E-02
  -4.62431312E-02
  -5.41267656E-02
  -6.19278587E-02
  -6.96156323E-02
  -7.71592036E-02
  -8.45277160E-02
  -9.16905105E-02
  -9.86172631E-02
 -0.105278172    
 -0.111644082    
 -0.117686667    
 -0.123378575    
 -0.128693596    
 -0.133606806    
 -0.138094708    
 -0.142135397    
 -0.145708680    
 -0.148796216    
 -0.151381642    
 -0.153450683    
 -0.154991239    
 -0.155993536    
 -0.156450123    
 -0.156356037    
 -0.155708775    
 -0.154508427    
 -0.152757660    
 -0.150461718    
 -0.147628486    
 -0.144268438    
 -0.140394628    
 -0.136022672    
 -0.131170675    
 -0.125859156    
 -0.120111011    
 -0.113951378    
 -0.107407540    
 -0.100508831    
  -9.32864770E-02
  -8.57734531E-02
  -7.80043527E-02
  -7.00151846E-02
  -6.18432388E-02
  -5.35268597E-02
  -4.51052785E-02
  -3.66184078E-02
  -2.81066298E-02
  -1.96105875E-02
  -1.11709628E-02
  -2.82826088E-03
   5.37740905E-03
   1.34065617E-02
   2.12205537E-02
   2.87818052E-02
   3.60540077E-02
   4.30023484E-02
   4.95937020E-02
   5.57968393E-02
   6.15825988E-02
   6.69240877E-02
   7.17968270E-02
   7.61789158E-02
   8.00511762E-02
   8.33972618E-02
   8.62037912E-02
   8.84604082E-02
   9.01598781E-02
   9.12981480E-02
   9.18743610E-02
   9.18908864E-02
   9.13533196E-02
   9.02704522E-02
   8.86542201E-02
   8.65196511E-02
   8.38847756E-02
   8.07705224E-02
   7.72005990E-02
   7.32013509E-02
   6.88015819E-02
   6.40324131E-02
   5.89270554E-02
   5.35206310E-02
   4.78499345E-02
   4.19532172E-02
   3.58699337E-02
   2.96404958E-02
   2.33060233E-02
   1.69080719E-02
   1.04883742E-02
   4.08856943E-03
  -2.25006044E-03
  -8.48685950E-03
  -1.45820547E-02
  -2.04970185E-02
  -2.61945073E-02
  -3.16389129E-02
  -3.67964879E-02
  -4.16355580E-02
  -4.61267345E-02
  -5.02430946E-02
  -5.39603606E-02
  -5.72570600E-02
  -6.01146519E-02
  -6.25176504E-02
  -6.44537210E-02
  -6.59137592E-02
  -6.68919459E-02
  -6.73857704E-02
  -6.73960596E-02
  -6.69269413E-02
  -6.59858361E-02
  -6.45833760E-02
  -6.27333373E-02
  -6.04525357E-02
  -5.77607043E-02
  -5.46803474E-02
  -5.12365773E-02
  -4.74569388E-02
  -4.33712006E-02
  -3.90111357E-02
  -3.44103090E-02
  -2.96038128E-02
  -2.46280208E-02
  -1.95203219E-02
  -1.43188480E-02
  -9.06219147E-03
  -3.78912454E-03
   1.46168750E-03
   6.65196776E-03
   1.17441127E-02
   1.67014673E-02
   2.14885920E-02
   2.60715317E-02
   3.04180570E-02
   3.44979055E-02
   3.82830054E-02
   4.17476743E-02
   4.48688120E-02
   4.76260558E-02
   5.00019416E-02
   5.19820079E-02
   5.35549112E-02
   5.47124855E-02
   5.54498062E-02
   5.57652004E-02
   5.56602515E-02
   5.51397726E-02
   5.42117506E-02
   5.28872758E-02
   5.11804298E-02
   4.91081700E-02
   4.66901734E-02
   4.39486764E-02
   4.09082808E-02
   3.75957564E-02
   3.40398066E-02
   3.02708447E-02
   2.63207331E-02
   2.22225320E-02
   1.80102270E-02
   1.37184523E-02
   9.38221719E-03
   5.03662135E-03
   7.16575421E-04
  -3.54347704E-03
  -7.70983286E-03
  -1.17497966E-02
  -1.56319365E-02
  -1.93263330E-02
  -2.28048135E-02
  -2.60411687E-02
  -2.90113613E-02
  -3.16937044E-02
  -3.40690352E-02
  -3.61208543E-02
  -3.78354527E-02
  -3.92020121E-02
  -4.02126834E-02
  -4.08626348E-02
  -4.11500856E-02
  -4.10763137E-02
  -4.06456254E-02
  -3.98653150E-02
  -3.87455896E-02
  -3.72994803E-02
  -3.55427228E-02
  -3.34936157E-02
  -3.11728567E-02
  -2.86033656E-02
  -2.58100815E-02
  -2.28197463E-02
  -1.96606740E-02
  -1.63625013E-02
  -1.29559357E-02
  -9.47248563E-03
  -5.94419148E-03
  -2.40334542E-03
   1.11778569E-03
   4.58723865E-03
   7.97363091E-03
   1.12464316E-02
   1.43762231E-02
   1.73349567E-02
   2.00961921E-02
   2.26353239E-02
   2.49297936E-02
   2.69592796E-02
   2.87058745E-02
   3.01542338E-02
   3.12917009E-02
   3.21084186E-02
   3.25974002E-02
   3.27545926E-02
   3.25788967E-02
   3.20721753E-02
   3.12392265E-02
   3.00877336E-02
   2.86281910E-02
   2.68738028E-02
   2.48403624E-02
   2.25461032E-02
   2.00115312E-02
   1.72592402E-02
   1.43137062E-02
   1.12010678E-02
   7.94889033E-03
   4.58591804E-03
   1.14182220E-03
  -2.35306611E-03
  -5.86802326E-03
  -9.37220454E-03
  -1.28349159E-02
  -1.62258819E-02
  -1.95155106E-02
  -2.26751547E-02
  -2.56773569E-02
  -2.84960922E-02
  -3.11069861E-02
  -3.34875323E-02
  -3.56172808E-02
  -3.74780074E-02
  -3.90538834E-02
  -4.03315946E-02
  -4.13004570E-02
  -4.19525020E-02
  -4.22825478E-02
  -4.22882326E-02
  -4.19700220E-02
  -4.13312167E-02
  -4.03779000E-02
  -3.91188823E-02
  -3.75656225E-02
  -3.57321166E-02
  -3.36347707E-02
  -3.12922448E-02
  -2.87252851E-02
  -2.59565376E-02
  -2.30103415E-02
  -1.99125074E-02
  -1.66900866E-02
  -1.33711211E-02
  -9.98439826E-03
  -6.55918522E-03
  -3.12497001E-03
   2.88806157E-04
   3.65301059E-03
   6.93908194E-03
   1.01192845E-02
   1.31669566E-02
   1.60567462E-02
   1.87648367E-02
   2.12691575E-02
   2.35495754E-02
   2.55880691E-02
   2.73688901E-02
   2.88786907E-02
   3.01066376E-02
   3.10444981E-02
   3.16867009E-02
   3.20303813E-02
   3.20753865E-02
   3.18242610E-02
   3.12822163E-02
   3.04570626E-02
   2.93591190E-02
   2.80011110E-02
   2.63980292E-02
   2.45669819E-02
   2.25270241E-02
   2.02989634E-02
   1.79051571E-02
   1.53692923E-02
   1.27161611E-02
   9.97141562E-03
   7.16132857E-03
   4.31253854E-03
   1.45180291E-03
  -1.39425509E-03
  -4.19939496E-03
  -6.93800021E-03
  -9.58531722E-03
  -1.21176755E-02
  -1.45127065E-02
  -1.67495422E-02
  -1.88090019E-02
  -2.06737611E-02
  -2.23284978E-02
  -2.37600263E-02
  -2.49574091E-02
  -2.59120371E-02
  -2.66177058E-02
  -2.70706490E-02
  -2.72695627E-02
  -2.72156000E-02
  -2.69123502E-02
  -2.63657812E-02
  -2.55841725E-02
  -2.45780237E-02
  -2.33599376E-02
  -2.19444912E-02
  -2.03480814E-02
  -1.85887553E-02
  -1.66860335E-02
  -1.46607049E-02
  -1.25346268E-02
  -1.03305001E-02
  -8.07164796E-03
  -5.78178093E-03
  -3.48476460E-03
  -1.20438356E-03
   1.03589334E-03
   3.21314391E-03
   5.30521758E-03
   7.29095470E-03
   9.15039051E-03
   1.08649535E-02
   1.24176443E-02
   1.37932030E-02
   1.49782542E-02
   1.59614384E-02
   1.67335197E-02
   1.72874723E-02
   1.76185444E-02
   1.77243035E-02
   1.76046528E-02
   1.72618255E-02
   1.67003609E-02
   1.59270465E-02
   1.49508528E-02
   1.37828337E-02
   1.24360109E-02
   1.09252408E-02
   9.26706009E-03
   7.47951958E-03
   5.58199827E-03
   3.59500665E-03
   1.53998332E-03
  -5.60921151E-04
  -2.68506678E-03
  -4.80954815E-03
  -6.91142213E-03
  -8.96793325E-03
  -1.09567381E-02
  -1.28561240E-02
  -1.46452216E-02
  -1.63042080E-02
  -1.78144984E-02
  -1.91589277E-02
  -2.03219112E-02
  -2.12896019E-02
  -2.20500156E-02
  -2.25931518E-02
  -2.29110848E-02
  -2.29980424E-02
  -2.28504576E-02
  -2.24670041E-02
  -2.18486097E-02
  -2.09984463E-02
  -1.99219007E-02
  -1.86265241E-02
  -1.71219613E-02
  -1.54198604E-02
  -1.35337636E-02
  -1.14789791E-02
  -9.27243941E-03
  -6.93254266E-03
  -4.47897986E-03
  -1.93255232E-03
   6.85023842E-04
   3.35131935E-03
   6.04340062E-03
   8.73804465E-03
   1.14119528E-02
   1.40419696E-02
   1.66052952E-02
   1.90796964E-02
   2.14437153E-02
   2.36768629E-02
   2.57598069E-02
   2.76745483E-02
   2.94045862E-02
   3.09350640E-02
   3.22529040E-02
   3.33469212E-02
   3.42079215E-02
   3.48287709E-02
   3.52044627E-02
   3.53321508E-02
   3.52111682E-02
   3.48430164E-02
   3.42313461E-02
   3.33819091E-02
   3.23024951E-02
   3.10028475E-02
   2.94945650E-02
   2.77909786E-02
   2.59070210E-02
   2.38590818E-02
   2.16648411E-02
   1.93431061E-02
   1.69136282E-02
   1.43969152E-02
   1.18140420E-02
   9.18645412E-03
   6.53577037E-03
   3.88358929E-03
   1.25129358E-03
  -1.34013989E-03
  -3.87032283E-03
  -6.31963182E-03
  -8.66937451E-03
  -1.09019466E-02
  -1.30009754E-02
  -1.49514489E-02
  -1.67398322E-02
  -1.83541719E-02
  -1.97841749E-02
  -2.10212804E-02
  -2.20587105E-02
  -2.28914991E-02
  -2.35165134E-02
  -2.39324495E-02
  -2.41398122E-02
  -2.41408814E-02
  -2.39396598E-02
  -2.35418081E-02
  -2.29545571E-02
  -2.21866164E-02
  -2.12480687E-02
  -2.01502461E-02
  -1.89056080E-02
  -1.75275952E-02
  -1.60304923E-02
  -1.44292796E-02
  -1.27394740E-02
  -1.09769795E-02
  -9.15792678E-03
  -7.29852170E-03
  -5.41489199E-03
  -3.52293788E-03
  -1.63819024E-03
   2.24325922E-04
   2.05022004E-03
   3.82585358E-03
   5.53845009E-03
   7.17619155E-03
   8.72830395E-03
   1.01851318E-02
   1.15381936E-02
   1.27802324E-02
   1.39052467E-02
   1.49085075E-02
   1.57865658E-02
   1.65372398E-02
   1.71595979E-02
   1.76539198E-02
   1.80216525E-02
   1.82653517E-02
   1.83886141E-02
   1.83959994E-02
   1.82929412E-02
   1.80856586E-02
   1.77810546E-02
   1.73866097E-02
   1.69102773E-02
   1.63603723E-02
   1.57454628E-02
   1.50742596E-02
   1.43555077E-02
   1.35978796E-02
   1.28098791E-02
   1.19997449E-02
   1.11753605E-02
   1.03441775E-02
   9.51313879E-03
   8.68862029E-03
   7.87637476E-03
   7.08149094E-03
   6.30836142E-03
   5.56066027E-03
   4.84133372E-03
   4.15260158E-03
   3.49596725E-03
   2.87223957E-03
   2.28156452E-03
   1.72346563E-03
   1.19689282E-03
   7.00278208E-04
   2.31599319E-04
  -2.11552222E-04
  -6.31897943E-04
  -1.03239552E-03
  -1.41616166E-03
  -1.78639125E-03
  -2.14627734E-03
  -2.49893451E-03
  -2.84732156E-03
  -3.19417100E-03
  -3.54191847E-03
  -3.89264245E-03
  -4.24800767E-03
  -4.60921507E-03
  -4.97696176E-03
  -5.35140745E-03
  -5.73215121E-03
  -6.11821515E-03
  -6.50804024E-03
  -6.89948909E-03
  -7.28986133E-03
  -7.67591503E-03
  -8.05389974E-03
  -8.41959845E-03
  -8.76837503E-03
  -9.09523293E-03
  -9.39488132E-03
  -9.66180302E-03
  -9.89033561E-03
  -1.00747496E-02
  -1.02093350E-02
  -1.02884909E-02
  -1.03068138E-02
  -1.02591887E-02
  -1.01408800E-02
  -9.94761847E-03
  -9.67568904E-03
  -9.32200719E-03
  -8.88419989E-03
  -8.36067274E-03
  -7.75067462E-03
  -7.05434708E-03
  -6.27277326E-03
  -5.40801045E-03
  -4.46311245E-03
  -3.44214262E-03
  -2.35017366E-03
  -1.19327358E-03
   2.15184409E-05
   1.28623098E-03
   2.59201159E-03
   3.92918941E-03
   5.28735109E-03
   6.65542670E-03
   8.02178867E-03
   9.37435776E-03
   1.07007194E-02
   1.19882487E-02
   1.32242376E-02
   1.43960323E-02
   1.54911708E-02
   1.64975226E-02
   1.74034294E-02
   1.81978457E-02
   1.88704710E-02
   1.94118842E-02
   1.98136661E-02
   2.00685188E-02
   2.01703701E-02
   2.01144703E-02
   1.98974796E-02
   1.95175335E-02
   1.89743023E-02
   1.82690304E-02
   1.74045637E-02
   1.63853560E-02
   1.52174607E-02
   1.39085008E-02
   1.24676330E-02
   1.09054800E-02
   9.23406053E-03
   7.46669155E-03
   5.61788306E-03
   3.70321376E-03
   1.73919788E-03
  -2.56865518E-04
  -2.26704730E-03
  -4.27295826E-03
  -6.25592284E-03
  -8.19716044E-03
  -1.00779692E-02
  -1.18799144E-02
  -1.35850161E-02
  -1.51759330E-02
  -1.66361481E-02
  -1.79501437E-02
  -1.91035718E-02
  -2.00834181E-02
  -2.08781455E-02
  -2.14778390E-02
  -2.18743253E-02
  -2.20612828E-02
  -2.20343303E-02
  -2.17911042E-02
  -2.13313103E-02
  -2.06567571E-02
  -1.97713692E-02
  -1.86811816E-02
  -1.73943117E-02
  -1.59209035E-02
  -1.42730623E-02
  -1.24647543E-02
  -1.05117001E-02
  -8.43124092E-03
  -6.24218350E-03
  -3.96463647E-03
  -1.61982398E-03
   7.70111103E-04
   3.18231760E-03
   5.59345633E-03
   7.97992945E-03
   1.03181116E-02
   1.25845913E-02
   1.47564057E-02
   1.68112814E-02
   1.87278632E-02
   2.04859413E-02
   2.20666695E-02
   2.34527681E-02
   2.46287193E-02
   2.55809389E-02
   2.62979344E-02
   2.67704464E-02
   2.69915592E-02
   2.69567966E-02
   2.66641881E-02
   2.61143129E-02
   2.53103208E-02
   2.42579151E-02
   2.29653232E-02
   2.14432310E-02
   1.97046995E-02
   1.77650433E-02
   1.56417005E-02
   1.33540723E-02
   1.09233335E-02
   8.37223791E-03
   5.72489761E-03
   3.00654653E-03
   2.43294984E-04
  -2.53813178E-03
  -5.31065743E-03
  -8.04712716E-03
  -1.07205845E-02
  -1.33045409E-02
  -1.57732517E-02
  -1.81019753E-02
  -2.02672351E-02
  -2.22470611E-02
  -2.40212176E-02
  -2.55714264E-02
  -2.68815514E-02
  -2.79377811E-02
  -2.87287738E-02
  -2.92457901E-02
  -2.94827893E-02
  -2.94365045E-02
  -2.91064922E-02
  -2.84951404E-02
  -2.76076626E-02
  -2.64520571E-02
  -2.50390302E-02
  -2.33819056E-02
  -2.14964896E-02
  -1.94009263E-02
  -1.71155147E-02
  -1.46625135E-02
  -1.20659126E-02
  -9.35119763E-03
  -6.54509198E-03
  -3.67528503E-03
  -7.70151615E-04
   2.14153971E-03
   5.03092073E-03
   7.86932092E-03
   1.06285634E-02
   1.32812569E-02
   1.58010796E-02
   1.81630552E-02
   2.03438066E-02
   2.23218091E-02
   2.40776055E-02
   2.55940203E-02
   2.68563293E-02
   2.78524198E-02
   2.85729170E-02
   2.90112793E-02
   2.91638710E-02
   2.90299933E-02
   2.86118984E-02
   2.79147606E-02
   2.69466173E-02
   2.57182885E-02
   2.42432598E-02
   2.25375369E-02
   2.06194762E-02
   1.85095910E-02
   1.62303299E-02
   1.38058402E-02
   1.12617128E-02
   8.62471107E-03
   5.92248328E-03
   3.18327546E-03
   4.35628928E-04
  -2.29191897E-03
  -4.97113587E-03
  -7.57439155E-03
  -1.00749470E-02
  -1.24472380E-02
  -1.46671375E-02
  -1.67122092E-02
  -1.85619406E-02
  -2.01979540E-02
  -2.16041952E-02
  -2.27670968E-02
  -2.36757137E-02
  -2.43218336E-02
  -2.47000530E-02
  -2.48078275E-02
  -2.46454868E-02
  -2.42162272E-02
  -2.35260576E-02
  -2.25837380E-02
  -2.14006659E-02
  -1.99907497E-02
  -1.83702502E-02
  -1.65575985E-02
  -1.45731894E-02
  -1.24391560E-02
  -1.01791248E-02
  -7.81795848E-03
  -5.38148358E-03
  -2.89620878E-03
  -3.89038352E-04
   2.11301842E-03
   4.58313571E-03
   6.99496176E-03
   9.32289474E-03
   1.15423575E-02
   1.36300558E-02
   1.55642191E-02
   1.73248295E-02
   1.88938268E-02
   2.02552900E-02
   2.13955957E-02
   2.23035552E-02
   2.29705181E-02
   2.33904477E-02
   2.35599745E-02
   2.34784111E-02
   2.31477451E-02
   2.25726012E-02
   2.17601713E-02
   2.07201242E-02
   1.94644798E-02
   1.80074684E-02
   1.63653623E-02
   1.45562850E-02
   1.26000037E-02
   1.05177080E-02
   8.33177101E-03
   6.06550276E-03
   3.74289299E-03
   1.38835097E-03
  -9.73558286E-04
  -3.31837661E-03
  -5.62201254E-03
  -7.86099397E-03
  -1.00127105E-02
  -1.20556504E-02
  -1.39696151E-02
  -1.57359242E-02
  -1.73375979E-02
  -1.87595207E-02
  -1.99885871E-02
  -2.10138187E-02
  -2.18264628E-02
  -2.24200580E-02
  -2.27904897E-02
  -2.29359996E-02
  -2.28571892E-02
  -2.25569848E-02
  -2.20405888E-02
  -2.13153921E-02
  -2.03908850E-02
  -1.92785263E-02
  -1.79916061E-02
  -1.65450852E-02
  -1.49554228E-02
  -1.32403821E-02
  -1.14188334E-02
  -9.51054227E-03
  -7.53595214E-03
  -5.51596144E-03
  -3.47170117E-03
  -1.42430817E-03
   6.05294015E-04
   2.59661255E-03
   4.52979561E-03
   6.38582930E-03
   8.14672932E-03
   9.79571417E-03
   1.13173649E-02
   1.26977693E-02
   1.39246462E-02
   1.49874520E-02
   1.58774685E-02
   1.65878683E-02
   1.71137601E-02
   1.74522102E-02
   1.76022500E-02
   1.75648555E-02
   1.73429102E-02
   1.69411507E-02
   1.63660850E-02
   1.56259052E-02
   1.47303781E-02
   1.36907184E-02
   1.25194574E-02
   1.12302927E-02
   9.83793102E-03
   8.35792534E-03
   6.80650352E-03
   5.20039583E-03
   3.55665851E-03
   1.89249776E-03
   2.25096825E-04
  -1.42855581E-03
  -3.05182999E-03
  -4.62861359E-03
  -6.14346145E-03
  -7.58173782E-03
  -8.92974529E-03
  -1.01748426E-02
  -1.13055510E-02
  -1.23116495E-02
  -1.31842494E-02
  -1.39158620E-02
  -1.45004466E-02
  -1.49334501E-02
  -1.52118234E-02
  -1.53340306E-02
  -1.53000420E-02
  -1.51113132E-02
  -1.47707500E-02
  -1.42826624E-02
  -1.36527056E-02
  -1.28878122E-02
  -1.19961118E-02
  -1.09868394E-02
  -9.87024326E-03
  -8.65747500E-03
  -7.36048259E-03
  -5.99189196E-03
  -4.56488738E-03
  -3.09308711E-03
  -1.59041828E-03
  -7.09897140E-05
   1.45103456E-03
   2.96156108E-03
   4.44669090E-03
   5.89284021E-03
   7.28685688E-03
   8.61613266E-03
   9.86870844E-03
   1.10333757E-02
   1.20997690E-02
   1.30584491E-02
   1.39009804E-02
   1.46199996E-02
   1.52092716E-02
   1.56637374E-02
   1.59795564E-02
   1.61541272E-02
   1.61861125E-02
   1.60754398E-02
   1.58232991E-02
   1.54321324E-02
   1.49056036E-02
   1.42485695E-02
   1.34670306E-02
   1.25680827E-02
   1.15598496E-02
   1.04514183E-02
   9.25275497E-03
   7.97462277E-03
   6.62848959E-03
   5.22642862E-03
   3.78101692E-03
   2.30522687E-03
   8.12316430E-04
  -6.84284256E-04
  -2.17108917E-03
  -3.63467215E-03
  -5.06178383E-03
  -6.43946650E-03
  -7.75516918E-03
  -8.99685919E-03
  -1.01531297E-02
  -1.12133045E-02
  -1.21675367E-02
  -1.30069032E-02
  -1.37234889E-02
  -1.43104661E-02
  -1.47621660E-02
  -1.50741395E-02
  -1.52432071E-02
  -1.52675044E-02
  -1.51465088E-02
  -1.48810586E-02
  -1.44733619E-02
  -1.39269903E-02
  -1.32468613E-02
  -1.24392072E-02
  -1.15115326E-02
  -1.04725584E-02
  -9.33215395E-03
  -8.10125656E-03
  -6.79177791E-03
  -5.41650364E-03
  -3.98897706E-03
  -2.52337754E-03
  -1.03438855E-03
   4.62942757E-04
   1.95334945E-03
   3.42149707E-03
   4.85213567E-03
   6.23025745E-03
   7.54125277E-03
   8.77106469E-03
   9.90634039E-03
   1.09345820E-02
   1.18442839E-02
   1.26250675E-02
   1.32678049E-02
   1.37647307E-02
   1.41095417E-02
   1.42974816E-02
   1.43254101E-02
   1.41918585E-02
   1.38970632E-02
   1.34429839E-02
   1.28333038E-02
   1.20734088E-02
   1.11703463E-02
   1.01327691E-02
   8.97085667E-03
   7.69621879E-03
   6.32178364E-03
   4.86166682E-03
   3.33102653E-03
   1.74590515E-03
   1.23057747E-04
  -1.52023032E-03
  -3.16633284E-03
  -4.79748053E-03
  -6.39596116E-03
  -7.94432219E-03
  -9.42557491E-03
  -1.08233932E-02
  -1.21223079E-02
  -1.33078936E-02
  -1.43669490E-02
  -1.52876573E-02
  -1.60597395E-02
  -1.66745894E-02
  -1.71253886E-02
  -1.74072050E-02
  -1.75170638E-02
  -1.74540058E-02
  -1.72191132E-02
  -1.68155190E-02
  -1.62483826E-02
  -1.55248493E-02
  -1.46539826E-02
  -1.36466706E-02
  -1.25155104E-02
  -1.12746721E-02
  -9.93973948E-03
  -8.52753408E-03
  -7.05591869E-03
  -5.54358959E-03
  -4.00985312E-03
  -2.47439439E-03
  -9.57037089E-04
   5.22500603E-04
   1.94485125E-03
   3.29124299E-03
   4.54373844E-03
   5.68546774E-03
   6.70084823E-03
   7.57579366E-03
   8.29790439E-03
   8.85664113E-03
   9.24347527E-03
   9.45201609E-03
   9.47811548E-03
   9.31993965E-03
   8.97801854E-03
   8.45526345E-03
   7.75695220E-03
   6.89068995E-03
   5.86633570E-03
   4.69590025E-03
   3.39341676E-03
   1.97478477E-03
   4.57586371E-04
  -1.13911880E-03
  -2.79502035E-03
  -4.48880205E-03
  -6.19840296E-03
  -7.90128950E-03
  -9.57473833E-03
  -1.11961216E-02
  -1.27431992E-02
  -1.41944038E-02
  -1.55291222E-02
  -1.67279691E-02
  -1.77730490E-02
  -1.86481941E-02
  -1.93391945E-02
  -1.98339950E-02
  -2.01228764E-02
  -2.01985985E-02
  -2.00565215E-02
  -1.96946897E-02
  -1.91138871E-02
  -1.83176547E-02
  -1.73122734E-02
  -1.61067154E-02
  -1.47125535E-02
  -1.31438458E-02
  -1.14169791E-02
  -9.55048855E-03
  -7.56483898E-03
  -5.48219122E-03
  -3.32613662E-03
  -1.12141157E-03
   1.10640121E-03
   3.33118881E-03
   5.52663021E-03
   7.66652822E-03
   9.72513668E-03
   1.16774924E-02
   1.34997321E-02
   1.51694026E-02
   1.66657567E-02
   1.79700255E-02
   1.90656688E-02
   1.99386049E-02
   2.05774028E-02
   2.09734477E-02
   2.11210698E-02
   2.10176390E-02
   2.06636172E-02
   2.00625770E-02
   1.92211792E-02
   1.81491096E-02
   1.68589819E-02
   1.53661938E-02
   1.36887580E-02
   1.18470918E-02
   9.86377709E-03
   7.76329078E-03
   5.57171274E-03
   3.31640732E-03
   1.02568977E-03
  -1.27152167E-03
  -3.54606449E-03
  -5.76889329E-03
  -7.91144464E-03
  -9.94599611E-03
  -1.18460134E-02
  -1.35864923E-02
  -1.51442746E-02
  -1.64983477E-02
  -1.76301133E-02
  -1.85236353E-02
  -1.91658475E-02
  -1.95467249E-02
  -1.96594279E-02
  -1.95003953E-02
  -1.90694053E-02
  -1.83695853E-02
  -1.74073894E-02
  -1.61925275E-02
  -1.47378566E-02
  -1.30592296E-02
  -1.11753084E-02
  -9.10733826E-03
  -6.87889149E-03
  -4.51558270E-03
  -2.04475317E-03
   5.04862750E-04
   3.10349162E-03
   5.72068850E-03
   8.32571182E-03
   1.08879032E-02
   1.33770658E-02
   1.57638416E-02
   1.80200692E-02
   2.01191381E-02
   2.20363103E-02
   2.37490330E-02
   2.52372082E-02
   2.64834426E-02
   2.74732616E-02
   2.81952787E-02
   2.86413357E-02
   2.88065933E-02
   2.86895875E-02
   2.82922350E-02
   2.76198033E-02
   2.66808327E-02
   2.54870206E-02
   2.40530632E-02
   2.23964676E-02
   2.05373131E-02
   1.84979960E-02
   1.63029395E-02
   1.39782801E-02
   1.15515292E-02
   9.05122422E-03
   6.50656596E-03
   3.94705031E-03
   1.40209356E-03
  -1.09933224E-03
  -3.52906366E-03
  -5.86009398E-03
  -8.06690287E-03
  -1.01257693E-02
  -1.20150577E-02
  -1.37154749E-02
  -1.52102942E-02
  -1.64855476E-02
  -1.75301787E-02
  -1.83361582E-02
  -1.88985597E-02
  -1.92155894E-02
  -1.92885809E-02
  -1.91219505E-02
  -1.87231041E-02
  -1.81023106E-02
  -1.72725394E-02
  -1.62492637E-02
  -1.50502305E-02
  -1.36952000E-02
  -1.22056659E-02
  -1.06045520E-02
  -8.91589094E-03
  -7.16449320E-03
  -5.37560647E-03
  -3.57457413E-03
  -1.78649288E-03
  -3.58764082E-05
   1.65366731E-03
   3.25974729E-03
   4.76147979E-03
   6.13975618E-03
   7.37748574E-03
   8.45980644E-03
   9.37426835E-03
   1.01109762E-02
   1.06627000E-02
   1.10249510E-02
   1.11960117E-02
   1.11769354E-02
   1.09715005E-02
   1.05861351E-02
   1.00298002E-02
   9.31383949E-03
   8.45179800E-03
   7.45921303E-03
   6.35337597E-03
   5.15307253E-03
   3.87830427E-03
   2.54999567E-03
   1.18968671E-03
  -1.80776580E-04
  -1.53955794E-03
  -2.86514172E-03
  -4.13664058E-03
  -5.33409044E-03
  -6.43873075E-03
  -7.43326871E-03
  -8.30212049E-03
  -9.03162546E-03
  -9.61023662E-03
  -1.00286752E-02
  -1.02800597E-02
  -1.03599923E-02
  -1.02666169E-02
  -1.00006405E-02
  -9.56531335E-03
  -8.96637980E-03
  -8.21199082E-03
  -7.31258467E-03
  -6.28073374E-03
  -5.13096526E-03
  -3.87955271E-03
  -2.54428294E-03
  -1.14420545E-03
   3.00637796E-04
   1.76949461E-03
   3.24119395E-03
   4.69444320E-03
   6.10812614E-03
   7.46159721E-03
   8.73496942E-03
   9.90939047E-03
   1.09673068E-02
   1.18927034E-02
   1.26713281E-02
   1.32908877E-02
   1.37412176E-02
   1.40144229E-02
   1.41049856E-02
   1.40098436E-02
   1.37284314E-02
   1.32626900E-02
   1.26170404E-02
   1.17983259E-02
   1.08157201E-02
   9.68060456E-03
   8.40641372E-03
   7.00846082E-03
   5.50372992E-03
   3.91064957E-03
   2.24885065E-03
   5.38903754E-04
  -1.19795150E-03
  -2.94008735E-03
  -4.66577103E-03
  -6.35345094E-03
  -7.98203703E-03
  -9.53117572E-03
  -1.09815150E-02
  -1.23149492E-02
  -1.35148559E-02
  -1.45663051E-02
  -1.54562509E-02
  -1.61736906E-02
  -1.67098008E-02
  -1.70580484E-02
  -1.72142629E-02
  -1.71766803E-02
  -1.69459600E-02
  -1.65251661E-02
  -1.59197152E-02
  -1.51373018E-02
  -1.41877867E-02
  -1.30830612E-02
  -1.18368864E-02
  -1.04647102E-02
  -8.98346212E-03
  -7.41132721E-03
  -5.76751353E-03
  -4.07200074E-03
  -2.34528445E-03
  -6.08113478E-04
   1.11877173E-03
   2.81490060E-03
   4.46032733E-03
   6.03587786E-03
   7.52338395E-03
   8.90590344E-03
   1.01679210E-02
   1.12955328E-02
   1.22766048E-02
   1.31009091E-02
   1.37602361E-02
   1.42484782E-02
   1.45616848E-02
   1.46980919E-02
   1.46581242E-02
   1.44443661E-02
   1.40615096E-02
   1.35162733E-02
   1.28172981E-02
   1.19750202E-02
   1.10015208E-02
   9.91035998E-03
   8.71639233E-03
   7.43556628E-03
   6.08471734E-03
   4.68134787E-03
   3.24340537E-03
   1.78905285E-03
   3.36444355E-04
  -1.09649880E-03
  -2.49230559E-03
  -3.83416424E-03
  -5.10612037E-03
  -6.29326142E-03
  -7.38188624E-03
  -8.35965667E-03
  -9.21573117E-03
  -9.94087476E-03
  -1.05275521E-02
  -1.09699974E-02
  -1.12642571E-02
  -1.14082163E-02
  -1.14015955E-02
  -1.12459306E-02
  -1.09445294E-02
  -1.05024045E-02
  -9.92619060E-03
  -9.22404043E-03
  -8.40550568E-03
  -7.48140272E-03
  -6.46366458E-03
  -5.36518404E-03
  -4.19964502E-03
  -2.98135052E-03
