   0.00000000    
   0.00000000    
   0.00000000    
   0.00000000    
   0.00000000    
   0.00000000    
   0.00000000    
   0.00000000    
   0.00000000    
   0.00000000    
   0.00000000    
   0.00000000    
   0.00000000    
   0.00000000    
   0.00000000    
   0.00000000    
   0.00000000    
   0.00000000    
   0.00000000    
   0.00000000    
   0.00000000    
   0.00000000    
   0.00000000    
   0.00000000    
   1.40129846E-45
   4.20389539E-45
   9.80908925E-45
   1.26116862E-44
  -2.38220739E-44
  -2.34016844E-43
  -9.55685553E-43
  -2.79559044E-42
  -6.22596908E-42
  -9.46436983E-42
  -1.85531917E-42
   5.21367107E-41
   2.44222500E-40
   7.69615537E-40
   1.96860854E-39
   4.28074400E-39
   7.90578542E-39
   1.17555783E-38
   1.10030852E-38
  -7.68248010E-39
  -7.39317110E-38
  -2.43899652E-37
  -6.08681902E-37
  -1.28913970E-36
  -2.39238660E-36
  -3.88667191E-36
  -5.33106849E-36
  -5.38580209E-36
  -1.05282975E-36
   1.33029929E-35
   4.68617251E-35
   1.12440225E-34
   2.24291256E-34
   3.91124531E-34
   6.00735102E-34
   7.91814648E-34
   8.08920754E-34
   3.39686965E-34
  -1.15863868E-33
  -4.52058026E-33
  -1.08728342E-32
  -2.14862882E-32
  -3.73424521E-32
  -5.82226936E-32
  -8.10857708E-32
  -9.74971119E-32
  -8.99591721E-32
  -2.72309673E-32
   1.40801325E-31
   4.87344582E-31
   1.10945940E-30
   2.12119930E-30
   3.63300503E-30
   5.70916805E-30
   8.29345909E-30
   1.10924680E-29
   1.34078939E-29
   1.39145474E-29
   1.03918937E-29
  -5.64437405E-31
  -2.37969589E-29
  -6.57142464E-29
  -1.34152480E-28
  -2.37775696E-28
  -3.84763392E-28
  -5.80486167E-28
  -8.23844749E-28
  -1.10196579E-27
  -1.38303148E-27
  -1.60720058E-27
  -1.67588126E-27
  -1.44007386E-27
  -6.89126960E-28
   8.57943242E-28
   3.55545465E-27
   7.82418130E-27
   1.41292753E-26
   2.29366485E-26
   3.46407312E-26
   4.94562878E-26
   6.72675745E-26
   8.74298054E-26
   1.08521253E-25
   1.28049344E-25
   1.42121624E-25
   1.45102360E-25
   1.29288152E-25
   8.46509381E-26
  -1.28606514E-27
  -1.43355847E-25
  -3.58337108E-25
  -6.64108963E-25
  -1.07824546E-24
  -1.61592319E-24
  -2.28703162E-24
  -3.09240614E-24
  -4.01916900E-24
  -5.03524236E-24
  -6.08323816E-24
  -7.07407625E-24
  -7.88089794E-24
  -8.33407565E-24
  -8.21837737E-24
  -7.27361940E-24
  -5.20040301E-24
  -1.67272196E-24
   3.64065343E-24
   1.10441505E-23
   2.07711084E-23
   3.29261738E-23
   4.74141944E-23
   6.38568135E-23
   8.14997823E-23
   9.91166241E-23
   1.14917281E-22
   1.26474409E-22
   1.30684667E-22
   1.23787738E-22
   1.01472156E-22
   5.91041411E-23
  -7.87688973E-24
  -1.03344022E-22
  -2.29589371E-22
  -3.86082411E-22
  -5.67803702E-22
  -7.63070581E-22
  -9.50768081E-22
  -1.09689773E-21
  -1.15036357E-21
  -1.03792810E-21
  -6.58300765E-22
   1.24636388E-22
   1.48938999E-21
   3.66502646E-21
   6.93963175E-21
   1.16685425E-20
   1.82815446E-20
   2.72878903E-20
   3.92774888E-20
   5.49160168E-20
   7.49308666E-20
   1.00083891E-19
   1.31125601E-19
   1.68723984E-19
   2.13359116E-19
   2.65172675E-19
   3.23758647E-19
   3.87878664E-19
   4.55081686E-19
   5.21204488E-19
   5.79724724E-19
   6.20935018E-19
   6.30902285E-19
   5.90173618E-19
   4.72187988E-19
   2.41354190E-19
  -1.49242175E-19
  -7.60530121E-19
  -1.67055659E-18
  -2.97799000E-18
  -4.80597726E-18
  -7.30625391E-18
  -1.06633342E-17
  -1.50985128E-17
  -2.08732774E-17
  -2.82915556E-17
  -3.77000104E-17
  -4.94853291E-17
  -6.40670840E-17
  -8.18843625E-17
  -1.03373800E-16
  -1.28936123E-16
  -1.58887526E-16
  -1.93391399E-16
  -2.32365066E-16
  -2.75354979E-16
  -3.21372850E-16
  -3.68683902E-16
  -4.14537183E-16
  -4.54826835E-16
  -4.83671907E-16
  -4.92901654E-16
  -4.71433286E-16
  -4.04528377E-16
  -2.72916795E-16
  -5.17784888E-17
   2.90421631E-16
   7.93244132E-16
   1.50571965E-15
   2.48790200E-15
   3.81248810E-15
   5.56643626E-15
   7.85248585E-15
   1.07904417E-14
   1.45180329E-14
   1.91910984E-14
   2.49827760E-14
   3.20812814E-14
   4.06857470E-14
   5.09994743E-14
   6.32198083E-14
   7.75236402E-14
   9.40473963E-14
   1.12860120E-13
   1.33928038E-13
   1.57068694E-13
   1.81892587E-13
   2.07729775E-13
   2.33538910E-13
   2.57795521E-13
   2.78356711E-13
   2.92298629E-13
   2.95723678E-13
   2.83534020E-13
   2.49168524E-13
   1.84300722E-13
   7.84963389E-14
  -8.11698595E-14
  -3.10536156E-13
  -6.28810914E-13
  -1.05905649E-12
  -1.62868937E-12
  -2.36997748E-12
  -3.32051292E-12
  -4.52362453E-12
  -6.02868970E-12
  -7.89129092E-12
  -1.01731418E-11
  -1.29417024E-11
  -1.62693643E-11
  -2.02320868E-11
  -2.49073141E-11
  -3.03709731E-11
  -3.66933567E-11
  -4.39335825E-11
  -5.21323436E-11
  -6.13026019E-11
  -7.14177745E-11
  -8.23969851E-11
  -9.40868494E-11
  -1.06239219E-10
  -1.18484236E-10
  -1.30298050E-10
  -1.40964365E-10
  -1.49529250E-10
  -1.54748200E-10
  -1.55024757E-10
  -1.48339993E-10
  -1.32172051E-10
  -1.03405215E-10
  -5.82280196E-11
   7.97972105E-12
   1.00770822E-10
   2.26765134E-10
   3.93793304E-10
   6.11047990E-10
   8.89240015E-10
   1.24075572E-09
   1.67981062E-09
   2.22259255E-09
   2.88738633E-09
   3.69466857E-09
   4.66716177E-09
   5.82982729E-09
   7.20978255E-09
   8.83611584E-09
   1.07395728E-08
   1.29520767E-08
   1.55060516E-08
   1.84334965E-08
   2.17647624E-08
   2.55269654E-08
   2.97419742E-08
   3.44238948E-08
   3.95759443E-08
   4.51866526E-08
   5.12252321E-08
   5.76360293E-08
   6.43319140E-08
   7.11864345E-08
   7.80245841E-08
   8.46120543E-08
   9.06426578E-08
   9.57238626E-08
   9.93601006E-08
   1.00933690E-07
   9.96830849E-08
   9.46782635E-08
   8.47929016E-08
   6.86731738E-08
   4.47028334E-08
   1.09643707E-08
  -3.48040317E-08
  -9.52559489E-08
  -1.73488871E-07
  -2.73101080E-07
  -3.98253661E-07
  -5.53737550E-07
  -7.45045554E-07
  -9.78449975E-07
  -1.26108489E-06
  -1.60103377E-06
  -2.00742102E-06
  -2.49050890E-06
  -3.06179732E-06
  -3.73412740E-06
  -4.52178756E-06
  -5.44062095E-06
  -6.50813263E-06
  -7.74359887E-06
  -9.16816862E-06
  -1.08049690E-05
  -1.26791974E-05
  -1.48182125E-05
  -1.72516102E-05
  -2.00112900E-05
  -2.31315098E-05
  -2.66489133E-05
  -3.06025504E-05
  -3.50338669E-05
  -3.99866622E-05
  -4.55070331E-05
  -5.16432665E-05
  -5.84457121E-05
  -6.59666039E-05
  -7.42598495E-05
  -8.33807717E-05
  -9.33857809E-05
  -1.04332044E-04
  -1.16277057E-04
  -1.29278182E-04
  -1.43392142E-04
  -1.58674447E-04
  -1.75178720E-04
  -1.92956097E-04
  -2.12054409E-04
  -2.32517457E-04
  -2.54384155E-04
  -2.77687708E-04
  -3.02454602E-04
  -3.28703754E-04
  -3.56445555E-04
  -3.85680876E-04
  -4.16400086E-04
  -4.48582054E-04
  -4.82193340E-04
  -5.17187174E-04
  -5.53502585E-04
  -5.91063639E-04
  -6.29778719E-04
  -6.69539848E-04
  -7.10222288E-04
  -7.51683896E-04
  -7.93765066E-04
  -8.36288615E-04
  -8.79059662E-04
  -9.21865983E-04
  -9.64478531E-04
  -1.00665190E-03
  -1.04812533E-03
  -1.08862354E-03
  -1.12785830E-03
  -1.16552983E-03
  -1.20132859E-03
  -1.23493723E-03
  -1.26603269E-03
  -1.29428890E-03
  -1.31937908E-03
  -1.34097878E-03
  -1.35876855E-03
  -1.37243734E-03
  -1.38168549E-03
  -1.38622813E-03
  -1.38579844E-03
  -1.38015125E-03
  -1.36906607E-03
  -1.35235046E-03
  -1.32984319E-03
  -1.30141748E-03
  -1.26698369E-03
  -1.22649188E-03
  -1.17993425E-03
  -1.12734723E-03
  -1.06881314E-03
  -1.00446143E-03
  -9.34469805E-04
  -8.59064457E-04
  -7.78520131E-04
  -6.93159760E-04
  -6.03353139E-04
  -5.09515754E-04
  -4.12106485E-04
  -3.11625190E-04
  -2.08609577E-04
  -1.03631675E-04
   2.70612509E-06
   1.09775574E-04
   2.16927365E-04
   3.23496322E-04
   4.28806903E-04
   5.32178849E-04
   6.32933166E-04
   7.30398227E-04
   8.23915645E-04
   9.12846532E-04
   9.96577321E-04
   1.07452588E-03
   1.14614656E-03
   1.21093611E-03
   1.26843795E-03
   1.31824729E-03
   1.36001443E-03
   1.39344879E-03
   1.41832128E-03
   1.43446680E-03
   1.44178560E-03
   1.44024426E-03
   1.42987561E-03
   1.41077815E-03
   1.38311496E-03
   1.34711131E-03
   1.30305230E-03
   1.25127938E-03
   1.19218638E-03
   1.12621509E-03
   1.05385005E-03
   9.75613308E-04
   8.92058481E-04
   8.03764793E-04
   7.11330737E-04
   6.15367549E-04
   5.16492699E-04
   4.15323651E-04
   3.12471326E-04
   2.08534024E-04
   1.04091596E-04
  -3.00111424E-07
  -1.04114399E-04
  -2.06858342E-04
  -3.08076967E-04
  -4.07356827E-04
  -5.04328986E-04
  -5.98671555E-04
  -6.90111367E-04
  -7.78425019E-04
  -8.63439753E-04
  -9.45033156E-04
  -1.02313247E-03
  -1.09771371E-03
  -1.16879994E-03
  -1.23645877E-03
  -1.30080048E-03
  -1.36197463E-03
  -1.42016739E-03
  -1.47559796E-03
  -1.52851536E-03
  -1.57919445E-03
  -1.62793300E-03
  -1.67504768E-03
  -1.72087119E-03
  -1.76574849E-03
  -1.81003427E-03
  -1.85408990E-03
  -1.89828104E-03
  -1.94297545E-03
  -1.98854087E-03
  -2.03534379E-03
  -2.08374811E-03
  -2.13411381E-03
  -2.18679663E-03
  -2.24214769E-03
  -2.30051274E-03
  -2.36223242E-03
  -2.42764270E-03
  -2.49707443E-03
  -2.57085403E-03
  -2.64930306E-03
  -2.73273909E-03
  -2.82147527E-03
  -2.91582034E-03
  -3.01607768E-03
  -3.12254508E-03
  -3.23551404E-03
  -3.35526792E-03
  -3.48208053E-03
  -3.61621426E-03
  -3.75791732E-03
  -3.90742067E-03
  -4.06493619E-03
  -4.23065154E-03
  -4.40472737E-03
  -4.58729221E-03
  -4.77843918E-03
  -4.97822044E-03
  -5.18664299E-03
  -5.40366303E-03
  -5.62918093E-03
  -5.86303743E-03
  -6.10500714E-03
  -6.35479484E-03
  -6.61203032E-03
  -6.87626470E-03
  -7.14696525E-03
  -7.42351264E-03
  -7.70519767E-03
  -7.99121894E-03
  -8.28067865E-03
  -8.57258309E-03
  -8.86584166E-03
  -9.15926602E-03
  -9.45156813E-03
  -9.74136591E-03
  -1.00271795E-02
  -1.03074377E-02
  -1.05804792E-02
  -1.08445557E-02
  -1.10978372E-02
  -1.13384165E-02
  -1.15643144E-02
  -1.17734848E-02
  -1.19638238E-02
  -1.21331746E-02
  -1.22793354E-02
  -1.24000665E-02
  -1.24931000E-02
  -1.25561468E-02
  -1.25869066E-02
  -1.25830760E-02
  -1.25423577E-02
  -1.24624707E-02
  -1.23411585E-02
  -1.21762007E-02
  -1.19654192E-02
  -1.17066922E-02
  -1.13979606E-02
  -1.10372389E-02
  -1.06226243E-02
  -1.01523083E-02
  -9.62458458E-03
  -9.03785974E-03
  -8.39066133E-03
  -7.68164964E-03
  -6.90962560E-03
  -6.07354101E-03
  -5.17250830E-03
  -4.20580944E-03
  -3.17290472E-03
  -2.07344349E-03
  -9.07271868E-04
   3.25558125E-04
   1.62477896E-03
   2.98990007E-03
   4.42019943E-03
   5.91471558E-03
   7.47224037E-03
   9.09131020E-03
   1.07702035E-02
   1.25069311E-02
   1.42992325E-02
   1.61445700E-02
   1.80401299E-02
   1.99828129E-02
   2.19692383E-02
   2.39957385E-02
   2.60583647E-02
   2.81528849E-02
   3.02747898E-02
   3.24192904E-02
   3.45813334E-02
   3.67556065E-02
   3.89365368E-02
   4.11183089E-02
   4.32948805E-02
   4.54599895E-02
   4.76071611E-02
   4.97297421E-02
   5.18208966E-02
   5.38736433E-02
   5.58808558E-02
   5.78353032E-02
   5.97296581E-02
   6.15565255E-02
   6.33084625E-02
   6.49780110E-02
   6.65577054E-02
   6.80401251E-02
   6.94179013E-02
   7.06837550E-02
   7.18305260E-02
   7.28511885E-02
   7.37388954E-02
   7.44870082E-02
   7.50891119E-02
   7.55390599E-02
   7.58309886E-02
   7.59593770E-02
   7.59190395E-02
   7.57051706E-02
   7.53133893E-02
   7.47397467E-02
   7.39807561E-02
   7.30334297E-02
   7.18952939E-02
   7.05644265E-02
   6.90394714E-02
   6.73196614E-02
   6.54048398E-02
   6.32954761E-02
   6.09926991E-02
   5.84982894E-02
   5.58147095E-02
   5.29451072E-02
   4.98933233E-02
   4.66639027E-02
   4.32620905E-02
   3.96938398E-02
   3.59658040E-02
   3.20853367E-02
   2.80604754E-02
   2.38999370E-02
   1.96131021E-02
   1.52099933E-02
   1.07012596E-02
   6.09814562E-03
   1.41247036E-03
  -3.34340567E-03
  -8.15661438E-03
  -1.30138174E-02
  -1.79012418E-02
  -2.28047259E-02
  -2.77097635E-02
  -3.26015502E-02
  -3.74650359E-02
  -4.22849730E-02
  -4.70459759E-02
  -5.17325699E-02
  -5.63292578E-02
  -6.08205721E-02
  -6.51911423E-02
  -6.94257393E-02
  -7.35093653E-02
  -7.74272978E-02
  -8.11651498E-02
  -8.47089440E-02
  -8.80451649E-02
  -9.11608338E-02
  -9.40435529E-02
  -9.66815799E-02
  -9.90638807E-02
 -0.101180188    
 -0.103021055    
 -0.104577899    
 -0.105843060    
 -0.106809847    
 -0.107472584    
 -0.107826635    
 -0.107868470    
 -0.107595675    
 -0.107006975    
 -0.106102280    
 -0.104882695    
 -0.103350528    
 -0.101509303    
  -9.93637741E-02
  -9.69199091E-02
  -9.41849053E-02
  -9.11671594E-02
  -8.78762603E-02
  -8.43229592E-02
  -8.05191547E-02
  -7.64778331E-02
  -7.22130612E-02
  -6.77399188E-02
  -6.30744547E-02
  -5.82336299E-02
  -5.32352626E-02
  -4.80979532E-02
  -4.28410135E-02
  -3.74843925E-02
  -3.20486017E-02
  -2.65546199E-02
  -2.10238136E-02
  -1.54778408E-02
  -9.93855670E-03
  -4.42792056E-03
   1.03210565E-03
   6.41966099E-03
   1.17130810E-02
   1.68910045E-02
   2.19324734E-02
   2.68170349E-02
   3.15248445E-02
   3.60367559E-02
   4.03344296E-02
   4.44004200E-02
   4.82182689E-02
   5.17725870E-02
   5.50491437E-02
   5.80349416E-02
   6.07182831E-02
   6.30888417E-02
   6.51377290E-02
   6.68575317E-02
   6.82423785E-02
   6.92879632E-02
   6.99915811E-02
   7.03521520E-02
   7.03702345E-02
   7.00480342E-02
   6.93894103E-02
   6.83998466E-02
   6.70864582E-02
   6.54579327E-02
   6.35245293E-02
   6.12980053E-02
   5.87915778E-02
   5.60198613E-02
   5.29987961E-02
   4.97455746E-02
   4.62785549E-02
   4.26171720E-02
   3.87818366E-02
   3.47938389E-02
   3.06752287E-02
   2.64487118E-02
   2.21375246E-02
   1.77653134E-02
   1.33560076E-02
   8.93369131E-03
   4.52247448E-03
   1.46358274E-04
  -4.17089555E-03
  -8.40589777E-03
  -1.25357602E-02
  -1.65382288E-02
  -2.03918070E-02
  -2.40758806E-02
  -2.75708362E-02
  -3.08581796E-02
  -3.39206383E-02
  -3.67422663E-02
  -3.93085405E-02
  -4.16064486E-02
  -4.36245687E-02
  -4.53531370E-02
  -4.67841141E-02
  -4.79112305E-02
  -4.87300344E-02
  -4.92379107E-02
  -4.94341142E-02
  -4.93197702E-02
  -4.88978699E-02
  -4.81732599E-02
  -4.71526198E-02
  -4.58444133E-02
  -4.42588516E-02
  -4.24078256E-02
  -4.03048433E-02
  -3.79649401E-02
  -3.54045965E-02
  -3.26416343E-02
  -2.96951048E-02
  -2.65851766E-02
  -2.33330131E-02
  -1.99606344E-02
  -1.64907854E-02
  -1.29467901E-02
  -9.35240649E-03
  -5.73167950E-03
  -2.10878300E-03
   1.49212941E-03
   5.04708057E-03
   8.53242166E-03
   1.19249858E-02
   1.52022373E-02
   1.83424167E-02
   2.13246848E-02
   2.41292547E-02
   2.67375261E-02
   2.91322060E-02
   3.12974229E-02
   3.32188345E-02
   3.48837189E-02
   3.62810716E-02
   3.74016687E-02
   3.82381342E-02
   3.87850031E-02
   3.90387438E-02
   3.89977954E-02
   3.86625826E-02
   3.80355120E-02
   3.71209644E-02
   3.59252654E-02
   3.44566479E-02
   3.27252075E-02
   3.07428334E-02
   2.85231285E-02
   2.60813273E-02
   2.34341957E-02
   2.05999166E-02
   1.75979789E-02
   1.44490376E-02
   1.11747840E-02
   7.79779442E-03
   4.34138346E-03
   8.29441939E-04
  -2.71372264E-03
  -6.26355223E-03
  -9.79540683E-03
  -1.32847317E-02
  -1.67072304E-02
  -2.00390257E-02
  -2.32568346E-02
  -2.63381209E-02
  -2.92612612E-02
  -3.20056863E-02
  -3.45520414E-02
  -3.68823037E-02
  -3.89799289E-02
  -4.08299565E-02
  -4.24191244E-02
  -4.37359586E-02
  -4.47708666E-02
  -4.55161966E-02
  -4.59663086E-02
  -4.61176038E-02
  -4.59685661E-02
  -4.55197729E-02
  -4.47738916E-02
  -4.37356792E-02
  -4.24119346E-02
  -4.08114754E-02
  -3.89450714E-02
  -3.68253700E-02
  -3.44668180E-02
  -3.18855718E-02
  -2.90993731E-02
  -2.61274427E-02
  -2.29903422E-02
  -1.97098367E-02
  -1.63087472E-02
  -1.28107863E-02
  -9.24040377E-03
  -5.62261138E-03
  -1.98281114E-03
   1.65338302E-03
   5.26032131E-03
   8.81250296E-03
   1.22847520E-02
   1.56523958E-02
   1.88914426E-02
   2.19787490E-02
   2.48921923E-02
   2.76108198E-02
   3.01150121E-02
   3.23866196E-02
   3.44090946E-02
   3.61676216E-02
   3.76492217E-02
   3.88428532E-02
   3.97395007E-02
   4.03322428E-02
   4.06163111E-02
   4.05891314E-02
   4.02503498E-02
   3.96018438E-02
   3.86477225E-02
   3.73943001E-02
   3.58500592E-02
   3.40255983E-02
   3.19335647E-02
   2.95885764E-02
   2.70071123E-02
   2.42074113E-02
   2.12093424E-02
   1.80342682E-02
   1.47048933E-02
   1.12451101E-02
   7.67982425E-03
   4.03478183E-03
   3.36384168E-04
  -3.38850101E-03
  -7.11273402E-03
  -1.08090984E-02
  -1.44504989E-02
  -1.80101581E-02
  -2.14618109E-02
  -2.47799009E-02
  -2.79397629E-02
  -3.09178066E-02
  -3.36916931E-02
  -3.62404995E-02
  -3.85448746E-02
  -4.05871794E-02
  -4.23516221E-02
  -4.38243821E-02
  -4.49937023E-02
  -4.58499901E-02
  -4.63858843E-02
  -4.65963185E-02
  -4.64785546E-02
  -4.60322127E-02
  -4.52592708E-02
  -4.41640541E-02
  -4.27532159E-02
  -4.10356782E-02
  -3.90225761E-02
  -3.67271788E-02
  -3.41647938E-02
  -3.13526504E-02
  -2.83097867E-02
  -2.50569060E-02
  -2.16162223E-02
  -1.80113055E-02
  -1.42669082E-02
  -1.04087815E-02
  -6.46349043E-03
  -2.45821849E-03
   1.57943228E-03
   5.62163955E-03
   9.64056887E-03
   1.36085730E-02
   1.74984019E-02
   2.12833919E-02
   2.49376707E-02
   2.84363423E-02
   3.17556709E-02
   3.48732471E-02
   3.77681628E-02
   4.04211581E-02
   4.28147577E-02
   4.49334048E-02
   4.67635654E-02
   4.82938290E-02
   4.95149903E-02
   5.04201055E-02
   5.10045476E-02
   5.12660295E-02
   5.12046143E-02
   5.08227125E-02
   5.01250550E-02
   4.91186492E-02
   4.78127152E-02
   4.62186188E-02
   4.43497673E-02
   4.22215052E-02
   3.98509912E-02
   3.72570604E-02
   3.44600677E-02
   3.14817354E-02
   2.83449776E-02
   2.50737220E-02
   2.16927174E-02
   1.82273462E-02
   1.47034256E-02
   1.11470055E-02
   7.58416904E-03
   4.04083449E-03
   5.42555004E-04
  -2.88567320E-03
  -6.21960126E-03
  -9.43590701E-03
  -1.25123719E-02
  -1.54280392E-02
  -1.81633718E-02
  -2.07003914E-02
  -2.30228025E-02
  -2.51161121E-02
  -2.69677211E-02
  -2.85670124E-02
  -2.99054161E-02
  -3.09764612E-02
  -3.17758024E-02
  -3.23012471E-02
  -3.25527415E-02
  -3.25323641E-02
  -3.22442874E-02
  -3.16947252E-02
  -3.08918636E-02
  -2.98457853E-02
  -2.85683721E-02
  -2.70731896E-02
  -2.53753699E-02
  -2.34914757E-02
  -2.14393530E-02
  -1.92379784E-02
  -1.69073008E-02
  -1.44680664E-02
  -1.19416481E-02
  -9.34986770E-03
  -6.71481434E-03
  -4.05866466E-03
  -1.40350079E-03
   1.22886570E-03
   3.81707214E-03
   6.34037284E-03
   8.77880305E-03
   1.11133372E-02
   1.33260339E-02
   1.54001759E-02
   1.73203945E-02
   1.90727860E-02
   2.06450112E-02
   2.20263824E-02
   2.32079420E-02
   2.41825134E-02
   2.49447469E-02
   2.54911482E-02
   2.58200895E-02
   2.59318035E-02
   2.58283596E-02
   2.55136378E-02
   2.49932669E-02
   2.42745690E-02
   2.33664718E-02
   2.22794227E-02
   2.10252795E-02
   1.96171980E-02
   1.80695057E-02
   1.63975619E-02
   1.46176219E-02
   1.27466833E-02
   1.08023323E-02
   8.80258717E-03
   6.76573347E-03
   4.71016718E-03
   2.65423139E-03
   6.16056379E-04
  -1.38659519E-03
  -3.33648035E-03
  -5.21702180E-03
  -7.01244501E-03
  -8.70790984E-03
  -1.02896318E-02
  -1.17449909E-02
  -1.30626336E-02
  -1.42325591E-02
  -1.52461948E-02
  -1.60964578E-02
  -1.67778023E-02
  -1.72862578E-02
  -1.76194441E-02
  -1.77765805E-02
  -1.77584793E-02
  -1.75675172E-02
  -1.72076076E-02
  -1.66841466E-02
  -1.60039514E-02
  -1.51751898E-02
  -1.42072914E-02
  -1.31108528E-02
  -1.18975332E-02
  -1.05799381E-02
  -9.17149894E-03
  -7.68634165E-03
  -6.13915594E-03
  -4.54505533E-03
  -2.91943573E-03
  -1.27783348E-03
   3.64219304E-04
   1.99133623E-03
   3.58841685E-03
   5.14078513E-03
   6.63432013E-03
   8.05558451E-03
   9.39194206E-03
   1.06316712E-02
   1.17640663E-02
   1.27795320E-02
   1.36696640E-02
   1.44273201E-02
   1.50466785E-02
   1.55232847E-02
   1.58540830E-02
   1.60374362E-02
   1.60731319E-02
   1.59623772E-02
   1.57077741E-02
   1.53132891E-02
   1.47842048E-02
   1.41270598E-02
   1.33495815E-02
   1.24606015E-02
   1.14699639E-02
   1.03884265E-02
   9.22754873E-03
   7.99957570E-03
   6.71731774E-03
   5.39402012E-03
   4.04323358E-03
   2.67868000E-03
   1.31412037E-03
  -3.67823523E-05
  -1.36059290E-03
  -2.64423480E-03
  -3.87511472E-03
  -5.04124304E-03
  -6.13134727E-03
  -7.13497773E-03
  -8.04260653E-03
  -8.84571299E-03
  -9.53686517E-03
  -1.01097850E-02
  -1.05594033E-02
  -1.08819064E-02
  -1.10747637E-02
  -1.11367498E-02
  -1.10679511E-02
  -1.08697573E-02
  -1.05448449E-02
  -1.00971451E-02
  -9.53180343E-03
  -8.85512121E-03
  -8.07449594E-03
  -7.19834305E-03
  -6.23601163E-03
  -5.19769266E-03
  -4.09431709E-03
  -2.93744821E-03
  -1.73916982E-03
  -5.11965947E-04
   7.31398701E-04
   1.97800482E-03
   3.21490271E-03
   4.42923885E-03
   5.60837891E-03
   6.74003363E-03
   7.81237567E-03
   8.81415606E-03
   9.73481499E-03
   1.05645843E-02
   1.12945838E-02
   1.19169103E-02
   1.24247167E-02
   1.28122801E-02
   1.30750621E-02
   1.32097565E-02
   1.32143227E-02
   1.30880121E-02
   1.28313806E-02
   1.24462843E-02
   1.19358702E-02
   1.13045452E-02
   1.05579430E-02
   9.70286876E-03
   8.74723867E-03
   7.70000741E-03
   6.57108147E-03
   5.37122600E-03
   4.11196239E-03
   2.80545605E-03
   1.46439858E-03
   1.01884245E-04
  -1.26871921E-03
  -2.63390271E-03
  -3.98014858E-03
  -5.29406685E-03
  -6.56252820E-03
  -7.77279586E-03
  -8.91265459E-03
  -9.97053366E-03
  -1.09356260E-02
  -1.17979962E-02
  -1.25486851E-02
  -1.31797986E-02
  -1.36845931E-02
  -1.40575450E-02
  -1.42944083E-02
  -1.43922605E-02
  -1.43495370E-02
  -1.41660497E-02
  -1.38429906E-02
  -1.33829275E-02
  -1.27897775E-02
  -1.20687764E-02
  -1.12264277E-02
  -1.02704428E-02
  -9.20966826E-03
  -8.05400312E-03
  -6.81430381E-03
  -5.50228031E-03
  -4.13038582E-03
  -2.71169539E-03
  -1.25978293E-03
   2.11410341E-04
   1.68770959E-03
   3.15484218E-03
   4.59857658E-03
   6.00485783E-03
   7.35994522E-03
   8.65054503E-03
   9.86394007E-03
   1.09881135E-02
   1.20118679E-02
   1.29249357E-02
   1.37180798E-02
   1.43831903E-02
   1.49133634E-02
   1.53029747E-02
   1.55477393E-02
   1.56447571E-02
   1.55925509E-02
   1.53910816E-02
   1.50417620E-02
   1.45474449E-02
   1.39124068E-02
   1.31423101E-02
   1.22441584E-02
   1.12262350E-02
   1.00980271E-02
   8.87014344E-03
   7.55421259E-03
   6.16277801E-03
   4.70918044E-03
   3.20742931E-03
   1.67207129E-03
   1.18049094E-04
  -1.43944228E-03
  -2.98510538E-03
  -4.50368924E-03
  -5.98014100E-03
  -7.39975553E-03
  -8.74832273E-03
  -1.00122718E-02
  -1.11788083E-02
  -1.22360447E-02
  -1.31731248E-02
  -1.39803365E-02
  -1.46492124E-02
  -1.51726231E-02
  -1.55448532E-02
  -1.57616641E-02
  -1.58203449E-02
  -1.57197472E-02
  -1.54603012E-02
  -1.50440205E-02
  -1.44744879E-02
  -1.37568275E-02
  -1.28976591E-02
  -1.19050397E-02
  -1.07883876E-02
  -9.55839548E-03
  -8.22692737E-03
  -6.80690585E-03
  -5.31218760E-03
  -3.75742791E-03
  -2.15793820E-03
  -5.29536163E-04
   1.11160998E-03
   2.74914107E-03
   4.36666980E-03
   5.94794191E-03
   7.47700036E-03
   8.93834326E-03
   1.03170797E-02
   1.15990806E-02
   1.27711203E-02
   1.38210133E-02
   1.47377364E-02
   1.55115426E-02
   1.61340646E-02
   1.65983997E-02
   1.68991853E-02
   1.70326568E-02
   1.69966929E-02
   1.67908389E-02
   1.64163224E-02
   1.58760436E-02
   1.51745565E-02
   1.43180266E-02
   1.33141791E-02
   1.21722296E-02
   1.09027959E-02
   9.51780193E-03
   8.03036429E-03
   6.45466661E-03
   4.80582379E-03
   3.09973722E-03
   1.35294034E-03
  -4.17562318E-04
  -2.19446258E-03
  -3.96031840E-03
  -5.69772674E-03
  -7.38949655E-03
  -9.01882164E-03
  -1.05694477E-02
  -1.20258406E-02
  -1.33733405E-02
  -1.45983156E-02
  -1.56883001E-02
  -1.66321285E-02
  -1.74200498E-02
  -1.80438329E-02
  -1.84968542E-02
  -1.87741779E-02
  -1.88726038E-02
  -1.87907144E-02
  -1.85288955E-02
  -1.80893354E-02
  -1.74760167E-02
  -1.66946780E-02
  -1.57527681E-02
  -1.46593712E-02
  -1.34251257E-02
  -1.20621184E-02
  -1.05837695E-02
  -9.00469907E-03
  -7.34058116E-03
  -5.60798915E-03
  -3.82422702E-03
  -2.00715568E-03
  -1.75012159E-04
   1.65377755E-03
   3.46078561E-03
   5.22777345E-03
   6.93687703E-03
   8.57079495E-03
   1.01129636E-02
   1.15477322E-02
   1.28605254E-02
   1.40379965E-02
   1.50681669E-02
   1.59405507E-02
   1.66462697E-02
   1.71781443E-02
   1.75307710E-02
   1.77005865E-02
   1.76859051E-02
   1.74869355E-02
   1.71057880E-02
   1.65464543E-02
   1.58147682E-02
   1.49183553E-02
   1.38665494E-02
   1.26703065E-02
   1.13420906E-02
   9.89575032E-03
   8.34637880E-03
   6.71016145E-03
   5.00420947E-03
   3.24638630E-03
   1.45512517E-03
  -3.50760412E-04
  -2.15226994E-03
  -3.93041177E-03
  -5.66639937E-03
  -7.34184776E-03
  -8.93896352E-03
  -1.04407333E-02
  -1.18310992E-02
  -1.30951330E-02
  -1.42191909E-02
  -1.51910614E-02
  -1.60000995E-02
  -1.66373402E-02
  -1.70955975E-02
  -1.73695497E-02
  -1.74557976E-02
  -1.73529107E-02
  -1.70614459E-02
  -1.65839531E-02
  -1.59249529E-02
  -1.50908986E-02
  -1.40901152E-02
  -1.29327178E-02
  -1.16305137E-02
  -1.01968842E-02
  -8.64664745E-03
  -6.99590892E-03
  -5.26189571E-03
  -3.46277794E-03
  -1.61747984E-03
   2.54517072E-04
   2.13337969E-03
   3.99913313E-03
   5.83186932E-03
   7.61196204E-03
   9.32027400E-03
   1.09383650E-02
   1.24486852E-02
   1.38347698E-02
   1.50814131E-02
   1.61748379E-02
   1.71028432E-02
   1.78549420E-02
   1.84224732E-02
   1.87987015E-02
   1.89788956E-02
   1.89603828E-02
   1.87425837E-02
   1.83270220E-02
   1.77173149E-02
   1.69191398E-02
   1.59401800E-02
   1.47900488E-02
   1.34801911E-02
   1.20237665E-02
   1.04355132E-02
   8.73159803E-03
   6.92944601E-03
   5.04755881E-03
   3.10532190E-03
   1.12280063E-03
  -8.79470957E-04
  -2.88070645E-03
  -4.86008916E-03
  -6.79698912E-03
  -8.67118686E-03
  -1.04630869E-02
  -1.21539272E-02
  -1.37259811E-02
  -1.51627492E-02
  -1.64491367E-02
  -1.75716188E-02
  -1.85183864E-02
  -1.92794781E-02
  -1.98468901E-02
  -2.02146657E-02
  -2.03789622E-02
  -2.03381013E-02
  -2.00925898E-02
  -1.96451135E-02
  -1.90005209E-02
  -1.81657709E-02
  -1.71498638E-02
  -1.59637481E-02
  -1.46202045E-02
  -1.31337130E-02
  -1.15202991E-02
  -9.79736261E-03
  -7.98349269E-03
  -6.09826762E-03
  -4.16204147E-03
  -2.19572731E-03
  -2.20569083E-04
   1.74208847E-03
   3.67103447E-03
   5.54542104E-03
   7.34499376E-03
   9.05031059E-03
   1.06429607E-02
   1.21057620E-02
   1.34229539E-02
   1.45803709E-02
   1.55655984E-02
   1.63681153E-02
   1.69794057E-02
   1.73930582E-02
   1.76048391E-02
   1.76127367E-02
   1.74169932E-02
   1.70200970E-02
   1.64267607E-02
   1.56438723E-02
   1.46804228E-02
   1.35474037E-02
   1.22576952E-02
   1.08259199E-02
   9.26828757E-03
   7.60241644E-03
   5.84714068E-03
   4.02230490E-03
   2.14854395E-03
   2.47057178E-04
  -1.66062487E-03
  -3.55287921E-03
  -5.40822931E-03
  -7.20558316E-03
  -8.92446749E-03
  -1.05452565E-02
  -1.20493900E-02
  -1.34195834E-02
  -1.46400202E-02
  -1.56965330E-02
  -1.65767595E-02
  -1.72702894E-02
  -1.77687816E-02
  -1.80660617E-02
  -1.81581993E-02
  -1.80435497E-02
  -1.77227873E-02
  -1.71988960E-02
  -1.64771434E-02
  -1.55650293E-02
  -1.44722071E-02
  -1.32103804E-02
  -1.17931785E-02
  -1.02360072E-02
  -8.55588168E-03
  -6.77124038E-03
  -4.90174163E-03
  -2.96804542E-03
  -9.91585664E-04
   1.00566959E-03
   3.00146313E-03
   4.97349724E-03
   6.89968560E-03
   8.75840150E-03
   1.05287218E-02
   1.21906642E-02
   1.37254139E-02
   1.51155386E-02
   1.63451880E-02
   1.74002741E-02
   1.82686374E-02
   1.89401824E-02
   1.94070023E-02
   1.96634661E-02
   1.97062921E-02
   1.95345841E-02
   1.91498511E-02
   1.85559914E-02
   1.77592579E-02
   1.67681873E-02
   1.55935083E-02
   1.42480284E-02
   1.27464924E-02
   1.11054182E-02
   9.34291631E-03
   7.47848675E-03
   5.53280581E-03
   3.52749252E-03
   1.48486882E-03
  -5.72290504E-04
  -2.62101041E-03
  -4.63837618E-03
  -6.60178950E-03
  -8.48922133E-03
  -1.02794599E-02
  -1.19523527E-02
  -1.34890294E-02
  -1.48721198E-02
  -1.60859469E-02
  -1.71167105E-02
  -1.79526377E-02
  -1.85841247E-02
  -1.90038439E-02
  -1.92068312E-02
  -1.91905461E-02
  -1.89549010E-02
  -1.85022689E-02
  -1.78374592E-02
  -1.69676710E-02
  -1.59024112E-02
  -1.46533921E-02
  -1.32344076E-02
  -1.16611775E-02
  -9.95117426E-03
  -8.12343135E-03
  -6.19833125E-03
  -4.19737585E-03
  -2.14294880E-03
  -5.80640044E-05
   2.03389232E-03
   4.10942500E-03
   6.14519371E-03
   8.11827555E-03
   1.00064259E-02
   1.17883282E-02
   1.34438351E-02
   1.49541982E-02
   1.63022801E-02
   1.74727496E-02
   1.84522569E-02
   1.92295834E-02
   1.97957736E-02
   2.01442316E-02
   2.02708039E-02
   2.01738216E-02
   1.98541228E-02
   1.93150435E-02
   1.85623784E-02
   1.76043175E-02
   1.64513495E-02
   1.51161458E-02
   1.36134150E-02
   1.19597353E-02
   1.01733655E-02
   8.27403553E-03
   6.28272491E-03
   4.22142027E-03
   2.11286545E-03
  -1.96963083E-05
  -2.15278845E-03
  -4.26296797E-03
  -6.32709218E-03
  -8.32258072E-03
  -1.02276728E-02
  -1.20216738E-02
  -1.36851901E-02
  -1.52003458E-02
  -1.65509880E-02
  -1.77228618E-02
  -1.87037755E-02
  -1.94837358E-02
  -2.00550519E-02
  -2.04124283E-02
  -2.05530096E-02
  -2.04764195E-02
  -2.01847497E-02
  -1.96825378E-02
  -1.89767070E-02
  -1.80764832E-02
  -1.69932805E-02
  -1.57405697E-02
  -1.43337185E-02
  -1.27898064E-02
  -1.11274300E-02
  -9.36648343E-03
  -7.52792461E-03
  -5.63353533E-03
  -3.70566733E-03
  -1.76698365E-03
   1.59802730E-04
   2.05219002E-03
   3.88814649E-03
   5.64636244E-03
   7.30649289E-03
   8.84939078E-03
   1.02573233E-02
   1.15141720E-02
   1.26056131E-02
   1.35192797E-02
   1.42448964E-02
   1.47743914E-02
   1.51019851E-02
   1.52242472E-02
   1.51401283E-02
   1.48509676E-02
   1.43604651E-02
   1.36746345E-02
   1.28017236E-02
   1.17521100E-02
   1.05381766E-02
   9.17415787E-03
   7.67596951E-03
   6.06101565E-03
   4.34798375E-03
   2.55661993E-03
   7.07497587E-04
  -1.17822655E-03
  -3.07906047E-03
  -4.97342832E-03
  -6.83992263E-03
  -8.65755230E-03
  -1.04059866E-02
  -1.20657887E-02
  -1.36186369E-02
  -1.50475353E-02
  -1.63370073E-02
  -1.74732637E-02
  -1.84443593E-02
  -1.92403235E-02
  -1.98532660E-02
  -2.02774517E-02
  -2.05093641E-02
  -2.05477271E-02
  -2.03935076E-02
  -2.00498905E-02
  -1.95222218E-02
  -1.88179370E-02
  -1.79464538E-02
  -1.69190448E-02
  -1.57486927E-02
  -1.44499186E-02
  -1.30385980E-02
  -1.15317591E-02
  -9.94736981E-03
  -8.30411166E-03
  -6.62114844E-03
  -4.91789076E-03
  -3.21375811E-03
  -1.52794074E-03
   1.20830606E-04
   1.71451038E-03
   3.23595386E-03
   4.66911960E-03
   5.99925686E-03
   7.21307704E-03
   8.29890464E-03
   9.24680661E-03
   1.00487024E-02
   1.06984470E-02
   1.11918896E-02
   1.15269087E-02
   1.17034214E-02
   1.17233647E-02
   1.15906540E-02
   1.13111185E-02
   1.08924089E-02
   1.03438841E-02
   9.67647880E-03
   8.90255161E-03
   8.03571567E-03
   7.09065096E-03
   6.08291198E-03
   5.02871629E-03
   3.94473458E-03
   2.84786755E-03
   1.75502733E-03
   6.82917191E-04
  -3.52185802E-04
  -1.33464020E-03
  -2.24964158E-03
  -3.08341254E-03
  -3.82337905E-03
  -4.45832964E-03
  -4.97855898E-03
  -5.37598971E-03
  -5.64427394E-03
  -5.77887287E-03
  -5.77711221E-03
  -5.63821336E-03
  -5.36330231E-03
  -4.95539093E-03
  -4.41933656E-03
  -3.76177719E-03
  -2.99104257E-03
  -2.11704546E-03
  -1.15115161E-03
  -1.06030959E-04
   1.00450835E-03
   2.16569891E-03
   3.36200814E-03
   4.57733963E-03
   5.79524413E-03
   6.99913315E-03
   8.17249715E-03
   9.29911993E-03
   1.03632929E-02
   1.13500198E-02
   1.22452127E-02
   1.30358813E-02
   1.37103004E-02
   1.42581686E-02
   1.46707436E-02
   1.49409613E-02
   1.50635317E-02
   1.50350099E-02
   1.48538481E-02
   1.45204188E-02
   1.40370158E-02
   1.34078292E-02
   1.26388976E-02
   1.17380330E-02
   1.07147265E-02
   9.58002917E-03
   8.34641606E-03
   7.02762743E-03
   5.63849788E-03
   4.19476815E-03
   2.71288771E-03
   1.20980456E-03
  -2.97247665E-04
  -1.79096870E-03
  -3.25421104E-03
  -4.67019621E-03
  -6.02272991E-03
  -7.29640573E-03
  -8.47680122E-03
  -9.55065899E-03
  -1.05060590E-02
  -1.13325650E-02
  -1.20213591E-02
  -1.25653548E-02
  -1.29592838E-02
  -1.31997634E-02
  -1.32853407E-02
  -1.32165095E-02
  -1.29957050E-02
  -1.26272729E-02
  -1.21174129E-02
  -1.14741027E-02
  -1.07069947E-02
  -9.82729718E-03
  -8.84763058E-03
  -7.78186787E-03
