   0.00000000    
   0.00000000    
   0.00000000    
   0.00000000    
   0.00000000    
  -8.31088136E-26
  -5.81979569E-25
  -2.16040761E-24
  -6.44310664E-24
  -2.12024922E-23
  -7.99505668E-23
  -2.88610101E-22
  -8.98030773E-22
  -2.34984947E-21
  -5.13601855E-21
  -9.15062252E-21
  -1.20415969E-20
  -6.00043036E-21
   2.73569534E-20
   1.23632120E-19
   3.41952226E-19
   7.66776162E-19
   1.49802533E-18
   2.61919172E-18
   4.13071995E-18
   5.83583822E-18
   7.16981213E-18
   6.97290509E-18
   3.22313738E-18
  -7.23293841E-18
  -2.88868014E-17
  -6.76206056E-17
  -1.30494187E-16
  -2.25148372E-16
  -3.58723112E-16
  -5.36235595E-16
  -7.58445477E-16
  -1.01934899E-15
  -1.30358709E-15
  -1.58420329E-15
  -1.82132730E-15
  -1.96246057E-15
  -1.94506505E-15
  -1.70209376E-15
  -1.17091611E-15
  -3.05807640E-16
   9.06204340E-16
   2.42676570E-15
   4.14588577E-15
   5.86115883E-15
   7.25780011E-15
   7.89049053E-15
   7.16728448E-15
   4.33468348E-15
  -1.53876664E-15
  -1.15851373E-14
  -2.71735251E-14
  -4.99707291E-14
  -8.20401893E-14
  -1.25997045E-13
  -1.85241769E-13
  -2.64300002E-13
  -3.69303627E-13
  -5.08656160E-13
  -6.93939806E-13
  -9.41137576E-13
  -1.27226983E-12
  -1.71757638E-12
  -2.31842518E-12
  -3.13118672E-12
  -4.23239915E-12
  -5.72565389E-12
  -7.75077225E-12
  -1.04960251E-11
  -1.42143797E-11
  -1.92450396E-11
  -2.60419186E-11
  -3.52111812E-11
  -4.75605458E-11
  -6.41637854E-11
  -8.64448443E-11
  -1.16287160E-10
  -1.56175226E-10
  -2.09377224E-10
  -2.80179963E-10
  -3.74190207E-10
  -4.98719510E-10
  -6.63274879E-10
  -8.80181483E-10
  -1.16537124E-09
  -1.53937785E-09
  -2.02858885E-09
  -2.66681477E-09
  -3.49725227E-09
  -4.57492844E-09
  -5.96973715E-09
  -7.77019871E-09
  -1.00881010E-08
  -1.30642022E-08
  -1.68752319E-08
  -2.17424407E-08
  -2.79420238E-08
  -3.58177736E-08
  -4.57963871E-08
  -5.84059627E-08
  -7.42982209E-08
  -9.42751370E-08
  -1.19320831E-07
  -1.50639423E-07
  -1.89700145E-07
  -2.38290539E-07
  -2.98579380E-07
  -3.73190488E-07
  -4.65289361E-07
  -5.78684194E-07
  -7.17943408E-07
  -8.88532270E-07
  -1.09697044E-06
  -1.35101357E-06
  -1.65986205E-06
  -2.03439890E-06
  -2.48746233E-06
  -3.03415345E-06
  -3.69218628E-06
  -4.48228093E-06
  -5.42860516E-06
  -6.55927033E-06
  -7.90688046E-06
  -9.50914546E-06
  -1.14095556E-05
  -1.36581257E-05
  -1.63122113E-05
  -1.94373970E-05
  -2.31084650E-05
  -2.74104368E-05
  -3.24396970E-05
  -3.83051993E-05
  -4.51297419E-05
  -5.30513207E-05
  -6.22245643E-05
  -7.28222149E-05
  -8.50366705E-05
  -9.90816043E-05
  -1.15193558E-04
  -1.33633643E-04
  -1.54689129E-04
  -1.78675167E-04
  -2.05936332E-04
  -2.36848209E-04
  -2.71818833E-04
  -3.11290089E-04
  -3.55738826E-04
  -4.05677943E-04
  -4.61657211E-04
  -5.24263829E-04
  -5.94122568E-04
  -6.71895803E-04
  -7.58283131E-04
  -8.54020414E-04
  -9.59878438E-04
  -1.07666128E-03
  -1.20520371E-03
  -1.34636834E-03
  -1.50104216E-03
  -1.67013216E-03
  -1.85456080E-03
  -2.05525989E-03
  -2.27316469E-03
  -2.50920630E-03
  -2.76430417E-03
  -3.03935725E-03
  -3.33523471E-03
  -3.65276495E-03
  -3.99272470E-03
  -4.35582735E-03
  -4.74270992E-03
  -5.15391864E-03
  -5.58989635E-03
  -6.05096575E-03
  -6.53731311E-03
  -7.04897381E-03
  -7.58581329E-03
  -8.14750884E-03
  -8.73353239E-03
  -9.34313051E-03
  -9.97530669E-03
  -1.06287980E-02
  -1.13020595E-02
  -1.19932396E-02
  -1.27001638E-02
  -1.34203108E-02
  -1.41507965E-02
  -1.48883499E-02
  -1.56292990E-02
  -1.63695496E-02
  -1.71045698E-02
  -1.78293716E-02
  -1.85385011E-02
  -1.92260239E-02
  -1.98855158E-02
  -2.05100551E-02
  -2.10922193E-02
  -2.16240827E-02
  -2.20972244E-02
  -2.25027278E-02
  -2.28311978E-02
  -2.30727810E-02
  -2.32171789E-02
  -2.32536867E-02
  -2.31712237E-02
  -2.29583737E-02
  -2.26034373E-02
  -2.20944826E-02
  -2.14194134E-02
  -2.05660425E-02
  -1.95221603E-02
  -1.82756297E-02
  -1.68144759E-02
  -1.51269892E-02
  -1.32018290E-02
  -1.10281389E-02
  -8.59566592E-03
  -5.89488354E-03
  -2.91712023E-03
   3.45309731E-04
   3.89897311E-03
   7.74918403E-03
   1.18998690E-02
   1.63534377E-02
   2.11106539E-02
   2.61705071E-02
   3.15301009E-02
   3.71845402E-02
   4.31268290E-02
   4.93477769E-02
   5.58359325E-02
   6.25775009E-02
   6.95562959E-02
   7.67537281E-02
   8.41487497E-02
   9.17178839E-02
   9.94352251E-02
  0.107272491    
  0.115199052    
  0.123182043    
  0.131186426    
  0.139175147    
  0.147109210    
  0.154947892    
  0.162648901    
  0.170168534    
  0.177461922    
  0.184483260    
  0.191186011    
  0.197523177    
  0.203447595    
  0.208912164    
  0.213870183    
  0.218275607    
  0.222083390    
  0.225249752    
  0.227732539    
  0.229491502    
  0.230488628    
  0.230688468    
  0.230058432    
  0.228569120    
  0.226194590    
  0.222912699    
  0.218705341    
  0.213558778    
  0.207463831    
  0.200416163    
  0.192416504    
  0.183470815    
  0.173590526    
  0.162792623    
  0.151099801    
  0.138540566    
  0.125149235    
  0.110966019    
   9.60369557E-02
   8.04138705E-02
   6.41542450E-02
   4.73210812E-02
   2.99826879E-02
   1.22124366E-02
  -5.91153465E-03
  -2.43066847E-02
  -4.28864658E-02
  -6.15607649E-02
  -8.02364051E-02
  -9.88176987E-02
 -0.117207013    
 -0.135305405    
 -0.153013304    
 -0.170231164    
 -0.186860189    
 -0.202803105    
 -0.217964888    
 -0.232253522    
 -0.245580748    
 -0.257862836    
 -0.269021332    
 -0.278983682    
 -0.287684053    
 -0.295063823    
 -0.301072299    
 -0.305667222    
 -0.308815181    
 -0.310492098    
 -0.310683548    
 -0.309385061    
 -0.306602240    
 -0.302350879    
 -0.296657026    
 -0.289556831    
 -0.281096458    
 -0.271331817    
 -0.260328144    
 -0.248159707    
 -0.234909222    
 -0.220667273    
 -0.205531716    
 -0.189606905    
 -0.173002928    
 -0.155834809    
 -0.138221577    
 -0.120285384    
 -0.102150545    
  -8.39425623E-02
  -6.57871440E-02
  -4.78091985E-02
  -3.01318672E-02
  -1.28755104E-02
   3.84322740E-03
   1.99123770E-02
   3.52255367E-02
   4.96827327E-02
   6.31912425E-02
   7.56663308E-02
   8.70319605E-02
   9.72214267E-02
  0.106177881    
  0.113854818    
  0.120216466    
  0.125238076    
  0.128906116    
  0.131218418    
  0.132184178    
  0.131823838    
  0.130168959    
  0.127261892    
  0.123155430    
  0.117912315    
  0.111604683    
  0.104313403    
   9.61273313E-02
   8.71425048E-02
   7.74612352E-02
   6.71911761E-02
   5.64442836E-02
   4.53357920E-02
   3.39831039E-02
   2.25046668E-02
   1.10188499E-02
  -3.57196666E-04
  -1.15086734E-02
  -2.23242380E-02
  -3.26970927E-02
  -4.25260104E-02
  -5.17163202E-02
  -6.01808168E-02
  -6.78406134E-02
  -7.46258870E-02
  -8.04765373E-02
  -8.53427649E-02
  -8.91855061E-02
  -9.19767916E-02
  -9.36999619E-02
  -9.43497643E-02
  -9.39323604E-02
  -9.24651846E-02
  -8.99766684E-02
  -8.65059048E-02
  -8.21021423E-02
  -7.68242106E-02
  -7.07398355E-02
  -6.39248490E-02
  -5.64623438E-02
  -4.84417118E-02
  -3.99576649E-02
  -3.11091803E-02
  -2.19984017E-02
  -1.27295190E-02
  -3.40762828E-03
   5.86241297E-03
   1.49771236E-02
   2.38355193E-02
   3.23401950E-02
   4.03983742E-02
   4.79229018E-02
   5.48331663E-02
   6.10559508E-02
   6.65262192E-02
   7.11877793E-02
   7.49938712E-02
   7.79076517E-02
   7.99025595E-02
   8.09625611E-02
   8.10823068E-02
   8.02671388E-02
   7.85330012E-02
   7.59062171E-02
   7.24231675E-02
   6.81298450E-02
   6.30813092E-02
   5.73410206E-02
   5.09801060E-02
   4.40765172E-02
   3.67141291E-02
   2.89817527E-02
   2.09720954E-02
   1.27806934E-02
   4.50478494E-03
  -3.75781767E-03
  -1.19098676E-02
  -1.98558215E-02
  -2.75029540E-02
  -3.47624347E-02
  -4.15503606E-02
  -4.77887504E-02
  -5.34064323E-02
  -5.83398789E-02
  -6.25339299E-02
  -6.59424514E-02
  -6.85288310E-02
  -7.02664033E-02
  -7.11387470E-02
  -7.11398497E-02
  -7.02741295E-02
  -6.85563833E-02
  -6.60115629E-02
  -6.26744330E-02
  -5.85891530E-02
  -5.38086928E-02
  -4.83941697E-02
  -4.24140915E-02
  -3.59435007E-02
  -2.90630497E-02
  -2.18580104E-02
  -1.44172162E-02
  -6.83198776E-03
   8.04988667E-04
   8.40078574E-03
   1.58633646E-02
   2.31026877E-02
   3.00318040E-02
   3.65678929E-02
   4.26332615E-02
   4.81562689E-02
   5.30721806E-02
   5.73239326E-02
   6.08627945E-02
   6.36489466E-02
   6.56519383E-02
   6.68510199E-02
   6.72353804E-02
   6.68042377E-02
   6.55668303E-02
   6.35422543E-02
   6.07592314E-02
   5.72557114E-02
   5.30783758E-02
   4.82820533E-02
   4.29290235E-02
   3.70882191E-02
   3.08343675E-02
   2.42470540E-02
   1.74097233E-02
   1.04086380E-02
   3.33180185E-03
  -3.73213552E-03
  -1.06949843E-02
  -1.74701065E-02
  -2.39734966E-02
  -3.01248226E-02
  -3.58484201E-02
  -4.10742350E-02
  -4.57386859E-02
  -4.97854427E-02
  -5.31661287E-02
  -5.58409132E-02
  -5.77789843E-02
  -5.89589365E-02
  -5.93690053E-02
  -5.90072088E-02
  -5.78813478E-02
  -5.60088903E-02
  -5.34167290E-02
  -5.01408204E-02
  -4.62257117E-02
  -4.17239591E-02
  -3.66954394E-02
  -3.12065743E-02
  -2.53294706E-02
  -1.91409942E-02
  -1.27217676E-02
  -6.15514908E-03
   4.73851338E-04
   7.07965158E-03
   1.35771986E-02
   1.98830478E-02
   2.59164348E-02
   3.16002928E-02
   3.68622392E-02
   4.16354798E-02
   4.58596572E-02
   4.94816080E-02
   5.24560213E-02
   5.47460020E-02
   5.63235246E-02
   5.71697541E-02
   5.72752804E-02
   5.66402078E-02
   5.52741215E-02
   5.31959385E-02
   5.04336506E-02
   4.70239259E-02
   4.30116206E-02
   3.84491794E-02
   3.33959311E-02
   2.79173255E-02
   2.20840536E-02
   1.59711391E-02
   9.65695549E-03
   3.22220754E-03
  -3.25110694E-03
  -9.68076196E-03
  -1.59853566E-02
  -2.20853630E-02
  -2.79041417E-02
  -3.33689190E-02
  -3.84117141E-02
  -4.29701954E-02
  -4.69884723E-02
  -5.04177958E-02
  -5.32171503E-02
  -5.53537793E-02
  -5.68035655E-02
  -5.75513281E-02
  -5.75909764E-02
  -5.69255687E-02
  -5.55672497E-02
  -5.35370447E-02
  -5.08645736E-02
  -4.75876369E-02
  -4.37517017E-02
  -3.94092724E-02
  -3.46192047E-02
  -2.94459052E-02
  -2.39584874E-02
  -1.82298515E-02
  -1.23357223E-02
  -6.35365816E-03
  -3.62029765E-04
   5.56099880E-03
   1.13384910E-02
   1.68957375E-02
   2.21612249E-02
   2.70675495E-02
   3.15522924E-02
   3.55588123E-02
   3.90369557E-02
   4.19437103E-02
   4.42437120E-02
   4.59096991E-02
   4.69228253E-02
   4.72728722E-02
   4.69583534E-02
   4.59864922E-02
   4.43730913E-02
   4.21422869E-02
   3.93261872E-02
   3.59644257E-02
   3.21036018E-02
   2.77966335E-02
   2.31020357E-02
   1.80831198E-02
   1.28071383E-02
   7.34438328E-03
   1.76724512E-03
  -3.85075202E-03
  -9.43592191E-03
  -1.49153871E-02
  -2.02180333E-02
  -2.52754372E-02
  -3.00227515E-02
  -3.43995392E-02
  -3.83505449E-02
  -4.18263897E-02
  -4.47841957E-02
  -4.71880995E-02
  -4.90096994E-02
  -5.02283722E-02
  -5.08315004E-02
  -5.08145951E-02
  -5.01812994E-02
  -4.89432961E-02
  -4.71200980E-02
  -4.47387435E-02
  -4.18333933E-02
  -3.84448320E-02
  -3.46198864E-02
  -3.04107778E-02
  -2.58743893E-02
  -2.10714862E-02
  -1.60658918E-02
  -1.09236231E-02
  -5.71200158E-03
  -4.98761423E-04
   4.64884983E-03
   9.66495834E-03
   1.44859198E-02
   1.90511495E-02
   2.33038962E-02
   2.71919668E-02
   3.06683872E-02
   3.36919762E-02
   3.62278558E-02
   3.82478610E-02
   3.97308655E-02
   4.06629965E-02
   4.10377756E-02
   4.08561379E-02
   4.01263610E-02
   3.88638936E-02
   3.70910913E-02
   3.48368622E-02
   3.21362242E-02
   2.90297866E-02
   2.55631525E-02
   2.17862725E-02
   1.77527294E-02
   1.35189947E-02
   9.14363842E-03
   4.68652276E-03
   2.07986217E-04
  -4.23197541E-03
  -8.57451372E-03
  -1.27627160E-02
  -1.67423505E-02
  -2.04625819E-02
  -2.38766223E-02
  -2.69423295E-02
  -2.96227373E-02
  -3.18865031E-02
  -3.37082855E-02
  -3.50690261E-02
  -3.59561518E-02
  -3.63636762E-02
  -3.62922251E-02
  -3.57489623E-02
  -3.47474180E-02
  -3.33072506E-02
  -3.14539149E-02
  -2.92182527E-02
  -2.66360193E-02
  -2.37473417E-02
  -2.05961261E-02
  -1.72294173E-02
  -1.36967208E-02
  -1.00492984E-02
  -6.33944571E-03
  -2.61975848E-03
   1.05759106E-03
   4.64156922E-03
   8.08297377E-03
   1.13350954E-02
   1.43543370E-02
   1.71007887E-02
   1.95387378E-02
   2.16371268E-02
   2.33699381E-02
   2.47165095E-02
   2.56617628E-02
   2.61963699E-02
   2.63168253E-02
   2.60254424E-02
   2.53302772E-02
   2.42449585E-02
   2.27884613E-02
   2.09847949E-02
   1.88626349E-02
   1.64548829E-02
   1.37981903E-02
   1.09324185E-02
   7.90007040E-03
   4.74568689E-03
   1.51522225E-03
  -1.74459582E-03
  -4.98690549E-03
  -8.16535205E-03
  -1.12347119E-02
  -1.41514977E-02
  -1.68745350E-02
  -1.93655007E-02
  -2.15894170E-02
  -2.35150959E-02
  -2.51155309E-02
  -2.63682250E-02
  -2.72554569E-02
  -2.77644787E-02
  -2.78876480E-02
  -2.76224855E-02
  -2.69716661E-02
  -2.59429403E-02
  -2.45489888E-02
  -2.28072107E-02
  -2.07394566E-02
  -1.83716957E-02
  -1.57336406E-02
  -1.28583275E-02
  -9.78164561E-03
  -6.54184818E-03
  -3.17903119E-03
   2.65406445E-04
   3.74931004E-03
   7.23031955E-03
   1.06664170E-02
   1.40164606E-02
   1.72406994E-02
   2.03012638E-02
   2.31626220E-02
   2.57919990E-02
   2.81597581E-02
   3.02397236E-02
   3.20094675E-02
   3.34505290E-02
   3.45485881E-02
   3.52935828E-02
   3.56797576E-02
   3.57056633E-02
   3.53741013E-02
   3.46920118E-02
   3.36703099E-02
   3.23236808E-02
   3.06703113E-02
   2.87316088E-02
   2.65318602E-02
   2.40978803E-02
   2.14586221E-02
   1.86447762E-02
   1.56883597E-02
   1.26222875E-02
   9.47995856E-03
   6.29483396E-03
   3.10003385E-03
  -7.20522366E-05
  -3.19013628E-03
  -6.22437242E-03
  -9.14667454E-03
  -1.19309938E-02
  -1.45535674E-02
  -1.69931259E-02
  -1.92310587E-02
  -2.12515462E-02
  -2.30416413E-02
  -2.45913174E-02
  -2.58934721E-02
  -2.69438922E-02
  -2.77411845E-02
  -2.82866675E-02
  -2.85842363E-02
  -2.86401901E-02
  -2.84630433E-02
  -2.80633122E-02
  -2.74532810E-02
  -2.66467575E-02
  -2.56588142E-02
  -2.45055351E-02
  -2.32037473E-02
  -2.17707660E-02
  -2.02241410E-02
  -1.85814165E-02
  -1.68599021E-02
  -1.50764594E-02
  -1.32473130E-02
  -1.13878762E-02
  -9.51260701E-03
  -7.63488142E-03
  -5.76689932E-03
  -3.91961168E-03
  -2.10267492E-03
  -3.24433553E-04
   1.40807580E-03
   3.08909430E-03
   4.71408945E-03
   6.27968274E-03
   7.78356101E-03
   9.22437105E-03
   1.06016006E-02
   1.19154491E-02
   1.31666958E-02
   1.43565573E-02
   1.54865477E-02
   1.65583398E-02
   1.75736286E-02
   1.85340084E-02
   1.94408502E-02
   2.02951990E-02
   2.10976824E-02
   2.18484290E-02
   2.25470141E-02
   2.31924150E-02
   2.37829909E-02
   2.43164711E-02
   2.47899741E-02
   2.52000410E-02
   2.55426783E-02
   2.58134287E-02
   2.60074511E-02
   2.61196103E-02
   2.61445846E-02
   2.60769837E-02
   2.59114634E-02
   2.56428532E-02
   2.52662878E-02
   2.47773305E-02
   2.41720974E-02
   2.34473832E-02
   2.26007700E-02
   2.16307268E-02
   2.05367096E-02
   1.93192344E-02
   1.79799404E-02
   1.65216401E-02
   1.49483513E-02
   1.32653108E-02
   1.14789680E-02
   9.59696528E-03
   7.62809860E-03
   5.58225904E-03
   3.47036147E-03
   1.30425626E-03
  -9.03372886E-04
  -3.13912425E-03
  -5.38900122E-03
  -7.63854617E-03
  -9.87298228E-03
  -1.20773586E-02
  -1.42366961E-02
  -1.63361374E-02
  -1.83610935E-02
  -2.02973876E-02
  -2.21313890E-02
  -2.38501485E-02
  -2.54415181E-02
  -2.68942565E-02
  -2.81981342E-02
  -2.93440167E-02
  -3.03239394E-02
  -3.11311632E-02
  -3.17602158E-02
  -3.22069265E-02
  -3.24684307E-02
  -3.25431824E-02
  -3.24309282E-02
  -3.21326852E-02
  -3.16507034E-02
  -3.09884138E-02
  -3.01503688E-02
  -2.91421711E-02
  -2.79704053E-02
  -2.66425535E-02
  -2.51669101E-02
  -2.35524960E-02
  -2.18089744E-02
  -1.99465603E-02
  -1.79759338E-02
  -1.59081612E-02
  -1.37546174E-02
  -1.15269078E-02
  -9.23680328E-03
  -6.89618103E-03
  -4.51696664E-03
  -2.11108616E-03
   3.09573254E-04
   2.73319893E-03
   5.14808157E-03
   7.54263718E-03
   9.90542397E-03
   1.22251566E-02
   1.44907180E-02
   1.66911669E-02
   1.88157409E-02
   2.08538696E-02
   2.27951799E-02
   2.46295091E-02
   2.63469163E-02
   2.79377084E-02
   2.93924529E-02
   3.07020191E-02
   3.18576097E-02
   3.28508057E-02
   3.36736254E-02
   3.43185700E-02
   3.47787067E-02
   3.50477286E-02
   3.51200402E-02
   3.49908471E-02
   3.46562415E-02
   3.41132879E-02
   3.33601274E-02
   3.23960669E-02
   3.12216748E-02
   2.98388600E-02
   2.82509625E-02
   2.64628269E-02
   2.44808588E-02
   2.23130882E-02
   1.99691970E-02
   1.74605493E-02
   1.48001947E-02
   1.20028500E-02
   9.08487197E-03
   6.06419705E-03
   2.96026724E-03
  -2.06070254E-04
  -3.41268489E-03
  -6.63630618E-03
  -9.85268876E-03
  -1.30367996E-02
  -1.61630195E-02
  -1.92053709E-02
  -2.21377499E-02
  -2.49341801E-02
  -2.75690705E-02
  -3.00174914E-02
  -3.22554410E-02
  -3.42601165E-02
  -3.60101946E-02
  -3.74860913E-02
  -3.86702158E-02
  -3.95472161E-02
  -4.01042029E-02
  -4.03309539E-02
  -4.02201004E-02
  -3.97672765E-02
  -3.89712490E-02
  -3.78340073E-02
  -3.63608338E-02
  -3.45603116E-02
  -3.24443281E-02
  -3.00280191E-02
  -2.73296796E-02
  -2.43706387E-02
  -2.11751014E-02
  -1.77699421E-02
  -1.41844787E-02
  -1.04502020E-02
  -6.60048239E-03
  -2.67024850E-03
   1.30436057E-03
   5.28635923E-03
   9.23829526E-03
   1.31226406E-02
   1.69021934E-02
   2.05404758E-02
   2.40021292E-02
   2.72533074E-02
   3.02620493E-02
   3.29986438E-02
   3.54359634E-02
   3.75497788E-02
   3.93190347E-02
   4.07261029E-02
   4.17569913E-02
   4.24015112E-02
   4.26534116E-02
   4.25104611E-02
   4.19744812E-02
   4.10513394E-02
   3.97509001E-02
   3.80869210E-02
   3.60769033E-02
   3.37419100E-02
   3.11063305E-02
   2.81976108E-02
   2.50459500E-02
   2.16839649E-02
   1.81463268E-02
   1.44693684E-02
   1.06906835E-02
   6.84870314E-03
   2.98226904E-03
  -8.69797776E-04
  -4.66912938E-03
  -8.37823004E-03
  -1.19608883E-02
  -1.53825702E-02
  -1.86107885E-02
  -2.16154475E-02
  -2.43691541E-02
  -2.68475022E-02
  -2.90293060E-02
  -3.08968090E-02
  -3.24358381E-02
  -3.36359181E-02
  -3.44903432E-02
  -3.49962004E-02
  -3.51543427E-02
  -3.49693336E-02
  -3.44493240E-02
  -3.36059146E-02
  -3.24539579E-02
  -3.10113337E-02
  -2.92986892E-02
  -2.73391567E-02
  -2.51580328E-02
  -2.27824524E-02
  -2.02410333E-02
  -1.75635200E-02
  -1.47804162E-02
  -1.19226128E-02
  -9.02102608E-03
  -6.10623602E-03
  -3.20814410E-03
  -3.55641590E-04
   2.42369808E-03
   5.10390569E-03
   7.66087417E-03
   1.00725833E-02
   1.23193013E-02
   1.43837426E-02
   1.62511952E-02
   1.79096088E-02
   1.93496570E-02
   2.05647480E-02
   2.15510093E-02
   2.23072357E-02
   2.28348076E-02
   2.31375769E-02
   2.32217200E-02
   2.30955761E-02
   2.27694567E-02
   2.22554319E-02
   2.15671156E-02
   2.07194220E-02
   1.97283272E-02
   1.86106227E-02
   1.73836611E-02
   1.60651151E-02
   1.46727394E-02
   1.32241398E-02
   1.17365541E-02
   1.02266548E-02
   8.71036202E-03
   7.20267883E-03
   5.71755134E-03
   4.26774565E-03
   2.86475243E-03
   1.51871552E-03
   2.38382374E-04
  -9.68919252E-04
  -2.09728186E-03
  -3.14219669E-03
  -4.10051038E-03
  -4.97036334E-03
  -5.75110968E-03
  -6.44322159E-03
  -7.04818126E-03
  -7.56836263E-03
  -8.00690334E-03
  -8.36757198E-03
  -8.65463540E-03
  -8.87272134E-03
  -9.02668573E-03
  -9.12148692E-03
  -9.16206278E-03
  -9.15322080E-03
  -9.09953564E-03
  -9.00526438E-03
  -8.87427013E-03
  -8.70996434E-03
  -8.51526391E-03
  -8.29256512E-03
  -8.04373156E-03
  -7.77010014E-03
  -7.47250300E-03
  -7.15130055E-03
  -6.80643227E-03
  -6.43747626E-03
  -6.04372052E-03
  -5.62424352E-03
  -5.17800124E-03
  -4.70391661E-03
  -4.20097541E-03
  -3.66831967E-03
  -3.10533959E-03
  -2.51176278E-03
  -1.88773626E-03
  -1.23390113E-03
  -5.51457284E-04
   1.57783041E-04
   8.91354401E-04
   1.64611137E-03
   2.41821585E-03
   3.20313987E-03
   3.99568491E-03
   4.79001412E-03
   5.57970395E-03
   6.35780627E-03
   7.11692683E-03
   7.84931518E-03
   8.54696799E-03
   9.20173898E-03
   9.80545860E-03
   1.03500606E-02
   1.08277090E-02
   1.12309316E-02
   1.15527501E-02
   1.17868055E-02
   1.19274808E-02
   1.19700190E-02
   1.19106248E-02
   1.17465621E-02
   1.14762336E-02
   1.10992473E-02
   1.06164645E-02
   1.00300368E-02
   9.34341643E-03
   8.56135506E-03
   7.68987788E-03
   6.73624175E-03
   5.70887513E-03
   4.61729616E-03
   3.47201806E-03
   2.28443439E-03
   1.06669287E-03
  -1.68446335E-04
  -1.40776183E-03
  -2.63773184E-03
  -3.84470215E-03
  -5.01505658E-03
  -6.13539293E-03
  -7.19269365E-03
  -8.17449857E-03
  -9.06906836E-03
  -9.86554101E-03
  -1.05540799E-02
  -1.11260070E-02
  -1.15739228E-02
  -1.18918112E-02
  -1.20751234E-02
  -1.21208485E-02
  -1.20275570E-02
  -1.17954314E-02
  -1.14262672E-02
  -1.09234611E-02
  -1.02919713E-02
  -9.53826215E-03
  -8.67022574E-03
  -7.69708725E-03
  -6.62929006E-03
  -5.47836814E-03
  -4.25680261E-03
  -2.97786668E-03
  -1.65546162E-03
  -3.03944689E-04
   1.06204906E-03
   2.42778542E-03
   3.77861201E-03
   5.10013569E-03
   6.37839455E-03
   7.60002527E-03
   8.75241961E-03
   9.82386805E-03
   1.08036948E-02
   1.16823725E-02
   1.24516245E-02
   1.31045105E-02
   1.36354882E-02
   1.40404617E-02
   1.43168103E-02
   1.44633912E-02
   1.44805349E-02
   1.43700093E-02
   1.41349742E-02
   1.37799149E-02
   1.33105628E-02
   1.27337994E-02
   1.20575484E-02
   1.12906573E-02
   1.04427701E-02
   9.52418987E-03
   8.54574237E-03
   7.51863094E-03
   6.45429222E-03
   5.36425598E-03
   4.26000310E-03
   3.15283192E-03
   2.05372949E-03
   9.73253744E-04
  -7.85784796E-05
  -1.09238934E-03
  -2.05952744E-03
  -2.97214231E-03
  -3.82324494E-03
  -4.60675498E-03
  -5.31753479E-03
  -5.95140783E-03
  -6.50516478E-03
  -6.97655790E-03
  -7.36427912E-03
  -7.66793173E-03
  -7.88798742E-03
  -8.02573655E-03
  -8.08322895E-03
  -8.06321017E-03
  -7.96904787E-03
  -7.80466059E-03
  -7.57443858E-03
  -7.28316652E-03
  -6.93594571E-03
  -6.53811917E-03
  -6.09519612E-03
  -5.61278546E-03
  -5.09652868E-03
  -4.55204304E-03
  -3.98486899E-03
  -3.40042240E-03
  -2.80395895E-03
  -2.20054178E-03
  -1.59501727E-03
  -9.91999521E-04
  -3.95859650E-04
   1.89278158E-04
   7.59534421E-04
   1.31126610E-03
   1.84105732E-03
   2.34570378E-03
   2.82219658E-03
   3.26770381E-03
   3.67955305E-03
   4.05521365E-03
   4.39228024E-03
   4.68845898E-03
   4.94155847E-03
   5.14948182E-03
   5.31022577E-03
   5.42188296E-03
   5.48265036E-03
   5.49084228E-03
   5.44490945E-03
   5.34346187E-03
   5.18529769E-03
   4.96943621E-03
   4.69515286E-03
   4.36202018E-03
   3.96994641E-03
   3.51921888E-03
   3.01054586E-03
   2.44509592E-03
   1.82453706E-03
   1.15107116E-03
   4.27463325E-04
  -3.42933694E-04
  -1.15616224E-03
  -2.00765044E-03
  -2.89221201E-03
  -3.80405504E-03
  -4.73680021E-03
  -5.68350963E-03
  -6.63672853E-03
  -7.58853275E-03
  -8.53059161E-03
  -9.45423916E-03
  -1.03505533E-02
  -1.12104472E-02
  -1.20247630E-02
  -1.27843795E-02
  -1.34803206E-02
  -1.41038680E-02
  -1.46466773E-02
  -1.51008964E-02
  -1.54592805E-02
  -1.57153048E-02
  -1.58632770E-02
  -1.58984344E-02
  -1.58170443E-02
  -1.56164858E-02
  -1.52953230E-02
  -1.48533694E-02
  -1.42917298E-02
  -1.36128347E-02
  -1.28204562E-02
  -1.19197024E-02
  -1.09170005E-02
  -9.82005801E-03
  -8.63780733E-03
  -7.38033326E-03
  -6.05878234E-03
  -4.68525710E-03
  -3.27269244E-03
  -1.83472107E-03
  -3.85524356E-04
   1.06032658E-03
   2.48803897E-03
   3.88277369E-03
   5.22982469E-03
   6.51479932E-03
   7.72380037E-03
   8.84360541E-03
   9.86183714E-03
   1.07671311E-02
   1.15492893E-02
   1.21994233E-02
   1.27100823E-02
   1.30753648E-02
   1.32910097E-02
   1.33544710E-02
   1.32649671E-02
   1.30235143E-02
   1.26329269E-02
   1.20978057E-02
   1.14244940E-02
   1.06210150E-02
   9.69698373E-03
   8.66350066E-03
   7.53302127E-03
   6.31920993E-03
   5.03677502E-03
   3.70128825E-03
   2.32899305E-03
   9.36601427E-04
  -4.58915019E-04
  -1.84054044E-03
  -3.19143129E-03
  -4.49513085E-03
  -5.73578011E-03
  -6.89832214E-03
  -7.96869583E-03
  -8.93401727E-03
  -9.78274550E-03
  -1.05048306E-02
  -1.10918451E-02
  -1.15370881E-02
  -1.18356720E-02
  -1.19845821E-02
  -1.19827110E-02
  -1.18308701E-02
  -1.15317712E-02
  -1.10899862E-02
  -1.05118807E-02
  -9.80552100E-03
  -8.98056291E-03
  -8.04811623E-03
  -7.02059036E-03
  -5.91152301E-03
  -4.73539531E-03
  -3.50743206E-03
  -2.24339683E-03
  -9.59376805E-04
   3.28433933E-04
   1.60395110E-03
   2.85141589E-03
   4.05560341E-03
   5.20202331E-03
   6.27710810E-03
   7.26838922E-03
   8.16465449E-03
   8.95609055E-03
   9.63440165E-03
   1.01929074E-02
   1.06266197E-02
   1.09322909E-02
   1.11084441E-02
   1.11553716E-02
   1.10751130E-02
   1.08714094E-02
   1.05496328E-02
   1.01166917E-02
   9.58092045E-03
   8.95194523E-03
   8.24053772E-03
   7.45844841E-03
   6.61823526E-03
   5.73307415E-03
   4.81656939E-03
   3.88255669E-03
   2.94490624E-03
   2.01732572E-03
   1.11316994E-03
   2.45255011E-04
  -5.74316422E-04
  -1.33431866E-03
  -2.02455162E-03
  -2.63597420E-03
  -3.16081895E-03
  -3.59268882E-03
  -3.92663153E-03
  -4.15919395E-03
  -4.28845407E-03
  -4.31403099E-03
  -4.23707254E-03
  -4.06022137E-03
  -3.78756085E-03
  -3.42453993E-03
  -2.97788018E-03
  -2.45546503E-03
  -1.86621503E-03
  -1.21994782E-03
  -5.27229451E-04
   2.00785988E-04
   9.52520582E-04
   1.71614229E-03
   2.47973646E-03
   3.23147513E-03
   3.95978382E-03
   4.65350226E-03
   5.30203758E-03
   5.89550706E-03
   6.42486895E-03
   6.88203936E-03
   7.25999428E-03
   7.55285565E-03
   7.75595894E-03
   7.86590390E-03
   7.88058434E-03
   7.79920304E-03
   7.62226479E-03
   7.35155307E-03
   6.99008815E-03
   6.54206984E-03
   6.01280387E-03
   5.40861348E-03
   4.73674107E-03
   4.00523655E-03
   3.22283758E-03
   2.39884318E-03
   1.54298102E-03
   6.65273168E-04
  -2.24100193E-04
  -1.11493620E-03
  -1.99714117E-03
  -2.86085834E-03
  -3.69658903E-03
  -4.49530547E-03
  -5.24855359E-03
  -5.94854727E-03
  -6.58824807E-03
  -7.16143474E-03
  -7.66275777E-03
  -8.08778126E-03
  -8.43301136E-03
  -8.69590975E-03
  -8.87489505E-03
  -8.96932930E-03
  -8.97949655E-03
  -8.90656281E-03
  -8.75253323E-03
  -8.52019433E-03
  -8.21305159E-03
  -7.83525687E-03
  -7.39153381E-03
  -6.88709831E-03
  -6.32757368E-03
  -5.71890967E-03
  -5.06729679E-03
  -4.37908573E-03
  -3.66070773E-03
  -2.91859917E-03
  -2.15913146E-03
  -1.38854608E-03
  -6.12896925E-04
   1.62001059E-04
   9.30615352E-04
   1.68773183E-03
   2.42848252E-03
   3.14836623E-03
   3.84326093E-03
   4.50942991E-03
   5.14351949E-03
   5.74255316E-03
   6.30391762E-03
   6.82534557E-03
   7.30489520E-03
   7.74092553E-03
   8.13206937E-03
   8.47720634E-03
   8.77543539E-03
   9.02604777E-03
   9.22850054E-03
   9.38239042E-03
   9.48743708E-03
   9.54346266E-03
   9.55037680E-03
   9.50816832E-03
   9.41689871E-03
   9.27670021E-03
   9.08777956E-03
   8.85042548E-03
   8.56501888E-03
   8.23204871E-03
   7.85212964E-03
   7.42602302E-03
   6.95466017E-03
   6.43916661E-03
   5.88088576E-03
   5.28140459E-03
   4.64257738E-03
   3.96654708E-03
   3.25576589E-03
   2.51300959E-03
   1.74139114E-03
   9.44367726E-04
   1.25743041E-04
  -7.10336317E-04
  -1.55939069E-03
  -2.41662259E-03
  -3.27693974E-03
  -4.13498376E-03
  -4.98516671E-03
  -5.82171138E-03
  -6.63869968E-03
  -7.43012596E-03
  -8.18995386E-03
  -8.91218055E-03
  -9.59090050E-03
  -1.02203721E-02
  -1.07950894E-02
  -1.13098510E-02
  -1.17598260E-02
  -1.21406242E-02
  -1.24483602E-02
  -1.26797119E-02
  -1.28319757E-02
  -1.29031148E-02
  -1.28918020E-02
  -1.27974534E-02
  -1.26202507E-02
  -1.23611595E-02
  -1.20219337E-02
  -1.16051119E-02
  -1.11140013E-02
  -1.05526531E-02
  -9.92582645E-03
  -9.23894159E-03
  -8.49802885E-03
  -7.70965917E-03
  -6.88087614E-03
  -6.01911498E-03
  -5.13211731E-03
  -4.22784220E-03
  -3.31437145E-03
  -2.39981338E-03
  -1.49220694E-03
  -5.99424122E-04
   2.70922435E-04
   1.11157203E-03
   1.91570085E-03
   2.67700199E-03
   3.38975806E-03
   4.04890487E-03
   4.65008663E-03
   5.18969912E-03
   5.66492463E-03
   6.07375242E-03
   6.41498948E-03
   6.68825815E-03
   6.89398358E-03
   7.03336764E-03
   7.10835308E-03
   7.12157646E-03
   7.07631325E-03
   6.97641028E-03
   6.82621496E-03
   6.63049472E-03
   6.39435416E-03
   6.12314604E-03
   5.82238147E-03
   5.49763814E-03
   5.15447138E-03
   4.79832524E-03
   4.43444820E-03
   4.06781351E-03
   3.70304612E-03
   3.34435748E-03
   2.99548800E-03
   2.65965913E-03
   2.33953563E-03
   2.03719898E-03
   1.75413128E-03
   1.49121066E-03
   1.24871754E-03
   1.02635322E-03
   8.23267910E-04
   6.38099504E-04
   4.69021499E-04
   3.13800439E-04
   1.69859588E-04
   3.43497959E-05
  -9.57745942E-05
  -2.23676558E-04
  -3.52554023E-04
  -4.85557597E-04
  -6.25708373E-04
  -7.75818073E-04
  -9.38412850E-04
  -1.11566205E-03
  -1.30931358E-03
  -1.52063696E-03
  -1.75037398E-03
  -1.99870160E-03
  -2.26520258E-03
  -2.54884921E-03
  -2.84799794E-03
  -3.16039682E-03
  -3.48320324E-03
  -3.81301576E-03
  -4.14591515E-03
  -4.47751908E-03
  -4.80304472E-03
  -5.11738146E-03
  -5.41517278E-03
  -5.69090340E-03
  -5.93899330E-03
  -6.15389645E-03
  -6.33019861E-03
  -6.46272115E-03
  -6.54661842E-03
  -6.57747732E-03
  -6.55140914E-03
  -6.46513747E-03
  -6.31607743E-03
  -6.10240595E-03
  -5.82312187E-03
  -5.47809526E-03
  -5.06810239E-03
  -4.59484942E-03
  -4.06097947E-03
  -3.47006647E-03
  -2.82659568E-03
  -2.13592686E-03
  -1.40424538E-03
  -6.38498226E-04
   1.53682544E-04
   9.64068633E-04
   1.78393489E-03
   2.60416861E-03
   3.41538689E-03
   4.20805998E-03
   4.97263996E-03
   5.69969090E-03
   6.38002064E-03
   7.00481143E-03
   7.56574748E-03
   8.05513654E-03
   8.46602488E-03
   8.79230537E-03
   9.02881008E-03
   9.17139649E-03
   9.21702012E-03
   9.16378573E-03
   9.01099294E-03
   8.75915680E-03
   8.41001980E-03
   7.96653889E-03
   7.43286312E-03
   6.81428891E-03
   6.11720234E-03
   5.34900557E-03
   4.51802835E-03
   3.63342487E-03
   2.70506227E-03
   1.74339651E-03
   7.59338145E-04
  -2.35884101E-04
  -1.23086921E-03
  -2.21418962E-03
  -3.17453919E-03
  -4.10087872E-03
  -4.98257997E-03
  -5.80956088E-03
  -6.57241745E-03
  -7.26254331E-03
  -7.87223969E-03
  -8.39481410E-03
  -8.82466417E-03
  -9.15734377E-03
  -9.38961934E-03
  -9.51950531E-03
  -9.54628456E-03
  -9.47051030E-03
  -9.29399021E-03
  -9.01975855E-03
  -8.65202397E-03
  -8.19610804E-03
  -7.65836891E-03
  -7.04610720E-03
  -6.36746315E-03
  -5.63130388E-03
  -4.84709907E-03
  -4.02479153E-03
  -3.17466259E-03
  -2.30719289E-03
  -1.43292395E-03
  -5.62318251E-04
   2.94375932E-04
   1.12725666E-03
   1.92689314E-03
   2.68444256E-03
   3.39175807E-03
   4.04148409E-03
   4.62714117E-03
   5.14319539E-03
   5.58511633E-03
   5.94941759E-03
   6.23368286E-03
   6.43657846E-03
   6.55784691E-03
   6.59828959E-03
   6.55973237E-03
   6.44497806E-03
   6.25774637E-03
   6.00260077E-03
   5.68486797E-03
   5.31054474E-03
   4.88619879E-03
   4.41886438E-03
   3.91593156E-03
   3.38503579E-03
   2.83394335E-03
   2.27044011E-03
   1.70222041E-03
   1.13678339E-03
   5.81330911E-04
   4.26761690E-05
  -4.72842541E-04
  -9.59437108E-04
  -1.41193462E-03
  -1.82583183E-03
  -2.19733780E-03
  -2.52340478E-03
  -2.80174660E-03
  -3.03084543E-03
  -3.20994551E-03
  -3.33903660E-03
  -3.41882627E-03
  -3.45070101E-03
  -3.43667879E-03
  -3.37935355E-03
  -3.28183174E-03
  -3.14766332E-03
  -2.98076821E-03
  -2.78535951E-03
  -2.56586378E-03
  -2.32684193E-03
  -2.07291078E-03
  -1.80866546E-03
  -1.53860659E-03
  -1.26707065E-03
  -9.98166855E-04
  -7.35719281E-04
  -4.83217009E-04
  -2.43771763E-04
  -2.00837530E-05
   1.85583835E-04
   3.71421425E-04
   5.36081148E-04
   6.78676064E-04
   7.98771041E-04
   8.96365847E-04
   9.71870671E-04
   1.02607545E-03
   1.06011261E-03
   1.07541552E-03
   1.07367267E-03
   1.05677824E-03
   1.02678163E-03
   9.85835446E-04
   9.36143333E-04
   8.79909436E-04
   8.19289591E-04
   7.56345224E-04
   6.93001843E-04
   6.31010917E-04
   5.71917801E-04
   5.17035078E-04
   4.67421545E-04
   4.23868361E-04
   3.86891101E-04
   3.56728386E-04
   3.33347358E-04
   3.16454942E-04
   3.05515074E-04
   2.99771316E-04
   2.98274303E-04
   2.99913285E-04
   3.03451176E-04
