   0.00000000    
   0.00000000    
   0.00000000    
   0.00000000    
   0.00000000    
   0.00000000    
   0.00000000    
   0.00000000    
   0.00000000    
   0.00000000    
   0.00000000    
   0.00000000    
   0.00000000    
   0.00000000    
   0.00000000    
   0.00000000    
   0.00000000    
   0.00000000    
   0.00000000    
   0.00000000    
   0.00000000    
   0.00000000    
   0.00000000    
   0.00000000    
   0.00000000    
   0.00000000    
   0.00000000    
   0.00000000    
   0.00000000    
   0.00000000    
   0.00000000    
   0.00000000    
   0.00000000    
   0.00000000    
   0.00000000    
   0.00000000    
   0.00000000    
   0.00000000    
   0.00000000    
   0.00000000    
   0.00000000    
   0.00000000    
   0.00000000    
   0.00000000    
   0.00000000    
   0.00000000    
   0.00000000    
   0.00000000    
   0.00000000    
   0.00000000    
   0.00000000    
   0.00000000    
   0.00000000    
   0.00000000    
   0.00000000    
   0.00000000    
   0.00000000    
   0.00000000    
   0.00000000    
   0.00000000    
   0.00000000    
   0.00000000    
   0.00000000    
   0.00000000    
   0.00000000    
   0.00000000    
   0.00000000    
   0.00000000    
   0.00000000    
   0.00000000    
   0.00000000    
   0.00000000    
   0.00000000    
   0.00000000    
   0.00000000    
   0.00000000    
   0.00000000    
   0.00000000    
   0.00000000    
   0.00000000    
   0.00000000    
   0.00000000    
   0.00000000    
   0.00000000    
   0.00000000    
   0.00000000    
   0.00000000    
   0.00000000    
   0.00000000    
   0.00000000    
   0.00000000    
   0.00000000    
   0.00000000    
   0.00000000    
   0.00000000    
   0.00000000    
   0.00000000    
   0.00000000    
   0.00000000    
   0.00000000    
   0.00000000    
   0.00000000    
   0.00000000    
   0.00000000    
   0.00000000    
   0.00000000    
   0.00000000    
   0.00000000    
   0.00000000    
   0.00000000    
   0.00000000    
   0.00000000    
   0.00000000    
   0.00000000    
   1.40129846E-45
   2.80259693E-45
   4.20389539E-45
   5.60519386E-45
   5.60519386E-45
   4.20389539E-45
   0.00000000    
  -9.80908925E-45
  -2.94272678E-44
  -6.44597294E-44
  -1.19110369E-43
  -2.00385680E-43
  -3.11088259E-43
  -4.52619404E-43
  -6.15170026E-43
  -7.70714155E-43
  -8.66002451E-43
  -8.02944020E-43
  -4.25994733E-43
   4.98862253E-43
   2.30233338E-42
   5.41741986E-42
   1.03724112E-41
   1.77488463E-41
   2.80834225E-41
   4.16872280E-41
   5.83528707E-41
   7.69004571E-41
   9.45273905E-41
   1.05946572E-40
   1.02286380E-40
   6.98098869E-41
  -1.14373981E-41
  -1.68817229E-40
  -4.37741818E-40
  -8.61146952E-40
  -1.48692481E-39
  -2.36210857E-39
  -3.52227159E-39
  -4.97425922E-39
  -6.67019610E-39
  -8.47065023E-39
  -1.00952736E-38
  -1.10601727E-38
  -1.06031364E-38
  -7.60089651E-39
  -4.87186634E-40
   1.28131326E-38
   3.49099881E-38
   6.88992054E-38
   1.18190938E-37
   1.86153107E-37
   2.75492588E-37
   3.87284457E-37
   5.19551741E-37
   6.65300458E-37
   8.09933562E-37
   9.28009527E-37
   9.79387720E-37
   9.04923931E-37
   6.22055177E-37
   2.08585406E-38
  -1.03851489E-36
  -2.72572811E-36
  -5.23569589E-36
  -8.77726651E-36
  -1.35522962E-35
  -1.97217474E-35
  -2.73550536E-35
  -3.63588668E-35
  -4.63815633E-35
  -5.66908553E-35
  -6.60235688E-35
  -7.24097231E-35
  -7.29775075E-35
  -6.37520235E-35
  -3.94692289E-35
   6.56283145E-36
   8.25100951E-35
   1.97905081E-34
   3.63308110E-34
   5.89641283E-34
   8.87082496E-34
   1.26339240E-33
   1.72154086E-33
   2.25650063E-33
   2.85109781E-33
   3.47084764E-33
   4.05777711E-33
   4.52334230E-33
   4.74071215E-33
   4.53688730E-33
   3.68541026E-33
   1.90075159E-33
  -1.16413577E-33
  -5.91513386E-33
  -1.28066877E-32
  -2.23209333E-32
  -3.49327416E-32
  -5.10567390E-32
  -7.09721348E-32
  -9.47211643E-32
  -1.21977452E-31
  -1.51881476E-31
  -1.82842222E-31
  -2.12306669E-31
  -2.36502975E-31
  -2.50168355E-31
  -2.46280219E-31
  -2.15817848E-31
  -1.47593472E-31
  -2.82047174E-32
   1.57823999E-31
   4.27626413E-31
   7.99202905E-31
   1.29013176E-30
   1.91564540E-30
   2.68592334E-30
   3.60244481E-30
   4.65325664E-30
   5.80703087E-30
   7.00583649E-30
   8.15663681E-30
   9.12163755E-30
   9.70780862E-30
   9.65613953E-30
   8.63153578E-30
   6.21470209E-30
   1.89791030E-30
  -4.91274749E-30
  -1.48851951E-29
  -2.87348838E-29
  -4.71784707E-29
  -7.08608729E-29
  -1.00247771E-28
  -1.35474125E-28
  -1.76138571E-28
  -2.21032504E-28
  -2.67792855E-28
  -3.12468556E-28
  -3.48993095E-28
  -3.68560471E-28
  -3.58909612E-28
  -3.03534119E-28
  -1.80851093E-28
   3.66131921E-29
   3.82930918E-28
   8.99242498E-28
   1.63380181E-27
   2.64134436E-27
   3.98143877E-27
   5.71538932E-27
   7.90112760E-27
   1.05854117E-26
   1.37924965E-26
   1.75082809E-26
   2.16588002E-26
   2.60817691E-26
   3.04898006E-26
   3.44238931E-26
   3.71958271E-26
   3.78183462E-26
   3.49225087E-26
   2.66622290E-26
   1.06073689E-26
  -1.63716433E-26
  -5.82222489E-26
  -1.19822474E-25
  -2.07074804E-25
  -3.26962433E-25
  -4.87541825E-25
  -6.97836513E-25
  -9.67586021E-25
  -1.30679049E-24
  -1.72497631E-24
  -2.23008927E-24
  -2.82690258E-24
  -3.51480566E-24
  -4.28481397E-24
  -5.11562176E-24
  -5.96849597E-24
  -6.78079591E-24
  -7.45789810E-24
  -7.86330634E-24
  -7.80676552E-24
  -7.03024477E-24
  -5.19175670E-24
  -1.84712649E-24
   3.56994822E-24
   1.17689101E-23
   2.36233612E-23
   4.01904563E-23
   6.27263380E-23
   9.26942739E-23
   1.31761152E-22
   1.81776259E-22
   2.44724848E-22
   3.22646736E-22
   4.17507449E-22
   5.31007292E-22
   6.64309840E-22
   8.17667935E-22
   9.89922340E-22
   1.17784269E-21
   1.37527925E-21
   1.57208796E-21
   1.75279148E-21
   1.89493730E-21
   1.96711446E-21
   1.92659977E-21
   1.71660879E-21
   1.26314821E-21
   4.71489718E-22
  -7.77679124E-22
  -2.63231893E-21
  -5.27314352E-21
  -8.91750299E-21
  -1.38226614E-20
  -2.02879487E-20
  -2.86550648E-20
  -3.93056291E-20
  -5.26547344E-20
  -6.91390126E-20
  -8.91972636E-20
  -1.13241375E-19
  -1.41614600E-19
  -1.74533907E-19
  -2.12012362E-19
  -2.53756988E-19
  -2.99036958E-19
  -3.46516324E-19
  -3.94044985E-19
  -4.38401589E-19
  -4.74981635E-19
  -4.97424699E-19
  -4.97175460E-19
  -4.62975005E-19
  -3.80281811E-19
  -2.30624960E-19
   9.10108054E-21
   3.67384178E-19
   8.78857791E-19
   1.58504008E-18
   2.53499197E-18
   3.78581624E-18
   5.40289437E-18
   7.45972239E-18
   1.00371766E-17
   1.32219866E-17
   1.71041413E-17
   2.17729058E-17
   2.73110421E-17
   3.37867612E-17
   4.12428614E-17
   4.96823900E-17
   5.90501409E-17
   6.92091497E-17
   7.99113183E-17
   9.07612280E-17
   1.01172203E-16
   1.10313627E-16
   1.17048664E-16
   1.19861607E-16
   1.16774464E-16
   1.05252506E-16
   8.20994029E-17
   4.33429836E-17
  -1.58860070E-17
  -1.01478835E-16
  -2.20471916E-16
  -3.81161068E-16
  -5.93196761E-16
  -8.67647294E-16
  -1.21701292E-15
  -1.65516951E-15
  -2.19721426E-15
  -2.85918195E-15
  -3.65758949E-15
  -4.60876386E-15
  -5.72789344E-15
  -7.02774131E-15
  -8.51694170E-15
  -1.01977922E-14
  -1.20634534E-14
  -1.40944402E-14
  -1.62543031E-14
  -1.84843714E-14
  -2.06974364E-14
  -2.27702666E-14
  -2.45348294E-14
  -2.57681297E-14
  -2.61806042E-14
  -2.54030399E-14
  -2.29720553E-14
  -1.83142448E-14
  -1.07292240E-14
   6.28091871E-16
   1.67654485E-14
   3.88707282E-14
   6.83279252E-14
   1.06730387E-13
   1.55889570E-13
   2.17837277E-13
   2.94818748E-13
   3.89273466E-13
   5.03799585E-13
   6.41097960E-13
   8.03889724E-13
   9.94801463E-13
   1.21621083E-12
   1.47004436E-12
   1.75751763E-12
   2.07880870E-12
   2.43265195E-12
   2.81584218E-12
   3.22263397E-12
   3.64402475E-12
   4.06690827E-12
   4.47308336E-12
   4.83810951E-12
   5.12999495E-12
   5.30771390E-12
   5.31954862E-12
   5.10125536E-12
   4.57406899E-12
   3.64256108E-12
   2.19238429E-12
   8.79502634E-14
  -2.82990059E-12
  -6.74614791E-12
  -1.18736479E-11
  -1.84548609E-11
  -2.67630640E-11
  -3.71028416E-11
  -4.98095939E-11
  -6.52477239E-11
  -8.38071557E-11
  -1.05897721E-10
  -1.31940944E-10
  -1.62358543E-10
  -1.97557123E-10
  -2.37908193E-10
  -2.83722656E-10
  -3.35218908E-10
  -3.92483490E-10
  -4.55423199E-10
  -5.23707411E-10
  -5.96699357E-10
  -6.73375300E-10
  -7.52229834E-10
  -8.31166413E-10
  -9.07371844E-10
  -9.77173009E-10
  -1.03587561E-09
  -1.07758369E-09
  -1.09499931E-09
  -1.07920339E-09
  -1.01941622E-09
  -9.02741548E-10
  -7.13893722E-10
  -4.34912772E-10
  -4.48705795E-11
   4.80424922E-10
   1.16872223E-09
   2.05160289E-09
   3.16473292E-09
   4.54807481E-09
   6.24604191E-09
   8.30757330E-09
   1.07861098E-08
   1.37394398E-08
   1.72293770E-08
   2.13212470E-08
   2.60831268E-08
   3.15847899E-08
   3.78963065E-08
   4.50862530E-08
   5.32194200E-08
   6.23540046E-08
   7.25381426E-08
   8.38057588E-08
   9.61715756E-08
   1.09625226E-07
   1.24124341E-07
   1.39586490E-07
   1.55879889E-07
   1.72812705E-07
   1.90120829E-07
   2.07454079E-07
   2.24360548E-07
   2.40269117E-07
   2.54469910E-07
   2.66092542E-07
   2.74082197E-07
   2.77173257E-07
   2.73860564E-07
   2.62368047E-07
   2.40614867E-07
   2.06178896E-07
   1.56257684E-07
   8.76268373E-08
  -3.40401840E-09
  -1.21037715E-07
  -2.70037901E-07
  -4.55779571E-07
  -6.84301085E-07
  -9.62357490E-07
  -1.29747445E-06
  -1.69800273E-06
  -2.17317233E-06
  -2.73314572E-06
  -3.38906943E-06
  -4.15312297E-06
  -5.03856427E-06
  -6.05977175E-06
  -7.23227913E-06
  -8.57280520E-06
  -1.00992756E-05
  -1.18308353E-05
  -1.37878496E-05
  -1.59918964E-05
  -1.84657401E-05
  -2.12332980E-05
  -2.43195846E-05
  -2.77506424E-05
  -3.15534526E-05
  -3.57558274E-05
  -4.03862723E-05
  -4.54738438E-05
  -5.10479695E-05
  -5.71382516E-05
  -6.37742414E-05
  -7.09851884E-05
  -7.87997706E-05
  -8.72457895E-05
  -9.63498678E-05
  -1.06137086E-04
  -1.16630617E-04
  -1.27851366E-04
  -1.39817523E-04
  -1.52544162E-04
  -1.66042810E-04
  -1.80321003E-04
  -1.95381843E-04
  -2.11223523E-04
  -2.27838900E-04
  -2.45215051E-04
  -2.63332797E-04
  -2.82166380E-04
  -3.01683031E-04
  -3.21842555E-04
  -3.42597137E-04
  -3.63890984E-04
  -3.85660096E-04
  -4.07832122E-04
  -4.30326239E-04
  -4.53053101E-04
  -4.75914916E-04
  -4.98805544E-04
  -5.21610607E-04
  -5.44207927E-04
  -5.66467817E-04
  -5.88253548E-04
  -6.09421870E-04
  -6.29823830E-04
  -6.49305410E-04
  -6.67708344E-04
  -6.84871280E-04
  -7.00630655E-04
  -7.14821799E-04
  -7.27280218E-04
  -7.37842871E-04
  -7.46349455E-04
  -7.52643798E-04
  -7.56575377E-04
  -7.58000650E-04
  -7.56784517E-04
  -7.52801949E-04
  -7.45939265E-04
  -7.36095593E-04
  -7.23184319E-04
  -7.07134313E-04
  -6.87891210E-04
  -6.65418454E-04
  -6.39698352E-04
  -6.10732997E-04
  -5.78544918E-04
  -5.43177768E-04
  -5.04696683E-04
  -4.63188480E-04
  -4.18761658E-04
  -3.71546339E-04
  -3.21693806E-04
  -2.69375974E-04
  -2.14784523E-04
  -1.58130017E-04
  -9.96406234E-05
  -3.95607240E-05
   2.18506575E-05
   8.43215821E-05
   1.47569182E-04
   2.11301682E-04
   2.75220606E-04
   3.39023070E-04
   4.02404112E-04
   4.65059245E-04
   5.26686781E-04
   5.86990500E-04
   6.45681750E-04
   7.02482299E-04
   7.57126254E-04
   8.09362507E-04
   8.58956773E-04
   9.05693450E-04
   9.49377485E-04
   9.89835709E-04
   1.02691841E-03
   1.06050028E-03
   1.09048118E-03
   1.11678685E-03
   1.13936909E-03
   1.15820568E-03
   1.17330032E-03
   1.18468201E-03
   1.19240407E-03
   1.19654334E-03
   1.19719864E-03
   1.19448930E-03
   1.18855340E-03
   1.17954588E-03
   1.16763625E-03
   1.15300657E-03
   1.13584893E-03
   1.11636310E-03
   1.09475409E-03
   1.07122969E-03
   1.04599807E-03
   1.01926539E-03
   9.91233392E-04
   9.62097314E-04
   9.32043942E-04
   9.01249645E-04
   8.69878801E-04
   8.38082284E-04
   8.05996417E-04
   7.73741864E-04
   7.41423049E-04
   7.09127693E-04
   6.76926633E-04
   6.44873944E-04
   6.13007403E-04
   5.81348955E-04
   5.49905642E-04
   5.18670655E-04
   4.87624668E-04
   4.56737180E-04
   4.25968174E-04
   3.95269832E-04
   3.64588341E-04
   3.33865784E-04
   3.03042005E-04
   2.72056583E-04
   2.40850641E-04
   2.09368736E-04
   1.77560505E-04
   1.45382379E-04
   1.12798982E-04
   7.97844696E-05
   4.63236538E-05
   1.24129219E-05
  -2.19390131E-05
  -5.67106581E-05
  -9.18674195E-05
  -1.27361607E-04
  -1.63132587E-04
  -1.99107191E-04
  -2.35200336E-04
  -2.71315861E-04
  -3.07347480E-04
  -3.43180029E-04
  -3.78690747E-04
  -4.13750706E-04
  -4.48226376E-04
  -4.81981231E-04
  -5.14877436E-04
  -5.46777563E-04
  -5.77546190E-04
  -6.07051712E-04
  -6.35167817E-04
  -6.61774946E-04
  -6.86761923E-04
  -7.10027060E-04
  -7.31479493E-04
  -7.51040003E-04
  -7.68642058E-04
  -7.84232223E-04
  -7.97770917E-04
  -8.09232588E-04
  -8.18605826E-04
  -8.25893309E-04
  -8.31111625E-04
  -8.34290753E-04
  -8.35473591E-04
  -8.34715203E-04
  -8.32081947E-04
  -8.27650656E-04
  -8.21507478E-04
  -8.13746767E-04
  -8.04469921E-04
  -7.93784100E-04
  -7.81801064E-04
  -7.68635888E-04
  -7.54405686E-04
  -7.39228504E-04
  -7.23222154E-04
  -7.06503051E-04
  -6.89185341E-04
  -6.71379908E-04
  -6.53193565E-04
  -6.34728407E-04
  -6.16081001E-04
  -5.97342150E-04
  -5.78596315E-04
  -5.59921376E-04
  -5.41388581E-04
  -5.23062190E-04
  -5.04999771E-04
  -4.87252197E-04
  -4.69863735E-04
  -4.52872424E-04
  -4.36310307E-04
  -4.20203869E-04
  -4.04574297E-04
  -3.89438006E-04
  -3.74807045E-04
  -3.60689592E-04
  -3.47090303E-04
  -3.34010809E-04
  -3.21450178E-04
  -3.09405266E-04
  -2.97871069E-04
  -2.86841154E-04
  -2.76307866E-04
  -2.66262708E-04
  -2.56696483E-04
  -2.47599557E-04
  -2.38961991E-04
  -2.30773701E-04
  -2.23024530E-04
  -2.15704320E-04
  -2.08802958E-04
  -2.02310417E-04
  -1.96216730E-04
  -1.90511986E-04
  -1.85186320E-04
  -1.80229865E-04
  -1.75632755E-04
  -1.71385065E-04
  -1.67476814E-04
  -1.63897916E-04
  -1.60638228E-04
  -1.57687507E-04
  -1.55035465E-04
  -1.52671812E-04
  -1.50586289E-04
  -1.48768755E-04
  -1.47209270E-04
  -1.45898186E-04
  -1.44826321E-04
  -1.43985017E-04
  -1.43366327E-04
  -1.42963181E-04
  -1.42769524E-04
  -1.42780511E-04
  -1.42992692E-04
  -1.43404191E-04
  -1.44014877E-04
  -1.44826583E-04
  -1.45843296E-04
  -1.47071332E-04
  -1.48519539E-04
  -1.50199456E-04
  -1.52125504E-04
  -1.54315174E-04
  -1.56789174E-04
  -1.59571558E-04
  -1.62689903E-04
  -1.66175436E-04
  -1.70063140E-04
  -1.74391869E-04
  -1.79204450E-04
  -1.84547738E-04
  -1.90472696E-04
  -1.97034402E-04
  -2.04292126E-04
  -2.12309285E-04
  -2.21153416E-04
  -2.30896170E-04
  -2.41613190E-04
  -2.53384031E-04
  -2.66291987E-04
  -2.80424021E-04
  -2.95870443E-04
  -3.12724762E-04
  -3.31083371E-04
  -3.51045310E-04
  -3.72711860E-04
  -3.96186166E-04
  -4.21572884E-04
  -4.48977749E-04
  -4.78507020E-04
  -5.10267040E-04
  -5.44363749E-04
  -5.80902037E-04
  -6.19985221E-04
  -6.61714410E-04
  -7.06187973E-04
  -7.53500906E-04
  -8.03744129E-04
  -8.57004023E-04
  -9.13361670E-04
  -9.72892332E-04
  -1.03566481E-03
  -1.10174110E-03
  -1.17117562E-03
  -1.24401483E-03
  -1.32029678E-03
  -1.40005071E-03
  -1.48329651E-03
  -1.57004490E-03
  -1.66029646E-03
  -1.75404199E-03
  -1.85126218E-03
  -1.95192732E-03
  -2.05599749E-03
  -2.16342229E-03
  -2.27414118E-03
  -2.38808314E-03
  -2.50516715E-03
  -2.62530195E-03
  -2.74838670E-03
  -2.87431059E-03
  -3.00295348E-03
  -3.13418591E-03
  -3.26786912E-03
  -3.40385549E-03
  -3.54198855E-03
  -3.68210347E-03
  -3.82402679E-03
  -3.96757666E-03
  -4.11256310E-03
  -4.25878773E-03
  -4.40604426E-03
  -4.55411803E-03
  -4.70278645E-03
  -4.85181808E-03
  -5.00097359E-03
  -5.15000429E-03
  -5.29865362E-03
  -5.44665614E-03
  -5.59373619E-03
  -5.73960925E-03
  -5.88398101E-03
  -6.02654740E-03
  -6.16699364E-03
  -6.30499469E-03
  -6.44021528E-03
  -6.57230895E-03
  -6.70091761E-03
  -6.82567200E-03
  -6.94619212E-03
  -7.06208637E-03
  -7.17295147E-03
  -7.27837253E-03
  -7.37792393E-03
  -7.47116841E-03
  -7.55765801E-03
  -7.63693452E-03
  -7.70852901E-03
  -7.77196279E-03
  -7.82674830E-03
  -7.87238870E-03
  -7.90837966E-03
  -7.93420989E-03
  -7.94935971E-03
  -7.95330573E-03
  -7.94551894E-03
  -7.92546570E-03
  -7.89261144E-03
  -7.84641784E-03
  -7.78634660E-03
  -7.71186035E-03
  -7.62242358E-03
  -7.51750311E-03
  -7.39657041E-03
  -7.25910254E-03
  -7.10458402E-03
  -6.93250773E-03
  -6.74237590E-03
  -6.53370330E-03
  -6.30601728E-03
  -6.05885964E-03
  -5.79178846E-03
  -5.50437998E-03
  -5.19623049E-03
  -4.86695766E-03
  -4.51620249E-03
  -4.14363062E-03
  -3.74893565E-03
  -3.33183981E-03
  -2.89209676E-03
  -2.42949347E-03
  -1.94385194E-03
  -1.43503211E-03
  -9.02933592E-04
  -3.47497989E-04
   2.31288723E-04
   8.33393889E-04
   1.45873590E-03
   2.10718182E-03
   2.77854502E-03
   3.47258290E-03
   4.18899441E-03
   4.92741819E-03
   5.68742957E-03
   6.46853959E-03
   7.27019180E-03
   8.09175987E-03
   8.93254858E-03
   9.79178771E-03
   1.06686335E-02
   1.15621667E-02
   1.24713909E-02
   1.33952312E-02
   1.43325329E-02
   1.52820628E-02
   1.62425060E-02
   1.72124654E-02
   1.81904677E-02
   1.91749558E-02
   2.01642923E-02
   2.11567637E-02
   2.21505780E-02
   2.31438652E-02
   2.41346825E-02
   2.51210164E-02
   2.61007808E-02
   2.70718262E-02
   2.80319378E-02
   2.89788395E-02
   2.99102012E-02
   3.08236387E-02
   3.17167230E-02
   3.25869843E-02
   3.34319100E-02
   3.42489593E-02
   3.50355692E-02
   3.57891545E-02
   3.65071148E-02
   3.71868461E-02
   3.78257483E-02
   3.84212285E-02
   3.89707126E-02
   3.94716449E-02
   3.99215110E-02
   4.03178297E-02
   4.06581722E-02
   4.09401692E-02
   4.11615148E-02
   4.13199849E-02
   4.14134376E-02
   4.14398201E-02
   4.13971879E-02
   4.12837081E-02
   4.10976671E-02
   4.08374816E-02
   4.05017063E-02
   4.00890447E-02
   3.95983532E-02
   3.90286557E-02
   3.83791514E-02
   3.76492105E-02
   3.68384011E-02
   3.59464772E-02
   3.49733979E-02
   3.39193344E-02
   3.27846669E-02
   3.15699950E-02
   3.02761439E-02
   2.89041679E-02
   2.74553522E-02
   2.59312205E-02
   2.43335329E-02
   2.26642899E-02
   2.09257342E-02
   1.91203505E-02
   1.72508620E-02
   1.53202368E-02
   1.33316778E-02
   1.12886261E-02
   9.19475406E-03
   7.05396198E-03
   4.87037143E-03
   2.64832121E-03
   3.92358750E-04
  -1.89276692E-03
  -4.20211582E-03
  -6.53056521E-03
  -8.87282100E-03
  -1.12234298E-02
  -1.35767907E-02
  -1.59271695E-02
  -1.82687119E-02
  -2.05954593E-02
  -2.29013674E-02
  -2.51803156E-02
  -2.74261329E-02
  -2.96326112E-02
  -3.17935236E-02
  -3.39026488E-02
  -3.59537825E-02
  -3.79407667E-02
  -3.98575068E-02
  -4.16979901E-02
  -4.34563085E-02
  -4.51266877E-02
  -4.67034988E-02
  -4.81812842E-02
  -4.95547801E-02
  -5.08189388E-02
  -5.19689471E-02
  -5.30002564E-02
  -5.39085902E-02
  -5.46899736E-02
  -5.53407520E-02
  -5.58576100E-02
  -5.62375896E-02
  -5.64781092E-02
  -5.65769710E-02
  -5.65323941E-02
  -5.63430116E-02
  -5.60078956E-02
  -5.55265658E-02
  -5.48989959E-02
  -5.41256294E-02
  -5.32073788E-02
  -5.21456450E-02
  -5.09423092E-02
  -4.95997369E-02
  -4.81207892E-02
  -4.65088077E-02
  -4.47676219E-02
  -4.29015383E-02
  -4.09153402E-02
  -3.88142690E-02
  -3.66040245E-02
  -3.42907459E-02
  -3.18809971E-02
  -2.93817557E-02
  -2.68003903E-02
  -2.41446383E-02
  -2.14225911E-02
  -1.86426621E-02
  -1.58135686E-02
  -1.29442979E-02
  -1.00440858E-02
  -7.12238066E-03
  -4.18881513E-03
  -1.25317229E-03
   1.67464837E-03
   4.58466448E-03
   7.46684894E-03
   1.03111640E-02
   1.31075997E-02
   1.58462133E-02
   1.85171627E-02
   2.11107489E-02
   2.36174539E-02
   2.60279775E-02
   2.83332728E-02
   3.05245891E-02
   3.25935036E-02
   3.45319621E-02
   3.63323130E-02
   3.79873328E-02
   3.94902751E-02
   4.08348888E-02
   4.20154519E-02
   4.30268012E-02
   4.38643545E-02
   4.45241407E-02
   4.50028181E-02
   4.52976935E-02
   4.54067439E-02
   4.53286320E-02
   4.50627096E-02
   4.46090400E-02
   4.39684018E-02
   4.31422852E-02
   4.21329066E-02
   4.09432016E-02
   3.95768210E-02
   3.80381197E-02
   3.63321565E-02
   3.44646797E-02
   3.24421041E-02
   3.02714985E-02
   2.79605649E-02
   2.55176127E-02
   2.29515303E-02
   2.02717595E-02
   1.74882598E-02
   1.46114780E-02
   1.16523094E-02
   8.62205587E-03
   5.53238671E-03
   2.39529693E-03
  -7.76941422E-04
  -3.97182396E-03
  -7.17666373E-03
  -1.03786420E-02
  -1.35648567E-02
  -1.67223774E-02
  -1.98382996E-02
  -2.28997935E-02
  -2.58941613E-02
  -2.88088918E-02
  -3.16317156E-02
  -3.43506560E-02
  -3.69540825E-02
  -3.94307636E-02
  -4.17699218E-02
  -4.39612791E-02
  -4.59951088E-02
  -4.78622839E-02
  -4.95543182E-02
  -5.10634072E-02
  -5.23824766E-02
  -5.35052121E-02
  -5.44261001E-02
  -5.51404543E-02
  -5.56444488E-02
  -5.59351444E-02
  -5.60104996E-02
  -5.58693968E-02
  -5.55116571E-02
  -5.49380407E-02
  -5.41502647E-02
  -5.31509966E-02
  -5.19438498E-02
  -5.05333766E-02
  -4.89250608E-02
  -4.71252911E-02
  -4.51413542E-02
  -4.29813974E-02
  -4.06544022E-02
  -3.81701514E-02
  -3.55391875E-02
  -3.27727757E-02
  -2.98828539E-02
  -2.68819798E-02
  -2.37832833E-02
  -2.06004065E-02
  -1.73474420E-02
  -1.40388710E-02
  -1.06895007E-02
  -7.31439330E-03
  -3.92879499E-03
  -5.48067503E-04
   2.81238556E-03
   6.13719411E-03
   9.41109471E-03
   1.26190046E-02
   1.57460980E-02
   1.87778790E-02
   2.17002537E-02
   2.44996045E-02
   2.71628555E-02
   2.96775475E-02
   3.20318937E-02
   3.42148542E-02
   3.62161845E-02
   3.80265005E-02
   3.96373197E-02
   4.10411209E-02
   4.22313772E-02
   4.32026051E-02
   4.39503938E-02
   4.44714241E-02
   4.47635129E-02
   4.48256060E-02
   4.46578115E-02
   4.42613885E-02
   4.36387621E-02
   4.27935086E-02
   4.17303443E-02
   4.04551066E-02
   3.89747359E-02
   3.72972414E-02
   3.54316644E-02
   3.33880447E-02
   3.11773624E-02
   2.88114958E-02
   2.63031591E-02
   2.36658435E-02
   2.09137499E-02
   1.80617198E-02
   1.51251564E-02
   1.21199517E-02
   9.06240381E-03
   5.96913323E-03
   2.85699568E-03
  -2.57005217E-04
  -3.35580716E-03
  -6.42237999E-03
  -9.43981670E-03
  -1.23914247E-02
  -1.52608156E-02
  -1.80319976E-02
  -2.06894577E-02
  -2.32182536E-02
  -2.56040953E-02
  -2.78334282E-02
  -2.98935045E-02
  -3.17724645E-02
  -3.34594026E-02
  -3.49444300E-02
  -3.62187363E-02
  -3.72746438E-02
  -3.81056592E-02
  -3.87065113E-02
  -3.90731804E-02
  -3.92029472E-02
  -3.90943922E-02
  -3.87474261E-02
  -3.81632894E-02
  -3.73445563E-02
  -3.62951308E-02
  -3.50202210E-02
  -3.35263312E-02
  -3.18212248E-02
  -2.99138855E-02
  -2.78144777E-02
  -2.55342945E-02
  -2.30856985E-02
  -2.04820633E-02
  -1.77376978E-02
  -1.48677705E-02
  -1.18882321E-02
  -8.81572627E-03
  -5.66749927E-03
  -2.46130442E-03
   7.84694217E-04
   4.05202480E-03
   7.32201291E-03
   1.05758850E-02
   1.37948766E-02
   1.69603415E-02
   2.00538579E-02
   2.30573341E-02
   2.59531215E-02
   2.87241079E-02
   3.13538313E-02
   3.38265710E-02
   3.61274444E-02
   3.82425003E-02
   4.01588045E-02
   4.18645144E-02
   4.33489643E-02
   4.46027294E-02
   4.56176810E-02
   4.63870503E-02
   4.69054729E-02
   4.71690297E-02
   4.71752696E-02
   4.69232388E-02
   4.64134924E-02
   4.56481017E-02
   4.46306467E-02
   4.33662049E-02
   4.18613218E-02
   4.01239917E-02
   3.81636135E-02
   3.59909348E-02
   3.36180069E-02
   3.10581122E-02
   2.83256937E-02
   2.54362766E-02
   2.24063769E-02
   1.92534141E-02
   1.59956086E-02
   1.26518775E-02
   9.24172252E-03
   5.78511972E-03
   2.30240147E-03
  -1.18586537E-03
  -4.65899939E-03
  -8.09633080E-03
  -1.14773232E-02
  -1.47817023E-02
  -1.79895740E-02
  -2.10815519E-02
  -2.40388736E-02
  -2.68435180E-02
  -2.94783227E-02
  -3.19270864E-02
  -3.41746770E-02
  -3.62071283E-02
  -3.80117297E-02
  -3.95771116E-02
  -4.08933237E-02
  -4.19519022E-02
  -4.27459255E-02
  -4.32700776E-02
  -4.35206741E-02
  -4.34956998E-02
  -4.31948341E-02
  -4.26194556E-02
  -4.17726412E-02
  -4.06591669E-02
  -3.92854773E-02
  -3.76596525E-02
  -3.57913710E-02
  -3.36918607E-02
  -3.13738249E-02
  -2.88513843E-02
  -2.61399820E-02
  -2.32563019E-02
  -2.02181675E-02
  -1.70444362E-02
  -1.37548782E-02
  -1.03700645E-02
  -6.91123679E-03
  -3.40017490E-03
   1.40938908E-04
   3.68965883E-03
   7.22341891E-03
   1.07196737E-02
   1.41560454E-02
   1.75104663E-02
   2.07613241E-02
   2.38876007E-02
   2.68690083E-02
   2.96861269E-02
   3.23205292E-02
   3.47549096E-02
   3.69731896E-02
   3.89606394E-02
   4.07039709E-02
   4.21914309E-02
   4.34128828E-02
   4.43598814E-02
   4.50257324E-02
   4.54055443E-02
   4.54962589E-02
   4.52966914E-02
   4.48075309E-02
   4.40313518E-02
   4.29725982E-02
   4.16375697E-02
   4.00343761E-02
   3.81728932E-02
   3.60647105E-02
   3.37230526E-02
   3.11626978E-02
   2.83998959E-02
   2.54522525E-02
   2.23386250E-02
   1.90790035E-02
   1.56943742E-02
   1.22065935E-02
   8.63823760E-03
   5.01245912E-03
   1.35283521E-03
  -2.31678900E-03
  -5.97245805E-03
  -9.59026441E-03
  -1.31465085E-02
  -1.66178588E-02
  -1.99815091E-02
  -2.32153311E-02
  -2.62980275E-02
  -2.92092711E-02
  -3.19298506E-02
  -3.44418027E-02
  -3.67285386E-02
  -3.87749523E-02
  -4.05675359E-02
  -4.20944691E-02
  -4.33457159E-02
  -4.43130806E-02
  -4.49902862E-02
  -4.53730151E-02
  -4.54589464E-02
  -4.52477746E-02
  -4.47412245E-02
  -4.39430438E-02
  -4.28589769E-02
  -4.14967388E-02
  -3.98659669E-02
  -3.79781611E-02
  -3.58466059E-02
  -3.34862918E-02
  -3.09138112E-02
  -2.81472448E-02
  -2.52060443E-02
  -2.21109055E-02
  -1.88836157E-02
  -1.55469161E-02
  -1.21243382E-02
  -8.64004157E-03
  -5.11864759E-03
  -1.58506492E-03
   1.93568389E-03
   5.41864056E-03
   8.83908756E-03
   1.21727251E-02
   1.53958434E-02
   1.84854958E-02
   2.14196648E-02
   2.41774172E-02
   2.67390646E-02
   2.90863011E-02
   3.12023405E-02
   3.30720469E-02
   3.46820354E-02
   3.60207856E-02
   3.70787233E-02
   3.78482975E-02
   3.83240357E-02
   3.85025926E-02
   3.83827798E-02
   3.79655808E-02
   3.72541435E-02
   3.62537727E-02
   3.49718928E-02
   3.34179923E-02
   3.16035673E-02
   2.95420457E-02
   2.72486880E-02
   2.47404873E-02
   2.20360402E-02
   1.91554278E-02
   1.61200613E-02
   1.29525363E-02
   9.67646949E-03
   6.31632842E-03
   2.89725326E-03
  -5.55124367E-04
  -4.01486643E-03
  -7.45592080E-03
  -1.08523089E-02
  -1.41783189E-02
  -1.74086951E-02
  -2.05188245E-02
  -2.34849192E-02
  -2.62841955E-02
  -2.88950410E-02
  -3.12971845E-02
  -3.34718451E-02
  -3.54018696E-02
  -3.70718800E-02
  -3.84683795E-02
  -3.95798609E-02
  -4.03968990E-02
  -4.09122333E-02
  -4.11208235E-02
  -4.10198867E-02
  -4.06089388E-02
  -3.98898013E-02
  -3.88665907E-02
  -3.75456996E-02
  -3.59357595E-02
  -3.40475738E-02
  -3.18940580E-02
  -2.94901356E-02
  -2.68526450E-02
  -2.40002144E-02
  -2.09531300E-02
  -1.77331883E-02
  -1.43635347E-02
  -1.08685000E-02
  -7.27341464E-03
  -3.60442512E-03
   1.11700967E-04
   3.84777645E-03
   7.57639762E-03
   1.12701515E-02
   1.49018224E-02
   1.84445996E-02
   2.18722802E-02
   2.51594726E-02
   2.82817893E-02
   3.12160347E-02
   3.39403860E-02
   3.64345647E-02
   3.86799872E-02
   4.06599231E-02
   4.23596203E-02
   4.37664203E-02
   4.48698588E-02
   4.56617624E-02
   4.61363010E-02
   4.62900437E-02
   4.61219959E-02
   4.56335954E-02
   4.48287241E-02
   4.37136665E-02
   4.22970727E-02
   4.05898951E-02
   3.86053063E-02
   3.63585986E-02
   3.38670686E-02
   3.11498884E-02
   2.82279551E-02
   2.51237340E-02
   2.18610838E-02
   1.84650719E-02
   1.49617828E-02
   1.13781132E-02
   7.74156349E-03
   4.08002548E-03
   4.21563862E-04
  -3.20580415E-03
  -6.77432632E-03
  -1.02567337E-02
  -1.36264544E-02
  -1.68578215E-02
  -1.99262779E-02
  -2.28085648E-02
  -2.54829098E-02
  -2.79291943E-02
  -3.01291216E-02
  -3.20663489E-02
  -3.37266289E-02
  -3.50979157E-02
  -3.61704603E-02
  -3.69368978E-02
  -3.73922922E-02
  -3.75341885E-02
  -3.73626277E-02
  -3.68801430E-02
  -3.60917486E-02
  -3.50048952E-02
  -3.36294062E-02
  -3.19774114E-02
  -3.00632417E-02
  -2.79033147E-02
  -2.55160034E-02
  -2.29214896E-02
  -2.01416016E-02
  -1.71996392E-02
  -1.41201839E-02
  -1.09288972E-02
  -7.65231997E-03
  -4.31764871E-03
  -9.52520175E-04
   2.41521606E-03
   5.75772533E-03
   9.04741418E-03
   1.22571560E-02
   1.53605146E-02
   1.83319636E-02
   2.11470891E-02
   2.37828009E-02
   2.62175165E-02
   2.84313411E-02
   3.04062348E-02
   3.21261585E-02
   3.35772112E-02
   3.47477458E-02
   3.56284641E-02
   3.62125002E-02
   3.64954732E-02
   3.64755243E-02
   3.61533388E-02
   3.55321355E-02
   3.46176475E-02
   3.34180705E-02
   3.19439918E-02
   3.02083064E-02
   2.82261111E-02
   2.60145757E-02
   2.35927999E-02
   2.09816489E-02
   1.82035826E-02
   1.52824661E-02
   1.22433640E-02
   9.11233015E-03
   5.91618847E-03
   2.68230378E-03
  -5.61651308E-04
  -3.78793059E-03
  -6.96895178E-03
  -1.00775305E-02
  -1.30871153E-02
  -1.59720127E-02
  -1.87076069E-02
  -2.12705731E-02
  -2.36390736E-02
  -2.57929508E-02
  -2.77138986E-02
  -2.93856189E-02
  -3.07939649E-02
  -3.19270603E-02
  -3.27754058E-02
  -3.33319567E-02
  -3.35921906E-02
  -3.35541479E-02
  -3.32184397E-02
  -3.25882547E-02
  -3.16693261E-02
  -3.04698851E-02
  -2.90005915E-02
  -2.72744447E-02
  -2.53066700E-02
  -2.31145844E-02
  -2.07174551E-02
  -1.81363299E-02
  -1.53938551E-02
  -1.25140836E-02
  -9.52226482E-03
  -6.44462835E-03
  -3.30815441E-03
  -1.40343560E-04
   3.03102238E-03
   6.17812248E-03
   9.27333627E-03
   1.22894859E-02
   1.52000692E-02
   1.79794952E-02
   2.06033047E-02
   2.30483841E-02
   2.52931695E-02
   2.73178350E-02
   2.91044675E-02
   3.06372251E-02
   3.19024809E-02
   3.28889340E-02
   3.35877277E-02
   3.39925140E-02
   3.40995267E-02
   3.39076035E-02
   3.34182121E-02
   3.26354355E-02
   3.15659419E-02
   3.02189291E-02
   2.86060460E-02
   2.67412998E-02
   2.46409308E-02
   2.23232768E-02
   1.98086146E-02
   1.71189830E-02
   1.42779946E-02
   1.13106277E-02
   8.24301131E-03
   5.10219298E-03
   1.91590516E-03
  -1.28768105E-03
  -4.48020361E-03
  -7.63335871E-03
  -1.07191540E-02
  -1.37101552E-02
  -1.65797286E-02
  -1.93022825E-02
  -2.18534935E-02
  -2.42105238E-02
  -2.63522267E-02
  -2.82593407E-02
  -2.99146604E-02
  -3.13031934E-02
  -3.24122943E-02
  -3.32317874E-02
  -3.37540545E-02
  -3.39741148E-02
  -3.38896625E-02
  -3.35010961E-02
  -3.28115225E-02
  -3.18267271E-02
  -3.05551328E-02
  -2.90077198E-02
  -2.71979365E-02
  -2.51415819E-02
  -2.28566658E-02
  -2.03632526E-02
  -1.76832862E-02
  -1.48403905E-02
  -1.18596675E-02
  -8.76747165E-03
  -5.59117598E-03
  -2.35893135E-03
   9.00586601E-04
   4.15842980E-03
   7.38563715E-03
   1.05534904E-02
   1.36337718E-02
   1.65990144E-02
   1.94227472E-02
   2.20797285E-02
   2.45461762E-02
   2.67999768E-02
   2.88208816E-02
   3.05906907E-02
   3.20934094E-02
   3.33153978E-02
   3.42454910E-02
   3.48750986E-02
   3.51982750E-02
   3.52117866E-02
   3.49151306E-02
   3.43105420E-02
   3.34029756E-02
   3.22000645E-02
   3.07120495E-02
   2.89516896E-02
   2.69341525E-02
   2.46768780E-02
   2.21994221E-02
   1.95232853E-02
   1.66717246E-02
   1.36695448E-02
   1.05428798E-02
   7.31895864E-03
   4.02586767E-03
   6.92297705E-04
  -2.65270774E-03
  -5.98001201E-03
  -9.26064514E-03
  -1.24660572E-02
  -1.55683756E-02
  -1.85406525E-02
  -2.13571023E-02
  -2.39933319E-02
  -2.64265612E-02
  -2.86358185E-02
  -3.06021310E-02
  -3.23086940E-02
  -3.37410159E-02
  -3.48870456E-02
  -3.57372910E-02
  -3.62848826E-02
  -3.65256444E-02
  -3.64581272E-02
  -3.60836238E-02
  -3.54061387E-02
  -3.44323665E-02
  -3.31716165E-02
  -3.16357352E-02
  -2.98389830E-02
  -2.77979150E-02
  -2.55312193E-02
  -2.30595488E-02
  -2.04053279E-02
  -1.75925530E-02
  -1.46465627E-02
  -1.15938131E-02
  -8.46163370E-03
  -5.27797639E-03
  -2.07116292E-03
   1.13037415E-03
   4.29834984E-03
   7.40488060E-03
   1.04227411E-02
   1.33256037E-02
   1.60882790E-02
   1.86869390E-02
   2.10993327E-02
   2.33049747E-02
   2.52853353E-02
   2.70239953E-02
   2.85067912E-02
   2.97219306E-02
   3.06600966E-02
   3.13145183E-02
   3.16810198E-02
   3.17580551E-02
   3.15467045E-02
   3.10506485E-02
   3.02761346E-02
   2.92318985E-02
   2.79290751E-02
   2.63810828E-02
   2.46034954E-02
   2.26138830E-02
   2.04316415E-02
   1.80778075E-02
   1.55748557E-02
