   0.00000000    
   0.00000000    
   0.00000000    
   0.00000000    
   0.00000000    
   0.00000000    
   0.00000000    
   0.00000000    
   5.64723281E-43
  -4.52787560E-41
   2.85730642E-39
   3.50654398E-38
   1.42031610E-37
  -2.05958857E-37
  -5.69251291E-36
  -3.70358666E-35
  -1.53588381E-34
  -4.56687820E-34
  -9.38664933E-34
  -8.42217458E-34
   2.95411961E-33
   1.84800025E-32
   5.93687066E-32
   1.33376303E-31
   1.93235414E-31
   1.95859271E-33
  -1.15402221E-30
  -4.95228698E-30
  -1.46463406E-29
  -3.53825048E-29
  -7.31001215E-29
  -1.29728185E-28
  -1.90832502E-28
  -2.00379264E-28
  -1.70182272E-29
   6.50632965E-28
   2.32264936E-27
   5.81347308E-27
   1.22242556E-26
   2.27542445E-26
   3.81686651E-26
   5.77155722E-26
   7.72823055E-26
   8.66764371E-26
   6.61756000E-26
  -1.70065777E-26
  -2.10881502E-25
  -5.76885253E-25
  -1.18015968E-24
  -2.06659173E-24
  -3.22038285E-24
  -4.49617820E-24
  -5.52217109E-24
  -5.57621398E-24
  -3.44695218E-24
   2.69285637E-24
   1.53532117E-23
   3.76615954E-23
   7.30669350E-23
   1.24691166E-22
   1.94193473E-22
   2.80018813E-22
   3.74936526E-22
   4.62849306E-22
   5.14972286E-22
   4.85651248E-22
   3.08302240E-22
  -1.07803674E-22
  -8.78940793E-22
  -2.14533715E-21
  -4.06529140E-21
  -6.80371079E-21
  -1.05140028E-20
  -1.53126948E-20
  -2.12468643E-20
  -2.82554331E-20
  -3.61265316E-20
  -4.44544536E-20
  -5.26008837E-20
  -5.96661984E-20
  -6.44772553E-20
  -6.55978977E-20
  -6.13677929E-20
  -4.99730989E-20
  -2.95495895E-20
   1.68525751E-21
   4.52803159E-20
   1.02394174E-19
   1.73656979E-19
   2.59082248E-19
   3.58070254E-19
   4.69556209E-19
   5.92369834E-19
   7.25888417E-19
   8.71087876E-19
   1.03211740E-18
   1.21855822E-18
   1.44855848E-18
   1.75308833E-18
   2.18160449E-18
   2.80947676E-18
   3.74759429E-18
   5.15463720E-18
   7.25257072E-18
   1.03459797E-17
   1.48459365E-17
   2.12991034E-17
   3.04228294E-17
   4.31469220E-17
   6.06627791E-17
   8.44802339E-17
   1.16492468E-16
   1.59048462E-16
   2.15032244E-16
   2.87946733E-16
   3.81998889E-16
   5.02180000E-16
   6.54333375E-16
   8.45196262E-16
   1.08239852E-15
   1.37439333E-15
   1.73028460E-15
   2.15950796E-15
   2.67130136E-15
   3.27388949E-15
   3.97327740E-15
   4.77152590E-15
   5.66433844E-15
   6.63776946E-15
   7.66378470E-15
   8.69438578E-15
   9.65391910E-15
   1.04291321E-14
   1.08564679E-14
   1.07059908E-14
   9.66125526E-15
   7.29434620E-15
   3.03522928E-15
  -3.86553819E-15
  -1.43817030E-14
  -2.97648259E-14
  -5.16073966E-14
  -8.19164140E-14
  -1.23198055E-13
  -1.78553868E-13
  -2.51788147E-13
  -3.47525638E-13
  -4.71337650E-13
  -6.29873215E-13
  -8.30989845E-13
  -1.08387691E-12
  -1.39915954E-12
  -1.78897197E-12
  -2.26697632E-12
  -2.84830514E-12
  -3.54939689E-12
  -4.38767815E-12
  -5.38104934E-12
  -6.54710531E-12
  -7.90202018E-12
  -9.45899869E-12
  -1.12261910E-11
  -1.32039345E-11
  -1.53811790E-11
  -1.77309070E-11
  -2.02043608E-11
  -2.27238419E-11
  -2.51738110E-11
  -2.73900382E-11
  -2.91464422E-11
  -3.01393528E-11
  -2.99687705E-11
  -2.81162975E-11
  -2.39194133E-11
  -1.65416743E-11
  -4.93858079E-12
   1.21811684E-11
   3.63991753E-11
   6.96356653E-11
   1.14202446E-10
   1.72860226E-10
   2.48879473E-10
   3.46104090E-10
   4.69015882E-10
   6.22798202E-10
   8.13395962E-10
   1.04756848E-09
   1.33292988E-09
   1.67797265E-09
   2.09206541E-09
   2.58541877E-09
   3.16900683E-09
   3.85443233E-09
   4.65372141E-09
   5.57902879E-09
   6.64223787E-09
   7.85442822E-09
   9.22517884E-09
   1.07616929E-08
   1.24676909E-08
   1.43420449E-08
   1.63771059E-08
   1.85566762E-08
   2.08535784E-08
   2.32267414E-08
   2.56177781E-08
   2.79469425E-08
   3.01084171E-08
   3.19648628E-08
   3.33410739E-08
   3.40167503E-08
   3.37182477E-08
   3.21091385E-08
   2.87796258E-08
   2.32345716E-08
   1.48801247E-08
   3.00878877E-09
  -1.32171172E-08
  -3.47837457E-08
  -6.28458565E-08
  -9.87487496E-08
  -1.44052350E-07
  -2.00557182E-07
  -2.70332436E-07
  -3.55746181E-07
  -4.59497784E-07
  -5.84652128E-07
  -7.34676064E-07
  -9.13476697E-07
  -1.12544171E-06
  -1.37548102E-06
  -1.66906989E-06
  -2.01229363E-06
  -2.41189241E-06
  -2.87530770E-06
  -3.41072723E-06
  -4.02713249E-06
  -4.73434011E-06
  -5.54304779E-06
  -6.46487342E-06
  -7.51239259E-06
  -8.69917585E-06
  -1.00398147E-05
  -1.15499461E-05
  -1.32462674E-05
  -1.51465510E-05
  -1.72696455E-05
  -1.96354558E-05
  -2.22649378E-05
  -2.51800575E-05
  -2.84037433E-05
  -3.19598257E-05
  -3.58729740E-05
  -4.01685829E-05
  -4.48726714E-05
  -5.00117530E-05
  -5.56126870E-05
  -6.17024925E-05
  -6.83081744E-05
  -7.54564826E-05
  -8.31737270E-05
  -9.14854609E-05
  -1.00416226E-04
  -1.09989269E-04
  -1.20226177E-04
  -1.31146604E-04
  -1.42767880E-04
  -1.55104586E-04
  -1.68168262E-04
  -1.81967000E-04
  -1.96504960E-04
  -2.11782099E-04
  -2.27793658E-04
  -2.44529889E-04
  -2.61975511E-04
  -2.80109583E-04
  -2.98904983E-04
  -3.18328151E-04
  -3.38338868E-04
  -3.58889956E-04
  -3.79927253E-04
  -4.01389290E-04
  -4.23207355E-04
  -4.45305486E-04
  -4.67600621E-04
  -4.90002683E-04
  -5.12414961E-04
  -5.34734165E-04
  -5.56851388E-04
  -5.78652194E-04
  -6.00017374E-04
  -6.20823877E-04
  -6.40945334E-04
  -6.60253456E-04
  -6.78618613E-04
  -6.95911178E-04
  -7.12002802E-04
  -7.26767466E-04
  -7.40083109E-04
  -7.51832733E-04
  -7.61906209E-04
  -7.70201499E-04
  -7.76626170E-04
  -7.81099021E-04
  -7.83551310E-04
  -7.83928437E-04
  -7.82190997E-04
  -7.78316404E-04
  -7.72299827E-04
  -7.64155353E-04
  -7.53916975E-04
  -7.41639233E-04
  -7.27397739E-04
  -7.11289875E-04
  -6.93434733E-04
  -6.73973118E-04
  -6.53067604E-04
  -6.30901544E-04
  -6.07678550E-04
  -5.83621790E-04
  -5.58972359E-04
  -5.33988059E-04
  -5.08941535E-04
  -4.84118442E-04
  -4.59815288E-04
  -4.36337112E-04
  -4.13994800E-04
  -3.93102615E-04
  -3.73975141E-04
  -3.56924575E-04
  -3.42257525E-04
  -3.30272160E-04
  -3.21254862E-04
  -3.15477431E-04
  -3.13193974E-04
  -3.14637960E-04
  -3.20019579E-04
  -3.29522911E-04
  -3.43303604E-04
  -3.61486542E-04
  -3.84163810E-04
  -4.11393150E-04
  -4.43196128E-04
  -4.79557319E-04
  -5.20423229E-04
  -5.65701863E-04
  -6.15262543E-04
  -6.68935827E-04
  -7.26514321E-04
  -7.87753146E-04
  -8.52371042E-04
  -9.20051883E-04
  -9.90446308E-04
  -1.06317340E-03
  -1.13782322E-03
  -1.21395872E-03
  -1.29111821E-03
  -1.36881822E-03
  -1.44655665E-03
  -1.52381451E-03
  -1.60005945E-03
  -1.67474849E-03
  -1.74733053E-03
  -1.81724958E-03
  -1.88394717E-03
  -1.94686477E-03
  -2.00544624E-03
  -2.05914048E-03
  -2.10740301E-03
  -2.14969809E-03
  -2.18550139E-03
  -2.21429975E-03
  -2.23559421E-03
  -2.24890048E-03
  -2.25375127E-03
  -2.24969536E-03
  -2.23630015E-03
  -2.21315143E-03
  -2.17985432E-03
  -2.13603443E-03
  -2.08133785E-03
  -2.01543188E-03
  -1.93800614E-03
  -1.84877322E-03
  -1.74746860E-03
  -1.63385307E-03
  -1.50771218E-03
  -1.36885862E-03
  -1.21713302E-03
  -1.05240522E-03
  -8.74576799E-04
  -6.83581922E-04
  -4.79389535E-04
  -2.62005866E-04
  -3.14763274E-05
   2.12112078E-04
   4.68628452E-04
   7.37895200E-04
   1.01968588E-03
   1.31372258E-03
   1.61967322E-03
   1.93714956E-03
   2.26570549E-03
   2.60483357E-03
   2.95396429E-03
   3.31246457E-03
   3.67963617E-03
   4.05471539E-03
   4.43687104E-03
   4.82520508E-03
   5.21875639E-03
   5.61649492E-03
   6.01732917E-03
   6.42010570E-03
   6.82360958E-03
   7.22657191E-03
   7.62767019E-03
   8.02553073E-03
   8.41873884E-03
   8.80584028E-03
   9.18534305E-03
   9.55572817E-03
   9.91545897E-03
   1.02629811E-02
   1.05967335E-02
   1.09151537E-02
   1.12166898E-02
   1.14998026E-02
   1.17629785E-02
   1.20047322E-02
   1.22236228E-02
   1.24182561E-02
   1.25872931E-02
   1.27294613E-02
   1.28435604E-02
   1.29284663E-02
   1.29831489E-02
   1.30066704E-02
   1.29981926E-02
   1.29569871E-02
   1.28824422E-02
   1.27740642E-02
   1.26314815E-02
   1.24544585E-02
   1.22428900E-02
   1.19968057E-02
   1.17163779E-02
   1.14019206E-02
   1.10538900E-02
   1.06728906E-02
   1.02596655E-02
   9.81510617E-03
   9.34024621E-03
   8.83625727E-03
   8.30444973E-03
   7.74626993E-03
   7.16329180E-03
   6.55721407E-03
   5.92985610E-03
   5.28314942E-03
   4.61913086E-03
   3.93993547E-03
   3.24778608E-03
   2.54498771E-03
   1.83391536E-03
   1.11700408E-03
   3.96739459E-04
  -3.24354740E-04
  -1.04372751E-03
  -1.75881234E-03
  -2.46703974E-03
  -3.16584832E-03
  -3.85269942E-03
  -4.52508684E-03
  -5.18055214E-03
  -5.81669435E-03
  -6.43118331E-03
  -7.02177314E-03
  -7.58631015E-03
  -8.12274683E-03
  -8.62915162E-03
  -9.10372101E-03
  -9.54478420E-03
  -9.95081570E-03
  -1.03204437E-02
  -1.06524555E-02
  -1.09458026E-02
  -1.11996122E-02
  -1.14131831E-02
  -1.15859956E-02
  -1.17177116E-02
  -1.18081775E-02
  -1.18574221E-02
  -1.18656587E-02
  -1.18332831E-02
  -1.17608681E-02
  -1.16491653E-02
  -1.14990957E-02
  -1.13117490E-02
  -1.10883685E-02
  -1.08303539E-02
  -1.05392532E-02
  -1.02167437E-02
  -9.86463670E-03
  -9.48485266E-03
  -9.07942280E-03
  -8.65047332E-03
  -8.20021424E-03
  -7.73092685E-03
  -7.24495528E-03
  -6.74469071E-03
  -6.23256108E-03
  -5.71101718E-03
  -5.18252188E-03
  -4.64953762E-03
  -4.11451235E-03
  -3.57987010E-03
  -3.04799806E-03
  -2.52123480E-03
  -2.00186064E-03
  -1.49208517E-03
  -9.94038419E-04
  -5.09761157E-04
  -4.11949623E-05
   4.09825705E-04
   8.41581321E-04
   1.25247485E-03
   1.64103811E-03
   2.00593751E-03
   2.34597921E-03
   2.66011385E-03
   2.94743921E-03
   3.20720347E-03
   3.43880779E-03
   3.64180608E-03
   3.81590636E-03
   3.96096986E-03
   4.07700939E-03
   4.16418957E-03
   4.22282005E-03
   4.25335532E-03
   4.25638817E-03
   4.23264643E-03
   4.18298645E-03
   4.10838658E-03
   4.00993926E-03
   3.88884684E-03
   3.74640897E-03
   3.58401844E-03
   3.40314885E-03
   3.20534804E-03
   2.99222674E-03
   2.76544946E-03
   2.52672378E-03
   2.27779080E-03
   2.02041515E-03
   1.75637309E-03
   1.48744427E-03
   1.21539994E-03
   9.41994134E-04
   6.68952533E-04
   3.97963886E-04
   1.30670160E-04
  -1.31342080E-04
  -3.86550266E-04
  -6.33503834E-04
  -8.70831951E-04
  -1.09725026E-03
  -1.31156738E-03
  -1.51269068E-03
  -1.69963180E-03
  -1.87151087E-03
  -2.02756003E-03
  -2.16712686E-03
  -2.28967704E-03
  -2.39479588E-03
  -2.48218840E-03
  -2.55168090E-03
  -2.60321889E-03
  -2.63686688E-03
  -2.65280623E-03
  -2.65133148E-03
  -2.63284752E-03
  -2.59786542E-03
  -2.54699774E-03
  -2.48095347E-03
  -2.40053050E-03
  -2.30661104E-03
  -2.20015296E-03
  -2.08218326E-03
  -1.95378950E-03
  -1.81611290E-03
  -1.67033775E-03
  -1.51768408E-03
  -1.35939836E-03
  -1.19674450E-03
  -1.03099458E-03
  -8.63419496E-04
  -6.95280731E-04
  -5.27820841E-04
  -3.62254854E-04
  -1.99762086E-04
  -4.14781571E-05
   1.11512862E-04
   2.58185464E-04
   3.97579512E-04
   5.28806297E-04
   6.51054026E-04
   7.63592834E-04
   8.65778769E-04
   9.57057578E-04
   1.03696727E-03
   1.10514055E-03
   1.16130512E-03
   1.20528566E-03
   1.23700255E-03
   1.25647127E-03
   1.26380101E-03
   1.25919131E-03
   1.24293007E-03
   1.21538935E-03
   1.17702142E-03
   1.12835329E-03
   1.06998149E-03
   1.00256666E-03
   9.26826731E-04
   8.43530463E-04
   7.53490487E-04
   6.57556579E-04
   5.56607556E-04
   4.51544416E-04
   3.43282736E-04
   2.32745137E-04
   1.20853889E-04
   8.52374887E-06
  -1.03345214E-04
  -2.13874431E-04
  -3.22213309E-04
  -4.27545398E-04
  -5.29094366E-04
  -6.26129156E-04
  -7.17969087E-04
  -8.03988194E-04
  -8.83619185E-04
  -9.56356816E-04
  -1.02176052E-03
  -1.07945700E-03
  -1.12914154E-03
  -1.17057946E-03
  -1.20360625E-03
  -1.22812774E-03
  -1.24411983E-03
  -1.25162641E-03
  -1.25075877E-03
  -1.24169223E-03
  -1.22466462E-03
  -1.19997235E-03
  -1.16796780E-03
  -1.12905400E-03
  -1.08368206E-03
  -1.03234558E-03
  -9.75576055E-04
  -9.13937809E-04
  -8.48023279E-04
  -7.78447080E-04
  -7.05840939E-04
  -6.30848226E-04
  -5.54118538E-04
  -4.76302172E-04
  -3.98045086E-04
  -3.19983577E-04
  -2.42739217E-04
  -1.66914280E-04
  -9.30870592E-05
  -2.18076038E-05
   4.64062068E-05
   1.11072302E-04
   1.71747728E-04
   2.28031509E-04
   2.79567234E-04
   3.26045061E-04
   3.67203524E-04
   4.02830658E-04
   4.32764995E-04
   4.56895883E-04
   4.75163513E-04
   4.87558340E-04
   4.94120410E-04
   4.94937878E-04
   4.90145874E-04
   4.79923765E-04
   4.64493380E-04
   4.44116129E-04
   4.19090182E-04
   3.89747089E-04
   3.56448378E-04
   3.19582032E-04
   2.79558531E-04
   2.36806896E-04
   1.91770814E-04
   1.44904348E-04
   9.66678417E-05
   4.75238885E-05
  -2.06683603E-06
  -5.16495056E-05
  -1.00779071E-04
  -1.49023894E-04
  -1.95969420E-04
  -2.41221394E-04
  -2.84409063E-04
  -3.25187895E-04
  -3.63242172E-04
  -3.98287317E-04
  -4.30071814E-04
  -4.58378723E-04
  -4.83027019E-04
  -5.03872638E-04
  -5.20808855E-04
  -5.33766579E-04
  -5.42714319E-04
  -5.47657779E-04
  -5.48639044E-04
  -5.45735296E-04
  -5.39057772E-04
  -5.28750126E-04
  -5.14986401E-04
  -4.97968751E-04
  -4.77925205E-04
  -4.55107191E-04
  -4.29786771E-04
  -4.02253849E-04
  -3.72813112E-04
  -3.41781066E-04
  -3.09482974E-04
  -2.76249717E-04
  -2.42414666E-04
  -2.08310681E-04
  -1.74267057E-04
  -1.40606571E-04
  -1.07642671E-04
  -7.56767404E-05
  -4.49956278E-05
  -1.58691801E-05
   1.14519053E-05
   3.67380635E-05
   5.97826402E-05
   8.04034134E-05
   9.84438884E-05
   1.13774360E-04
   1.26292653E-04
   1.35924682E-04
   1.42624645E-04
   1.46375110E-04
   1.47186656E-04
   1.45097409E-04
   1.40172298E-04
   1.32501998E-04
   1.22201745E-04
   1.09409862E-04
   9.42861516E-05
   7.70100523E-05
   5.77786996E-05
   3.68047695E-05
   1.43142697E-05
  -9.45579541E-06
  -3.42598469E-05
  -5.98461593E-05
  -8.59594002E-05
  -1.12343048E-04
  -1.38741932E-04
  -1.64904544E-04
  -1.90585532E-04
  -2.15547887E-04
  -2.39565066E-04
  -2.62423186E-04
  -2.83922709E-04
  -3.03880282E-04
  -3.22130363E-04
  -3.38526326E-04
  -3.52941861E-04
  -3.65271757E-04
  -3.75432806E-04
  -3.83364240E-04
  -3.89027846E-04
  -3.92408314E-04
  -3.93512746E-04
  -3.92370624E-04
  -3.89032910E-04
  -3.83571314E-04
  -3.76077398E-04
  -3.66661261E-04
  -3.55450204E-04
  -3.42587184E-04
  -3.28229216E-04
  -3.12545511E-04
  -2.95715523E-04
  -2.77927058E-04
  -2.59374327E-04
  -2.40255657E-04
  -2.20771501E-04
  -2.01122311E-04
  -1.81506446E-04
  -1.62118202E-04
  -1.43145808E-04
  -1.24769576E-04
  -1.07160180E-04
  -9.04769695E-05
  -7.48665188E-05
  -6.04613560E-05
  -4.73787732E-05
  -3.57198951E-05
  -2.55688956E-05
  -1.69924751E-05
  -1.00394645E-05
  -4.74070248E-06
  -1.10906115E-06
   8.60300133E-07
   1.18950527E-06
  -8.26558875E-08
  -2.90150888E-06
  -7.19743775E-06
  -1.28869642E-05
  -1.98739563E-05
  -2.80509430E-05
  -3.73005096E-05
  -4.74967892E-05
  -5.85069720E-05
  -7.01928657E-05
  -8.24124654E-05
  -9.50215181E-05
  -1.07875050E-04
  -1.20828896E-04
  -1.33741123E-04
  -1.46473409E-04
  -1.58892290E-04
  -1.70870451E-04
  -1.82287768E-04
  -1.93032261E-04
  -2.03001036E-04
  -2.12101018E-04
  -2.20249494E-04
  -2.27374752E-04
  -2.33416402E-04
  -2.38325563E-04
  -2.42065144E-04
  -2.44609662E-04
  -2.45945383E-04
  -2.46069918E-04
  -2.44992087E-04
  -2.42731316E-04
  -2.39317378E-04
  -2.34789652E-04
  -2.29196579E-04
  -2.22594885E-04
  -2.15048873E-04
  -2.06629571E-04
  -1.97413960E-04
  -1.87484082E-04
  -1.76926042E-04
  -1.65829289E-04
  -1.54285546E-04
  -1.42388002E-04
  -1.30230444E-04
  -1.17906384E-04
  -1.05508232E-04
  -9.31265240E-05
  -8.08491677E-05
  -6.87607971E-05
  -5.69421027E-05
  -4.54692854E-05
  -3.44135478E-05
  -2.38406392E-05
  -1.38105070E-05
  -4.37697918E-06
   4.41246584E-06
   1.25168781E-05
   1.99019305E-05
   2.65399722E-05
   3.24099929E-05
   3.74975716E-05
   4.17947304E-05
   4.52997629E-05
   4.80170311E-05
   4.99566995E-05
   5.11344479E-05
   5.15711545E-05
   5.12925544E-05
   5.03288684E-05
   4.87144280E-05
   4.64872828E-05
   4.36887967E-05
   4.03632257E-05
   3.65573032E-05
   3.23198437E-05
   2.77012605E-05
   2.27531873E-05
   1.75280293E-05
   1.20785426E-05
   6.45740511E-06
   7.16806255E-07
  -5.09197480E-06
  -1.09189723E-05
  -1.67159305E-05
  -2.24366886E-05
  -2.80375461E-05
  -3.34776196E-05
  -3.87191722E-05
  -4.37279195E-05
  -4.84733100E-05
  -5.29287572E-05
  -5.70718839E-05
  -6.08846494E-05
  -6.43535459E-05
  -6.74696057E-05
  -7.02284960E-05
  -7.26305152E-05
  -7.46804799E-05
  -7.63876669E-05
  -7.77656314E-05
  -7.88319740E-05
  -7.96081004E-05
  -8.01189235E-05
  -8.03924704E-05
  -8.04594965E-05
  -8.03531002E-05
  -8.01081987E-05
  -7.97611356E-05
  -7.93490690E-05
  -7.89095575E-05
  -7.84800068E-05
  -7.80971386E-05
  -7.77965251E-05
  -7.76120942E-05
  -7.75756416E-05
  -7.77164387E-05
  -7.80607807E-05
  -7.86316523E-05
  -7.94483931E-05
  -8.05264353E-05
  -8.18770786E-05
  -8.35073079E-05
  -8.54196842E-05
  -8.76122867E-05
  -9.00787127E-05
  -9.28081354E-05
  -9.57853845E-05
  -9.89911277E-05
  -1.02402111E-04
  -1.05991377E-04
  -1.09728593E-04
  -1.13580427E-04
  -1.17510921E-04
  -1.21481906E-04
  -1.25453473E-04
  -1.29384469E-04
  -1.33232941E-04
  -1.36956718E-04
  -1.40513861E-04
  -1.43863275E-04
  -1.46965045E-04
  -1.49781117E-04
  -1.52275737E-04
  -1.54415800E-04
  -1.56171416E-04
  -1.57516188E-04
  -1.58427618E-04
  -1.58887444E-04
  -1.58881783E-04
  -1.58401410E-04
  -1.57441944E-04
  -1.56003764E-04
  -1.54092180E-04
  -1.51717366E-04
  -1.48894178E-04
  -1.45642101E-04
  -1.41984972E-04
  -1.37950730E-04
  -1.33571084E-04
  -1.28881191E-04
  -1.23919148E-04
  -1.18725700E-04
  -1.13343660E-04
  -1.07817454E-04
  -1.02192636E-04
  -9.65153667E-05
  -9.08319053E-05
  -8.51881196E-05
  -7.96289532E-05
  -7.41980184E-05
  -6.89370936E-05
  -6.38857309E-05
  -5.90808850E-05
  -5.45565708E-05
  -5.03435549E-05
  -4.64691002E-05
  -4.29567663E-05
  -3.98262418E-05
  -3.70932430E-05
  -3.47694440E-05
  -3.28624556E-05
  -3.13758428E-05
  -3.03092093E-05
  -2.96582930E-05
  -2.94151196E-05
  -2.95681657E-05
  -3.01025757E-05
  -3.10003888E-05
  -3.22408050E-05
  -3.38004356E-05
  -3.56536184E-05
  -3.77727156E-05
  -4.01284087E-05
  -4.26900260E-05
  -4.54258698E-05
  -4.83035183E-05
  -5.12901461E-05
  -5.43528440E-05
  -5.74589212E-05
  -6.05761888E-05
  -6.36732584E-05
  -6.67197965E-05
  -6.96867501E-05
  -7.25466743E-05
  -7.52738270E-05
  -7.78444592E-05
  -8.02369104E-05
  -8.24318195E-05
  -8.44122405E-05
  -8.61637091E-05
  -8.76743507E-05
  -8.89348885E-05
  -8.99387232E-05
  -9.06818896E-05
  -9.11630341E-05
  -9.13833792E-05
  -9.13466065E-05
  -9.10587987E-05
  -9.05282941E-05
  -8.97655482E-05
  -8.87829665E-05
  -8.75947517E-05
  -8.62166562E-05
  -8.46658440E-05
  -8.29606433E-05
  -8.11203136E-05
  -7.91648636E-05
  -7.71148189E-05
  -7.49909741E-05
  -7.28141968E-05
  -7.06052160E-05
  -6.83844264E-05
  -6.61716986E-05
  -6.39861973E-05
  -6.18461927E-05
  -5.97689832E-05
  -5.77706851E-05
  -5.58661668E-05
  -5.40689289E-05
  -5.23910385E-05
  -5.08430530E-05
  -4.94339656E-05
  -4.81711904E-05
  -4.70605191E-05
  -4.61061609E-05
  -4.53107059E-05
  -4.46751656E-05
  -4.41990123E-05
  -4.38802199E-05
  -4.37153067E-05
  -4.36994269E-05
  -4.38264178E-05
  -4.40888834E-05
  -4.44782854E-05
  -4.49850486E-05
  -4.55986483E-05
  -4.63077085E-05
  -4.71001331E-05
  -4.79632254E-05
  -4.88837868E-05
  -4.98482586E-05
  -5.08428529E-05
  -5.18536726E-05
  -5.28668570E-05
  -5.38687200E-05
  -5.48458702E-05
  -5.57853564E-05
  -5.66748022E-05
  -5.75025260E-05
  -5.82576649E-05
  -5.89302945E-05
  -5.95115271E-05
  -5.99936211E-05
  -6.03700246E-05
  -6.06355134E-05
  -6.07861839E-05
  -6.08195369E-05
  -6.07344737E-05
  -6.05313035E-05
  -6.02117470E-05
  -5.97788930E-05
  -5.92371543E-05
  -5.85922135E-05
  -5.78509316E-05
  -5.70212396E-05
  -5.61120614E-05
  -5.51331577E-05
  -5.40950095E-05
  -5.30086872E-05
  -5.18856796E-05
  -5.07377663E-05
  -4.95768472E-05
  -4.84148077E-05
  -4.72633510E-05
  -4.61338786E-05
  -4.50373300E-05
  -4.39840878E-05
  -4.29838219E-05
  -4.20454271E-05
  -4.11769033E-05
  -4.03852864E-05
  -3.96765863E-05
  -3.90557470E-05
  -3.85265885E-05
  -3.80918063E-05
  -3.77529614E-05
  -3.75104901E-05
  -3.73637122E-05
  -3.73108778E-05
  -3.73491966E-05
  -3.74749143E-05
  -3.76833268E-05
  -3.79689118E-05
  -3.83253464E-05
  -3.87456275E-05
  -3.92221409E-05
  -3.97467484E-05
  -4.03109043E-05
  -4.09057284E-05
  -4.15221111E-05
  -4.21508048E-05
  -4.27825325E-05
  -4.34080757E-05
  -4.40183940E-05
  -4.46046652E-05
  -4.51584383E-05
  -4.56716880E-05
  -4.61369164E-05
  -4.65472040E-05
  -4.68963226E-05
  -4.71787826E-05
  -4.73898981E-05
  -4.75258421E-05
  -4.75836787E-05
  -4.75614324E-05
  -4.74580702E-05
  -4.72735410E-05
  -4.70087834E-05
  -4.66656857E-05
  -4.62470998E-05
  -4.57567730E-05
  -4.51993365E-05
  -4.45802179E-05
  -4.39055948E-05
  -4.31822955E-05
  -4.24177233E-05
  -4.16197618E-05
  -4.07966545E-05
  -3.99569035E-05
  -3.91091780E-05
  -3.82621693E-05
  -3.74244955E-05
  -3.66045933E-05
  -3.58105935E-05
  -3.50502196E-05
  -3.43307074E-05
  -3.36587073E-05
  -3.30402108E-05
  -3.24804714E-05
  -3.19839855E-05
  -3.15544057E-05
  -3.11945405E-05
  -3.09063435E-05
  -3.06908951E-05
  -3.05484282E-05
  -3.04783462E-05
  -3.04792484E-05
  -3.05489848E-05
  -3.06847178E-05
  -3.08829658E-05
  -3.11396652E-05
  -3.14502649E-05
  -3.18097882E-05
  -3.22128981E-05
  -3.26539775E-05
  -3.31272313E-05
  -3.36267258E-05
  -3.41464620E-05
  -3.46804482E-05
  -3.52227580E-05
  -3.57675854E-05
  -3.63092986E-05
  -3.68424699E-05
  -3.73619077E-05
  -3.78626974E-05
  -3.83402294E-05
  -3.87901928E-05
  -3.92086185E-05
  -3.95918541E-05
  -3.99365890E-05
  -4.02398618E-05
  -4.04990351E-05
  -4.07117986E-05
  -4.08761844E-05
  -4.09905369E-05
  -4.10535067E-05
  -4.10640569E-05
  -4.10214525E-05
  -4.09252607E-05
  -4.07753214E-05
  -4.05717656E-05
  -4.03150116E-05
  -4.00057579E-05
  -3.96449504E-05
  -3.92338407E-05
  -3.87739055E-05
  -3.82668950E-05
  -3.77147953E-05
  -3.71198585E-05
  -3.64845437E-05
  -3.58115285E-05
  -3.51037124E-05
  -3.43641805E-05
  -3.35961922E-05
  -3.28031601E-05
  -3.19886385E-05
  -3.11562944E-05
  -3.03098950E-05
  -2.94532820E-05
  -2.85903443E-05
  -2.77249983E-05
  -2.68611548E-05
  -2.60027082E-05
  -2.51535112E-05
  -2.43173454E-05
  -2.34978979E-05
  -2.26987449E-05
  -2.19233279E-05
  -2.11749339E-05
  -2.04566804E-05
  -1.97714853E-05
  -1.91220643E-05
  -1.85109075E-05
  -1.79402541E-05
  -1.74120942E-05
  -1.69281484E-05
  -1.64898447E-05
  -1.60983163E-05
  -1.57543782E-05
  -1.54585250E-05
  -1.52109124E-05
  -1.50113474E-05
  -1.48592844E-05
  -1.47538067E-05
  -1.46936318E-05
  -1.46771063E-05
  -1.47022020E-05
  -1.47665241E-05
  -1.48673216E-05
  -1.50014939E-05
  -1.51656168E-05
  -1.53559558E-05
  -1.55685011E-05
  -1.57989980E-05
  -1.60429863E-05
  -1.62958349E-05
  -1.65528036E-05
  -1.68090774E-05
  -1.70598360E-05
  -1.73002991E-05
  -1.75257883E-05
  -1.77317888E-05
  -1.79140079E-05
  -1.80684256E-05
  -1.81913583E-05
  -1.82795084E-05
  -1.83300108E-05
  -1.83404773E-05
  -1.83090287E-05
  -1.82343301E-05
  -1.81156138E-05
  -1.79526887E-05
  -1.77459442E-05
  -1.74963570E-05
  -1.72054752E-05
  -1.68753868E-05
  -1.65087113E-05
  -1.61085518E-05
  -1.56784590E-05
  -1.52223738E-05
  -1.47445880E-05
  -1.42496701E-05
  -1.37424158E-05
  -1.32277773E-05
  -1.27108024E-05
  -1.21965677E-05
  -1.16901138E-05
  -1.11963855E-05
  -1.07201704E-05
  -1.02660397E-05
  -9.83830250E-06
  -9.44094973E-06
  -9.07761842E-06
  -8.75155092E-06
  -8.46556668E-06
  -8.22202946E-06
  -8.02283284E-06
  -7.86938381E-06
  -7.76259094E-06
  -7.70286351E-06
  -7.69010967E-06
  -7.72374551E-06
  -7.80269966E-06
  -7.92543324E-06
  -8.08995537E-06
  -8.29384771E-06
  -8.53428901E-06
  -8.80807875E-06
  -9.11168172E-06
  -9.44125168E-06
  -9.79268043E-06
  -1.01616288E-05
  -1.05435774E-05
  -1.09338735E-05
  -1.13277729E-05
  -1.17204945E-05
  -1.21072690E-05
  -1.24833869E-05
  -1.28442571E-05
  -1.31854504E-05
  -1.35027467E-05
  -1.37921934E-05
  -1.40501361E-05
  -1.42732679E-05
  -1.44586656E-05
  -1.46038183E-05
  -1.47066603E-05
  -1.47655865E-05
  -1.47794763E-05
  -1.47476949E-05
  -1.46700959E-05
  -1.45470276E-05
  -1.43793068E-05
  -1.41682121E-05
  -1.39154599E-05
  -1.36231720E-05
  -1.32938449E-05
  -1.29303062E-05
  -1.25356755E-05
  -1.21133180E-05
  -1.16667952E-05
  -1.11998188E-05
  -1.07162004E-05
  -1.02198001E-05
  -9.71448480E-06
  -9.20408092E-06
  -8.69233463E-06
  -8.18287299E-06
  -7.67917481E-06
  -7.18454157E-06
  -6.70207282E-06
  -6.23465075E-06
  -5.78492700E-06
  -5.35531717E-06
  -4.94799360E-06
  -4.56489124E-06
  -4.20770812E-06
  -3.87791442E-06
  -3.57676049E-06
  -3.30529019E-06
  -3.06435027E-06
  -2.85460374E-06
  -2.67654104E-06
  -2.53049006E-06
  -2.41662428E-06
  -2.33497190E-06
  -2.28541921E-06
  -2.26771408E-06
  -2.28146678E-06
  -2.32614798E-06
  -2.40108579E-06
  -2.50546009E-06
  -2.63829679E-06
  -2.79846017E-06
  -2.98464647E-06
  -3.19537594E-06
  -3.42898738E-06
  -3.68363385E-06
  -3.95727920E-06
  -4.24769678E-06
  -4.55247164E-06
  -4.86900672E-06
  -5.19452897E-06
  -5.52609936E-06
  -5.86062743E-06
  -6.19488674E-06
  -6.52553535E-06
  -6.84913539E-06
  -7.16217619E-06
  -7.46110118E-06
  -7.74233467E-06
  -8.00230555E-06
  -8.23747723E-06
  -8.44437727E-06
  -8.61962326E-06
  -8.75994738E-06
  -8.86222460E-06
  -8.92349544E-06
  -8.94098775E-06
  -8.91213858E-06
  -8.83461053E-06
  -8.70630629E-06
  -8.52538687E-06
  -8.29027158E-06
  -7.99965983E-06
  -7.65252753E-06
  -7.24813344E-06
  -6.78602555E-06
  -6.26603878E-06
  -5.68829364E-06
  -5.05319713E-06
  -4.36143682E-06
  -3.61397792E-06
  -2.81205780E-06
  -1.95717939E-06
  -1.05110325E-06
  -9.58393116E-08
   9.06363880E-07
   1.95303141E-06
   3.04147238E-06
   4.16879720E-06
   5.33192815E-06
   6.52762174E-06
   7.75248009E-06
   9.00297164E-06
   1.02754484E-05
   1.15661633E-05
   1.28712909E-05
   1.41869405E-05
   1.55091766E-05
   1.68340302E-05
   1.81575178E-05
   1.94756485E-05
   2.07844332E-05
   2.20798956E-05
   2.33580740E-05
   2.46150248E-05
   2.58468299E-05
   2.70495802E-05
   2.82193832E-05
   2.93523408E-05
   3.04445621E-05
   3.14921308E-05
   3.24911016E-05
   3.34375072E-05
   3.43273059E-05
   3.51564049E-05
   3.59206388E-05
   3.66157692E-05
   3.72374634E-05
   3.77813158E-05
   3.82428407E-05
   3.86174834E-05
   3.89006345E-05
   3.90876485E-05
   3.91738613E-05
   3.91546309E-05
   3.90253626E-05
   3.87815489E-05
   3.84188243E-05
   3.79329904E-05
   3.73200710E-05
   3.65763699E-05
   3.56985147E-05
   3.46835041E-05
   3.35287550E-05
   3.22321757E-05
   3.07921619E-05
   2.92076911E-05
   2.74783215E-05
   2.56042440E-05
   2.35862990E-05
   2.14260053E-05
   1.91255695E-05
   1.66878981E-05
   1.41165992E-05
   1.14159820E-05
   8.59104694E-06
   5.64746824E-06
   2.59158037E-06
  -5.69653025E-07
  -3.82866483E-06
  -7.17731655E-06
  -1.06069383E-05
  -1.41083656E-05
  -1.76719805E-05
  -2.12877676E-05
  -2.49453406E-05
  -2.86340055E-05
  -3.23428067E-05
  -3.60605736E-05
  -3.97759577E-05
  -4.34775102E-05
  -4.71537132E-05
  -5.07930272E-05
  -5.43839451E-05
  -5.79150546E-05
  -6.13750599E-05
  -6.47528432E-05
  -6.80375160E-05
  -7.12184483E-05
  -7.42853445E-05
  -7.72282292E-05
  -8.00375492E-05
  -8.27041658E-05
  -8.52194134E-05
  -8.75751357E-05
  -8.97636855E-05
  -9.17779980E-05
  -9.36115612E-05
  -9.52584887E-05
  -9.67134838E-05
  -9.79718825E-05
  -9.90296539E-05
  -9.98833930E-05
  -1.00530357E-04
  -1.00968420E-04
  -1.01196092E-04
  -1.01212521E-04
  -1.01017475E-04
  -1.00611309E-04
  -9.99950207E-05
  -9.91701818E-05
  -9.81389676E-05
  -9.69041066E-05
  -9.54689021E-05
  -9.38372395E-05
  -9.20135572E-05
  -9.00028244E-05
  -8.78106075E-05
  -8.54429818E-05
  -8.29066048E-05
  -8.02086361E-05
  -7.73568172E-05
  -7.43594210E-05
  -7.12252659E-05
  -6.79637160E-05
  -6.45846521E-05
  -6.10984644E-05
  -5.75160848E-05
  -5.38489148E-05
  -5.01088107E-05
  -4.63080905E-05
  -4.24594728E-05
  -3.85760504E-05
  -3.46712368E-05
  -3.07587216E-05
  -2.68524218E-05
  -2.29664111E-05
  -1.91148538E-05
  -1.53119490E-05
  -1.15718403E-05
  -7.90855120E-06
  -4.33589275E-06
  -8.67394590E-07
   2.48378365E-06
   5.70493421E-06
   8.78388255E-06
   1.17090676E-05
   1.44696187E-05
   1.70554304E-05
   1.94572312E-05
   2.16666522E-05
   2.36762862E-05
   2.54797451E-05
   2.70716973E-05
   2.84479229E-05
   2.96053295E-05
   3.05419890E-05
   3.12571647E-05
   3.17512895E-05
   3.20259896E-05
   3.20840700E-05
   3.19295104E-05
   3.15674260E-05
   3.10040450E-05
   3.02466633E-05
   2.93036137E-05
   2.81841894E-05
   2.68986132E-05
   2.54579427E-05
   2.38740176E-05
   2.21593800E-05
   2.03271957E-05
   1.83911598E-05
   1.63654222E-05
   1.42644894E-05
   1.21031362E-05
   9.89631371E-06
   7.65905588E-06
   5.40638212E-06
   3.15321836E-06
   9.14300585E-07
  -1.29591388E-06
  -3.46332604E-06
  -5.57427529E-06
  -7.61561978E-06
  -9.57480370E-06
  -1.14399281E-05
  -1.31998113E-05
  -1.48440467E-05
  -1.63630557E-05
  -1.77481343E-05
  -1.89914917E-05
  -2.00862887E-05
  -2.10266644E-05
  -2.18077621E-05
  -2.24257492E-05
  -2.28778354E-05
  -2.31622726E-05
  -2.32783568E-05
  -2.32264338E-05
  -2.30078931E-05
  -2.26251505E-05
  -2.20816382E-05
  -2.13817730E-05
  -2.05309534E-05
  -1.95355024E-05
  -1.84026503E-05
  -1.71404899E-05
  -1.57579343E-05
  -1.42646732E-05
  -1.26711075E-05
  -1.09883022E-05
  -9.22792151E-06
  -7.40215819E-06
  -5.52366873E-06
  -3.60549325E-06
  -1.66097618E-06
   2.96314738E-07
   2.25267536E-06
   4.19435446E-06
   6.10764391E-06
   7.97897155E-06
   9.79499328E-06
   1.15426892E-05
   1.32094583E-05
   1.47832079E-05
   1.62524448E-05
   1.76063713E-05
   1.88349586E-05
   1.99290371E-05
   2.08803704E-05
   2.16817170E-05
   2.23269108E-05
   2.28109038E-05
   2.31298272E-05
   2.32810253E-05
   2.32630828E-05
   2.30758524E-05
   2.27204728E-05
   2.21993578E-05
   2.15161999E-05
   2.06759469E-05
   1.96847741E-05
   1.85500394E-05
   1.72802465E-05
   1.58849762E-05
   1.43748293E-05
   1.27613375E-05
   1.10568899E-05
   9.27463407E-06
   7.42837619E-06
   5.53247901E-06
   3.60174590E-06
   1.65130700E-06
  -3.03502674E-07
  -2.24726364E-06
  -4.16459898E-06
  -6.04029901E-06
  -7.85944212E-06
  -9.60752277E-06
  -1.12705657E-05
  -1.28352422E-05
  -1.42889767E-05
  -1.56200549E-05
  -1.68177176E-05
  -1.78722348E-05
  -1.87749993E-05
  -1.95185876E-05
  -2.00968134E-05
  -2.05047672E-05
  -2.07388657E-05
  -2.07968587E-05
  -2.06778404E-05
  -2.03822565E-05
  -1.99118767E-05
  -1.92697808E-05
  -1.84603123E-05
  -1.74890301E-05
  -1.63626592E-05
  -1.50890119E-05
  -1.36769177E-05
  -1.21361336E-05
  -1.04772571E-05
  -8.71162320E-06
  -6.85121131E-06
  -4.90852926E-06
  -2.89651621E-06
  -8.28424618E-07
   1.28228453E-06
   3.42205021E-06
   5.57731801E-06
   7.73464399E-06
   9.88079319E-06
   1.20028417E-05
   1.40882603E-05
   1.61250045E-05
   1.81015912E-05
   2.00071736E-05
   2.18316054E-05
   2.35654989E-05
   2.52002865E-05
   2.67282558E-05
   2.81425910E-05
   2.94373913E-05
   3.06077018E-05
   3.16495316E-05
   3.25598412E-05
   3.33365642E-05
   3.39785693E-05
   3.44856671E-05
   3.48585854E-05
   3.50989321E-05
   3.52091520E-05
   3.51925155E-05
   3.50530390E-05
   3.47954519E-05
   3.44251494E-05
   3.39481012E-05
   3.33708304E-05
   3.27003254E-05
   3.19439860E-05
   3.11095391E-05
   3.02049775E-05
   2.92385048E-05
   2.82184374E-05
   2.71531662E-05
   2.60510715E-05
   2.49204550E-05
   2.37694912E-05
   2.26061602E-05
   2.14381835E-05
   2.02729771E-05
   1.91176096E-05
   1.79787385E-05
   1.68625756E-05
   1.57748491E-05
   1.47207675E-05
   1.37049983E-05
   1.27316307E-05
   1.18041607E-05
   1.09254843E-05
   1.00978714E-05
   9.32297462E-06
   8.60182354E-06
   7.93483287E-06
   7.32181024E-06
   6.76197396E-06
   6.25397888E-06
   5.79593780E-06
   5.38545692E-06
   5.01967179E-06
   4.69528686E-06
   4.40862414E-06
   4.15566910E-06
   3.93212622E-06
   3.73347484E-06
   3.55502584E-06
   3.39198505E-06
   3.23950962E-06
   3.09277289E-06
   2.94702522E-06
   2.79765504E-06
   2.64024698E-06
   2.47063872E-06
   2.28497470E-06
   2.07975495E-06
   1.85188082E-06
   1.59869342E-06
   1.31800937E-06
   1.00814816E-06
