   0.00000000    
   0.00000000    
   0.00000000    
   0.00000000    
   0.00000000    
  -1.85427948E-29
  -5.53191177E-29
  -1.58462868E-28
  -1.62262833E-27
  -8.16099409E-27
  -8.99332709E-27
   1.20310976E-25
   9.30439152E-25
   4.06482472E-24
   1.31738051E-23
   3.41514673E-23
   7.20673220E-23
   1.19573668E-22
   1.28873593E-22
  -4.13574403E-23
  -7.07642008E-22
  -2.45960459E-21
  -6.22994027E-21
  -1.32422197E-20
  -2.46783859E-20
  -4.08455776E-20
  -5.95920623E-20
  -7.37709591E-20
  -6.77361272E-20
  -1.32354133E-20
   1.34318777E-19
   4.37378677E-19
   9.72775361E-19
   1.81944104E-18
   3.03291086E-18
   4.60222117E-18
   6.38598239E-18
   8.02708143E-18
   8.84990611E-18
   7.75013144E-18
   3.09453478E-18
  -7.34399403E-18
  -2.63845535E-17
  -5.73344161E-17
  -1.03750220E-16
  -1.69040565E-16
  -2.55904747E-16
  -3.65630374E-16
  -4.97308396E-16
  -6.47066733E-16
  -8.07465285E-16
  -9.67232534E-16
  -1.11154768E-15
  -1.22307513E-15
  -1.28393529E-15
  -1.27874319E-15
  -1.19876677E-15
  -1.04715465E-15
  -8.45076407E-16
  -6.38518317E-16
  -5.05414183E-16
  -5.62783778E-16
  -9.73622868E-16
  -1.95346465E-15
  -3.77681319E-15
  -6.78405162E-15
  -1.13899301E-14
  -1.80953309E-14
  -2.75046997E-14
  -4.03522498E-14
  -5.75409132E-14
  -8.01988887E-14
  -1.09759844E-13
  -1.48074261E-13
  -1.97561423E-13
  -2.61414534E-13
  -3.43875481E-13
  -4.50601606E-13
  -5.89155677E-13
  -7.69660865E-13
  -1.00567905E-12
  -1.31539224E-12
  -1.72319266E-12
  -2.26182788E-12
  -2.97529102E-12
  -3.92271111E-12
  -5.18357969E-12
  -6.86474792E-12
  -9.10977023E-12
  -1.21113310E-11
  -1.61277207E-11
  -2.15045863E-11
  -2.87035621E-11
  -3.83398036E-11
  -5.12310333E-11
  -6.84614102E-11
  -9.14644055E-11
  -1.22130001E-10
  -1.62942881E-10
  -2.17159915E-10
  -2.89037433E-10
  -3.84121263E-10
  -5.09615350E-10
  -6.74849177E-10
  -8.91867857E-10
  -1.17617471E-09
  -1.54766289E-09
  -2.03177963E-09
  -2.66097655E-09
  -3.47651019E-09
  -4.53066917E-09
  -5.88952176E-09
  -7.63628893E-09
  -9.87547999E-09
  -1.27379369E-08
  -1.63869718E-08
  -2.10258086E-08
  -2.69065801E-08
  -3.43411557E-08
  -4.37141523E-08
  -5.54984716E-08
  -7.02738632E-08
  -8.87489691E-08
  -1.11787429E-07
  -1.40438686E-07
  -1.75974264E-07
  -2.19930257E-07
  -2.74157003E-07
  -3.40876937E-07
  -4.22751725E-07
  -5.22959795E-07
  -6.45286036E-07
  -7.94224206E-07
  -9.75094849E-07
  -1.19417916E-06
  -1.45887134E-06
  -1.77785137E-06
  -2.16127910E-06
  -2.62101344E-06
  -3.17085687E-06
  -3.82682856E-06
  -4.60746787E-06
  -5.53416976E-06
  -6.63155515E-06
  -7.92787796E-06
  -9.45546799E-06
  -1.12512143E-05
  -1.33570902E-05
  -1.58207185E-05
  -1.86959787E-05
  -2.20436559E-05
  -2.59321314E-05
  -3.04381119E-05
  -3.56473975E-05
  -4.16556941E-05
  -4.85694400E-05
  -5.65066766E-05
  -6.55979384E-05
  -7.59871546E-05
  -8.78325664E-05
  -1.01307662E-04
  -1.16602067E-04
  -1.33922455E-04
  -1.53493427E-04
  -1.75558351E-04
  -2.00380106E-04
  -2.28241872E-04
  -2.59447756E-04
  -2.94323341E-04
  -3.33216158E-04
  -3.76496027E-04
  -4.24555299E-04
  -4.77808906E-04
  -5.36694308E-04
  -6.01671170E-04
  -6.73220959E-04
  -7.51846412E-04
  -8.38070642E-04
  -9.32435971E-04
  -1.03550276E-03
  -1.14784797E-03
  -1.27006322E-03
  -1.40275294E-03
  -1.54653192E-03
  -1.70202320E-03
  -1.86985463E-03
  -2.05065636E-03
  -2.24505691E-03
  -2.45367992E-03
  -2.67714006E-03
  -2.91603850E-03
  -3.17095849E-03
  -3.44245997E-03
  -3.73107498E-03
  -4.03730059E-03
  -4.36159456E-03
  -4.70436644E-03
  -5.06597292E-03
  -5.44670783E-03
  -5.84679656E-03
  -6.26638532E-03
  -6.70553371E-03
  -7.16420449E-03
  -7.64225330E-03
  -8.13941751E-03
  -8.65530595E-03
  -9.18938592E-03
  -9.74097103E-03
  -1.03092082E-02
  -1.08930655E-02
  -1.14913164E-02
  -1.21025275E-02
  -1.27250422E-02
  -1.33569678E-02
  -1.39961606E-02
  -1.46402111E-02
  -1.52864307E-02
  -1.59318391E-02
  -1.65731497E-02
  -1.72067583E-02
  -1.78287365E-02
  -1.84348151E-02
  -1.90203842E-02
  -1.95804816E-02
  -2.01097969E-02
  -2.06026640E-02
  -2.10530646E-02
  -2.14546397E-02
  -2.18006875E-02
  -2.20841859E-02
  -2.22977977E-02
  -2.24339012E-02
  -2.24846024E-02
  -2.24417709E-02
  -2.22970657E-02
  -2.20419765E-02
  -2.16678586E-02
  -2.11659782E-02
  -2.05275621E-02
  -1.97438467E-02
  -1.88061371E-02
  -1.77058596E-02
  -1.64346322E-02
  -1.49843227E-02
  -1.33471191E-02
  -1.15155969E-02
  -9.48279258E-03
  -7.24227540E-03
  -4.78821993E-03
  -2.11548246E-03
   7.80327478E-04
   3.90277174E-03
   7.25451065E-03
   1.08372308E-02
   1.46515779E-02
   1.86970830E-02
   2.29721032E-02
   2.74737533E-02
   3.21978480E-02
   3.71388495E-02
   4.22898121E-02
   4.76423316E-02
   5.31865098E-02
   5.89109138E-02
   6.48025423E-02
   7.08467960E-02
   7.70274773E-02
   8.33267644E-02
   8.97251964E-02
   9.62016881E-02
  0.102733560    
  0.109296538    
  0.115864784    
  0.122410946    
  0.128906220    
  0.135320410    
  0.141622007    
  0.147778273    
  0.153755367    
  0.159518465    
  0.165031850    
  0.170259133    
  0.175163388    
  0.179707319    
  0.183853492    
  0.187564522    
  0.190803319    
  0.193533331    
  0.195718795    
  0.197325006    
  0.198318601    
  0.198667854    
  0.198342949    
  0.197316304    
  0.195562854    
  0.193060368    
  0.189789757    
  0.185735315    
  0.180885062    
  0.175230980    
  0.168769240    
  0.161500499    
  0.153430030    
  0.144567952    
  0.134929359    
  0.124534436    
  0.113408536    
  0.101582222    
   8.90912637E-02
   7.59765953E-02
   6.22842200E-02
   4.80650812E-02
   3.33748721E-02
   1.82738230E-02
   2.82642245E-03
  -1.28989015E-02
  -2.88301297E-02
  -4.48920503E-02
  -6.10067099E-02
  -7.70938694E-02
  -9.30715054E-02
 -0.108856335    
 -0.124364384    
 -0.139511555    
 -0.154214218    
 -0.168389767    
 -0.181957275    
 -0.194838047    
 -0.206956238    
 -0.218239442    
 -0.228619248    
 -0.238031775    
 -0.246418208    
 -0.253725290    
 -0.259905785    
 -0.264918864    
 -0.268730551    
 -0.271313995    
 -0.272649765    
 -0.272726119    
 -0.271539181    
 -0.269093066    
 -0.265399903    
 -0.260479957    
 -0.254361480    
 -0.247080669    
 -0.238681510    
 -0.229215518    
 -0.218741506    
 -0.207325205    
 -0.195038900    
 -0.181960985    
 -0.168175459    
 -0.153771371    
 -0.138842240    
 -0.123485409    
 -0.107801363    
  -9.18930471E-02
  -7.58650899E-02
  -5.98230585E-02
  -4.38726842E-02
  -2.81190444E-02
  -1.26657682E-02
   2.38576438E-03
   1.69372261E-02
   3.08941193E-02
   4.41665426E-02
   5.66699244E-02
   6.83257207E-02
   7.90620744E-02
   8.88144150E-02
   9.75260213E-02
  0.105148517    
  0.111642279    
  0.116976790    
  0.121130928    
  0.124093153    
  0.125861600    
  0.126444146    
  0.125858307    
  0.124131091    
  0.121298797    
  0.117406674    
  0.112508506    
  0.106666155    
   9.99489874E-02
   9.24332589E-02
   8.42014030E-02
   7.53413066E-02
   6.59454912E-02
   5.61102889E-02
   4.59349453E-02
   3.55207250E-02
   2.49699857E-02
   1.43852411E-02
   3.86823062E-03
  -6.48100767E-03
  -1.65650472E-02
  -2.62899548E-02
  -3.55661437E-02
  -4.43091765E-02
  -5.24405390E-02
  -5.98883256E-02
  -6.65878952E-02
  -7.24824294E-02
  -7.75234401E-02
  -8.16711932E-02
  -8.48950371E-02
  -8.71736482E-02
  -8.84952024E-02
  -8.88574421E-02
  -8.82676616E-02
  -8.67425948E-02
  -8.43082070E-02
  -8.09994042E-02
  -7.68596679E-02
  -7.19405711E-02
  -6.63012564E-02
  -6.00078106E-02
  -5.31325676E-02
  -4.57533672E-02
  -3.79527472E-02
  -2.98170857E-02
  -2.14357041E-02
  -1.28999352E-02
  -4.30217944E-03
   4.26506530E-03
   1.27101718E-02
   2.09433325E-02
   2.88775135E-02
   3.64293605E-02
   4.35200818E-02
   5.00762686E-02
   5.60306795E-02
   6.13229349E-02
   6.59001544E-02
   6.97175190E-02
   7.27387220E-02
   7.49363527E-02
   7.62921497E-02
   7.67972022E-02
   7.64520019E-02
   7.52664059E-02
   7.32595026E-02
   7.04593807E-02
   6.69027716E-02
   6.26346171E-02
   5.77075519E-02
   5.21812774E-02
   4.61218730E-02
   3.96010317E-02
   3.26952450E-02
   2.54849270E-02
   1.80534907E-02
   1.04864072E-02
   2.87024118E-03
  -4.70833527E-03
  -1.21635105E-02
  -1.94112994E-02
  -2.63704825E-02
  -3.29635106E-02
  -3.91173661E-02
  -4.47643660E-02
  -4.98429202E-02
  -5.42981960E-02
  -5.80827110E-02
  -6.11568615E-02
  -6.34893328E-02
  -6.50574416E-02
  -6.58473372E-02
  -6.58541769E-02
  -6.50821179E-02
  -6.35442734E-02
  -6.12625107E-02
  -5.82672097E-02
  -5.45968749E-02
  -5.02976850E-02
  -4.54229414E-02
  -4.00324464E-02
  -3.41917984E-02
  -2.79716272E-02
  -2.14467701E-02
  -1.46953939E-02
  -7.79808825E-03
  -8.36920924E-04
   6.10551611E-03
   1.29470760E-02
   1.96070131E-02
   2.60069296E-02
   3.20716947E-02
   3.77303250E-02
   4.29168120E-02
   4.75709103E-02
   5.16388230E-02
   5.50738573E-02
   5.78369498E-02
   5.98971434E-02
   6.12319335E-02
   6.18275292E-02
   6.16790168E-02
   6.07903972E-02
   5.91745339E-02
   5.68529814E-02
   5.38557209E-02
   5.02207763E-02
   4.59937528E-02
   4.12272662E-02
   3.59803028E-02
   3.03174816E-02
   2.43082736E-02
   1.80261396E-02
   1.15476362E-02
   4.95146960E-03
  -1.68246077E-03
  -8.27404018E-03
  -1.47439176E-02
  -2.10144725E-02
  -2.70107612E-02
  -3.26614268E-02
  -3.78995612E-02
  -4.26635221E-02
  -4.68976647E-02
  -5.05530201E-02
  -5.35878800E-02
  -5.59682846E-02
  -5.76684289E-02
  -5.86709641E-02
  -5.89671806E-02
  -5.85571043E-02
  -5.74494712E-02
  -5.56616113E-02
  -5.32192066E-02
  -5.01559600E-02
  -4.65131663E-02
  -4.23391759E-02
  -3.76888029E-02
  -3.26226130E-02
  -2.72061825E-02
  -2.15092693E-02
  -1.56049374E-02
  -9.56865586E-03
  -3.47734755E-03
   2.59155687E-03
   8.56109150E-03
   1.43557079E-02
   1.99022144E-02
   2.51306836E-02
   2.99753230E-02
   3.43752913E-02
   3.82754505E-02
   4.16270569E-02
   4.43883613E-02
   4.65251170E-02
   4.80110236E-02
   4.88280356E-02
   4.89665829E-02
   4.84257005E-02
   4.72130217E-02
   4.53446805E-02
   4.28451076E-02
   3.97467203E-02
   3.60895060E-02
   3.19205113E-02
   2.72932574E-02
   2.22670473E-02
   1.69062261E-02
   1.12793576E-02
   5.45835868E-03
  -4.82413452E-04
  -6.46710210E-03
  -1.24193151E-02
  -1.82630904E-02
  -2.39238627E-02
  -2.93294042E-02
  -3.44107412E-02
  -3.91030237E-02
  -4.33463529E-02
  -4.70865332E-02
  -5.02757542E-02
  -5.28732017E-02
  -5.48455566E-02
  -5.61674200E-02
  -5.68216257E-02
  -5.67994528E-02
  -5.61007261E-02
  -5.47338091E-02
  -5.27154803E-02
  -5.00707254E-02
  -4.68323939E-02
  -4.30407785E-02
  -3.87430936E-02
  -3.39928642E-02
  -2.88492367E-02
  -2.33762208E-02
  -1.76418684E-02
  -1.17174033E-02
  -5.67631517E-03
   4.06577718E-04
   6.45607896E-03
   1.23975668E-02
   1.81579366E-02
   2.36665234E-02
   2.88559925E-02
   3.36631797E-02
   3.80298831E-02
   4.19035815E-02
   4.52380925E-02
   4.79941294E-02
   5.01397811E-02
   5.16508967E-02
   5.25113679E-02
   5.27133048E-02
   5.22571020E-02
   5.11514209E-02
   4.94130366E-02
   4.70666066E-02
   4.41443175E-02
   4.06854674E-02
   3.67359146E-02
   3.23474929E-02
   2.75773071E-02
   2.24869996E-02
   1.71419363E-02
   1.16103599E-02
   5.96250547E-03
   2.69692391E-04
  -5.39659290E-03
  -1.09656155E-02
  -1.63682941E-02
  -2.15380844E-02
  -2.64118221E-02
  -3.09305191E-02
  -3.50401029E-02
  -3.86920981E-02
  -4.18442115E-02
  -4.44608666E-02
  -4.65136133E-02
  -4.79814708E-02
  -4.88511510E-02
  -4.91172001E-02
  -4.87820171E-02
  -4.78557870E-02
  -4.63562943E-02
  -4.43086512E-02
  -4.17449288E-02
  -3.87036838E-02
  -3.52294184E-02
  -3.13719586E-02
  -2.71857530E-02
  -2.27291360E-02
  -1.80635173E-02
  -1.32525563E-02
  -8.36129300E-03
  -3.45527101E-03
   1.40033709E-03
   6.14160579E-03
   1.07067022E-02
   1.50367077E-02
   1.90763921E-02
   2.27749348E-02
   2.60865875E-02
   2.89712586E-02
   3.13950256E-02
   3.33305597E-02
   3.47574614E-02
   3.56624909E-02
   3.60397175E-02
   3.58905569E-02
   3.52237187E-02
   3.40550430E-02
   3.24072540E-02
   3.03096138E-02
   2.77974941E-02
   2.49118581E-02
   2.16986854E-02
   1.82083119E-02
   1.44947274E-02
   1.06148161E-02
   6.62757223E-03
   2.59327656E-03
  -1.42733101E-03
  -5.37388865E-03
  -9.18723922E-03
  -1.28102386E-02
  -1.61885377E-02
  -1.92713216E-02
  -2.20119953E-02
  -2.43688207E-02
  -2.63054799E-02
  -2.77915634E-02
  -2.88029816E-02
  -2.93222871E-02
  -2.93389093E-02
  -2.88492944E-02
  -2.78569553E-02
  -2.63724178E-02
  -2.44130809E-02
  -2.20029820E-02
  -1.91724710E-02
  -1.59578063E-02
  -1.24006663E-02
  -8.54759291E-03
  -4.44936799E-03
  -1.60335563E-04
   4.26232256E-03
   8.75934865E-03
   1.32701993E-02
   1.77338496E-02
   2.20896043E-02
   2.62779053E-02
   3.02411169E-02
   3.39242890E-02
   3.72758918E-02
   4.02484834E-02
   4.27993499E-02
   4.48910594E-02
   4.64919545E-02
   4.75765690E-02
   4.81259637E-02
   4.81279679E-02
   4.75773476E-02
   4.64758612E-02
   4.48322445E-02
   4.26620878E-02
   3.99876386E-02
   3.68375033E-02
   3.32462862E-02
   2.92541273E-02
   2.49061901E-02
   2.02520788E-02
   1.53451962E-02
   1.02420654E-02
   5.00160409E-03
  -3.15623824E-04
  -5.64817898E-03
  -1.09345149E-02
  -1.61137581E-02
  -2.11264584E-02
  -2.59153340E-02
  -3.04259732E-02
  -3.46074961E-02
  -3.84131745E-02
  -4.18009795E-02
  -4.47340906E-02
  -4.71813045E-02
  -4.91173901E-02
  -5.05233631E-02
  -5.13866618E-02
  -5.17012700E-02
  -5.14677204E-02
  -5.06930538E-02
  -4.93906550E-02
  -4.75800410E-02
  -4.52865660E-02
  -4.25410420E-02
  -3.93793173E-02
  -3.58417742E-02
  -3.19727845E-02
  -2.78201289E-02
  -2.34343596E-02
  -1.88681539E-02
  -1.41756451E-02
  -9.41173360E-03
  -4.63140756E-03
   1.10932626E-04
   4.76213405E-03
   9.27092228E-03
   1.35885049E-02
   1.76691338E-02
   2.14706156E-02
   2.49547772E-02
   2.80878656E-02
   3.08408905E-02
   3.31899002E-02
   3.51161808E-02
   3.66064087E-02
   3.76526937E-02
   3.82525921E-02
   3.84090208E-02
   3.81301157E-02
   3.74290310E-02
   3.63236591E-02
   3.48363221E-02
   3.29933837E-02
   3.08248363E-02
   2.83638462E-02
   2.56462563E-02
   2.27100775E-02
   1.95949525E-02
   1.63416192E-02
   1.29913632E-02
   9.58548021E-03
   6.16475195E-03
   2.76893703E-03
  -5.63709764E-04
  -3.79688595E-03
  -6.89665321E-03
  -9.83180758E-03
  -1.25742033E-02
  -1.50990225E-02
  -1.73850004E-02
  -1.94145869E-02
  -2.11740620E-02
  -2.26535853E-02
  -2.38471981E-02
  -2.47527678E-02
  -2.53718775E-02
  -2.57096756E-02
  -2.57746689E-02
  -2.55784821E-02
  -2.51355749E-02
  -2.44629271E-02
  -2.35797018E-02
  -2.25068871E-02
  -2.12669112E-02
  -1.98832657E-02
  -1.83801129E-02
  -1.67819019E-02
  -1.51129887E-02
  -1.33972727E-02
  -1.16578583E-02
  -9.91672650E-03
  -8.19444750E-03
  -6.50991872E-03
  -4.88014100E-03
  -3.32003040E-03
  -1.84227130E-03
  -4.57209884E-04
   8.27209908E-04
   2.00546905E-03
   3.07445414E-03
   4.03339742E-03
   4.88378247E-03
   5.62921120E-03
   6.27523521E-03
   6.82916492E-03
   7.29984650E-03
   7.69742159E-03
   8.03306513E-03
   8.31871759E-03
   8.56680144E-03
   8.78993981E-03
   9.00067762E-03
   9.21120122E-03
   9.43307951E-03
   9.67701059E-03
   9.95259359E-03
   1.02681173E-02
   1.06303832E-02
   1.10445460E-02
   1.15139922E-02
   1.20402519E-02
   1.26229376E-02
   1.32597256E-02
   1.39463665E-02
   1.46767311E-02
   1.54428929E-02
   1.62352398E-02
   1.70426145E-02
   1.78524870E-02
   1.86511483E-02
   1.94239300E-02
   2.01554373E-02
   2.08297987E-02
   2.14309283E-02
   2.19427943E-02
   2.23496892E-02
   2.26364974E-02
   2.27889586E-02
   2.27939188E-02
   2.26395745E-02
   2.23156903E-02
   2.18138043E-02
   2.11274009E-02
   2.02520657E-02
   1.91856083E-02
   1.79281514E-02
   1.64821930E-02
   1.48526318E-02
   1.30467620E-02
   1.10742347E-02
   8.94698501E-03
   6.67912420E-03
   4.28681169E-03
   1.78808649E-03
  -7.97317829E-04
  -3.44818877E-03
  -6.14206586E-03
  -8.85549188E-03
  -1.15642790E-02
  -1.42437806E-02
  -1.68691762E-02
  -1.94157530E-02
  -2.18591932E-02
  -2.41758488E-02
  -2.63430160E-02
  -2.83391904E-02
  -3.01443171E-02
  -3.17400135E-02
  -3.31097767E-02
  -3.42391655E-02
  -3.51159573E-02
  -3.57302837E-02
  -3.60747278E-02
  -3.61444093E-02
  -3.59370112E-02
  -3.54528166E-02
  -3.46946754E-02
  -3.36679742E-02
  -3.23805623E-02
  -3.08426563E-02
  -2.90667154E-02
  -2.70672999E-02
  -2.48609111E-02
  -2.24658027E-02
  -1.99017860E-02
  -1.71900243E-02
  -1.43528078E-02
  -1.14133256E-02
  -8.39543715E-03
  -5.32343658E-03
  -2.22182227E-03
   8.84932000E-04
   3.97260021E-03
   7.01741688E-03
   9.99628101E-03
   1.28869452E-02
   1.56681985E-02
   1.83200166E-02
   2.08237190E-02
   2.31620893E-02
   2.53194850E-02
   2.72819307E-02
   2.90371925E-02
   3.05748265E-02
   3.18862200E-02
   3.29646096E-02
   3.38050835E-02
   3.44045646E-02
   3.47617902E-02
   3.48772667E-02
   3.47532108E-02
   3.43934931E-02
   3.38035598E-02
   3.29903476E-02
   3.19622047E-02
   3.07287853E-02
   2.93009542E-02
   2.76906881E-02
   2.59109661E-02
   2.39756647E-02
   2.18994580E-02
   1.96977053E-02
   1.73863526E-02
   1.49818268E-02
   1.25009380E-02
   9.96078178E-03
   7.37864105E-03
   4.77189478E-03
   2.15792726E-03
  -4.45960555E-04
  -3.02263768E-03
  -5.55522740E-03
  -8.02719034E-03
  -1.04224049E-02
  -1.27252489E-02
  -1.49206799E-02
  -1.69943124E-02
  -1.89324971E-02
  -2.07223967E-02
  -2.23520640E-02
  -2.38105170E-02
  -2.50878148E-02
  -2.61751283E-02
  -2.70648096E-02
  -2.77504642E-02
  -2.82270126E-02
  -2.84907483E-02
  -2.85393931E-02
  -2.83721499E-02
  -2.79897358E-02
  -2.73944177E-02
  -2.65900381E-02
  -2.55820248E-02
  -2.43773889E-02
  -2.29847189E-02
  -2.14141514E-02
  -1.96773335E-02
  -1.77873708E-02
  -1.57587565E-02
  -1.36072859E-02
  -1.13499612E-02
  -9.00487322E-03
  -6.59107370E-03
  -4.12843190E-03
  -1.63747650E-03
   8.60772561E-04
   3.34498589E-03
   5.79371210E-03
   8.18557665E-03
   1.04994839E-02
   1.27148228E-02
   1.48116760E-02
   1.67710241E-02
   1.85749494E-02
   2.02068351E-02
   2.16515493E-02
   2.28956249E-02
   2.39274204E-02
   2.47372668E-02
   2.53176019E-02
   2.56630722E-02
   2.57706232E-02
   2.56395619E-02
   2.52715908E-02
   2.46708263E-02
   2.38437746E-02
   2.27992963E-02
   2.15485282E-02
   2.01047920E-02
   1.84834655E-02
   1.67018324E-02
   1.47789102E-02
   1.27352513E-02
   1.05927251E-02
   8.37428495E-03
   6.10371260E-03
   3.80535657E-03
   1.50385662E-03
  -7.76135130E-04
  -3.01023945E-03
  -5.17463032E-03
  -7.24631548E-03
  -9.20340605E-03
  -1.10253785E-02
  -1.26933157E-02
  -1.41901392E-02
  -1.55008128E-02
  -1.66125242E-02
  -1.75148454E-02
  -1.81998555E-02
  -1.86622385E-02
  -1.88993532E-02
  -1.89112555E-02
  -1.87007040E-02
  -1.82731226E-02
  -1.76365245E-02
  -1.68014150E-02
  -1.57806519E-02
  -1.45892818E-02
  -1.32443421E-02
  -1.17646428E-02
  -1.01705194E-02
  -8.48357007E-03
  -6.72637578E-03
  -4.92220046E-03
  -3.09469155E-03
  -1.26756972E-03
   5.35682193E-04
   2.29212549E-03
   3.97966616E-03
   5.57734258E-03
   7.06559885E-03
   8.42653867E-03
   9.64415818E-03
   1.07045500E-02
   1.15960799E-02
   1.23095354E-02
   1.28382361E-02
   1.31781111E-02
   1.33277420E-02
   1.32883685E-02
   1.30638564E-02
   1.26606300E-02
   1.20875696E-02
   1.13558760E-02
   1.04788989E-02
   9.47194174E-03
   8.35203473E-03
   7.13768695E-03
   5.84861776E-03
   4.50547040E-03
   3.12951580E-03
   1.74234645E-03
   3.65567510E-04
  -9.79512697E-04
  -2.27218587E-03
  -3.49263870E-03
  -4.62223357E-03
  -5.64377336E-03
  -6.54174294E-03
  -7.30252825E-03
  -7.91460648E-03
  -8.36870633E-03
  -8.65793694E-03
  -8.77788104E-03
  -8.72665457E-03
  -8.50492716E-03
  -8.11590813E-03
  -7.56529672E-03
  -6.86119543E-03
  -6.01399038E-03
  -5.03619900E-03
  -3.94228660E-03
  -2.74845771E-03
  -1.47241959E-03
  -1.33127905E-04
   1.24948635E-03
   2.65480462E-03
   4.06181533E-03
   5.44941612E-03
   6.79671532E-03
   8.08333233E-03
   9.28968657E-03
   1.03972796E-02
   1.13889594E-02
   1.22491606E-02
   1.29641341E-02
   1.35221379E-02
   1.39136063E-02
   1.41312899E-02
   1.41703552E-02
   1.40284589E-02
   1.37057817E-02
   1.32050291E-02
   1.25313951E-02
   1.16924932E-02
   1.06982524E-02
   9.56078153E-03
   8.29420239E-03
   6.91445731E-03
   5.43908961E-03
   3.88700329E-03
   2.27820431E-03
   6.33527525E-04
  -1.02564879E-03
  -2.67769350E-03
  -4.30101715E-03
  -5.87436371E-03
  -7.37709878E-03
  -8.78948625E-03
  -1.00929542E-02
  -1.12703405E-02
  -1.23061221E-02
  -1.31866187E-02
  -1.39001720E-02
  -1.44372927E-02
  -1.47907827E-02
  -1.49558224E-02
  -1.49300247E-02
  -1.47134596E-02
  -1.43086417E-02
  -1.37204845E-02
  -1.29562253E-02
  -1.20253200E-02
  -1.09393029E-02
  -9.71162692E-03
  -8.35747458E-03
  -6.89355005E-03
  -5.33785019E-03
  -3.70942242E-03
  -2.02810997E-03
  -3.14288889E-04
   1.41139969E-03
   3.12831672E-03
   4.81609069E-03
   6.45487709E-03
   8.02560616E-03
   9.51021910E-03
   1.08918864E-02
   1.21552087E-02
   1.32863969E-02
   1.42734256E-02
   1.51061639E-02
   1.57764778E-02
   1.62783079E-02
   1.66077130E-02
   1.67628899E-02
   1.67441666E-02
   1.65539645E-02
   1.61967296E-02
   1.56788491E-02
   1.50085362E-02
   1.41956955E-02
   1.32517703E-02
   1.21895699E-02
   1.10230856E-02
   9.76729393E-03
   8.43795016E-03
   7.05137709E-03
   5.62425284E-03
   4.17339476E-03
   2.71554990E-03
   1.26719021E-03
  -1.55684073E-04
  -1.53773034E-03
  -2.86443485E-03
  -4.12227213E-03
  -5.29884407E-03
  -6.38300274E-03
  -7.36495294E-03
  -8.23633559E-03
  -8.99028964E-03
  -9.62149259E-03
  -1.01261800E-02
  -1.05021456E-02
  -1.07487217E-02
  -1.08667389E-02
  -1.08584668E-02
  -1.07275434E-02
  -1.04788849E-02
  -1.01185841E-02
  -9.65379644E-03
  -9.09261964E-03
  -8.44395999E-03
  -7.71740172E-03
  -6.92306599E-03
  -6.07147254E-03
  -5.17340191E-03
  -4.23975755E-03
  -3.28143802E-03
  -2.30921013E-03
  -1.33359258E-03
  -3.64747772E-04
   5.87615708E-04
   1.51433027E-03
   2.40684394E-03
   3.25728348E-03
   4.05850494E-03
   4.80413157E-03
   5.48857776E-03
   6.10706583E-03
   6.65562507E-03
   7.13108480E-03
   7.53105618E-03
   7.85390474E-03
   8.09871592E-03
   8.26525223E-03
   8.35391041E-03
   8.36566929E-03
   8.30203388E-03
   8.16498604E-03
   7.95692671E-03
   7.68062193E-03
   7.33915251E-03
   6.93586562E-03
   6.47432869E-03
   5.95828844E-03
   5.39163686E-03
   4.77837911E-03
   4.12260881E-03
   3.42848827E-03
   2.70023453E-03
   1.94210955E-03
   1.15841511E-03
   3.53491690E-04
  -4.68278478E-04
  -1.30246766E-03
  -2.14459514E-03
  -2.99012125E-03
  -3.83444061E-03
  -4.67287423E-03
  -5.50066866E-03
  -6.31299289E-03
  -7.10494351E-03
  -7.87154958E-03
  -8.60778708E-03
  -9.30859521E-03
  -9.96890012E-03
  -1.05836457E-02
  -1.11478278E-02
  -1.16565358E-02
  -1.21050002E-02
  -1.24886436E-02
  -1.28031382E-02
  -1.30444625E-02
  -1.32089667E-02
  -1.32934358E-02
  -1.32951541E-02
  -1.32119684E-02
  -1.30423503E-02
  -1.27854552E-02
  -1.24411741E-02
  -1.20101823E-02
  -1.14939809E-02
  -1.08949272E-02
  -1.02162594E-02
  -9.46210884E-03
  -8.63749906E-03
  -7.74833839E-03
  -6.80139381E-03
  -5.80425747E-03
  -4.76529775E-03
  -3.69359856E-03
  -2.59888498E-03
  -1.49143941E-03
  -3.82004306E-04
   7.18323397E-04
   1.79820810E-03
   2.84619816E-03
   3.85085656E-03
   4.80089337E-03
   5.68530476E-03
   6.49350928E-03
   7.21548777E-03
   7.84191675E-03
   8.36430024E-03
   8.77509266E-03
   9.06781573E-03
   9.23716370E-03
   9.27909836E-03
   9.19092819E-03
   8.97137541E-03
   8.62062536E-03
   8.14035814E-03
   7.53376493E-03
   6.80554332E-03
   5.96187450E-03
   5.01038181E-03
   3.96007020E-03
   2.82124523E-03
   1.60541933E-03
   3.25195957E-04
  -1.00586074E-03
  -2.37336755E-03
  -3.76227964E-03
  -5.15705813E-03
  -6.54184585E-03
  -7.90064968E-03
  -9.21752770E-03
  -1.04767783E-02
  -1.16631296E-02
  -1.27619216E-02
  -1.37592917E-02
  -1.46423429E-02
  -1.53993070E-02
  -1.60196964E-02
  -1.64944381E-02
  -1.68159939E-02
  -1.69784613E-02
  -1.69776529E-02
  -1.68111622E-02
  -1.64783970E-02
  -1.59806050E-02
  -1.53208617E-02
  -1.45040443E-02
  -1.35367820E-02
  -1.24273840E-02
  -1.11857448E-02
  -9.82323382E-03
  -8.35256279E-03
  -6.78763818E-03
  -5.14339888E-03
  -3.43564106E-03
  -1.68083236E-03
   1.04079838E-04
   1.90186745E-03
   3.69522441E-03
   5.46696503E-03
   7.20022479E-03
   8.87865387E-03
   1.04866028E-02
   1.20092966E-02
   1.34330010E-02
   1.47451703E-02
   1.59345791E-02
   1.69914421E-02
   1.79075059E-02
   1.86761245E-02
   1.92923211E-02
   1.97528154E-02
   2.00560372E-02
   2.02021189E-02
   2.01928653E-02
   2.00317018E-02
   1.97236054E-02
   1.92750134E-02
   1.86937265E-02
   1.79887842E-02
   1.71703305E-02
   1.62494741E-02
   1.52381342E-02
   1.41488835E-02
   1.29947811E-02
   1.17892092E-02
   1.05457082E-02
   9.27781034E-03
   7.99888372E-03
   6.72197808E-03
   5.45968441E-03
   4.22399817E-03
   3.02619836E-03
   1.87673932E-03
   7.85155222E-04
  -2.40019057E-04
  -1.19131221E-03
  -2.06236448E-03
  -2.84795952E-03
  -3.54404072E-03
  -4.14771074E-03
  -4.65721777E-03
  -5.07192500E-03
  -5.39226830E-03
  -5.61970286E-03
  -5.75663568E-03
  -5.80635108E-03
  -5.77292778E-03
  -5.66114858E-03
  -5.47640724E-03
  -5.22460882E-03
  -4.91207186E-03
  -4.54542972E-03
  -4.13153181E-03
  -3.67735000E-03
  -3.18988808E-03
  -2.67609651E-03
  -2.14279536E-03
  -1.59660308E-03
  -1.04387372E-03
  -4.90643899E-04
   5.74124279E-05
   5.95019315E-04
   1.11732516E-03
   1.61991944E-03
   2.09884159E-03
   2.55057984E-03
   2.97206524E-03
   3.36065632E-03
   3.71411862E-03
   4.03059879E-03
   4.30859579E-03
   4.54692729E-03
   4.74469550E-03
   4.90125176E-03
   5.01615973E-03
   5.08916285E-03
   5.12015168E-03
   5.10913460E-03
   5.05621219E-03
   4.96155676E-03
   4.82539646E-03
   4.64800419E-03
   4.42969380E-03
   4.17081919E-03
   3.87178105E-03
   3.53304017E-03
   3.15513345E-03
   2.73869559E-03
   2.28448608E-03
   1.79341738E-03
   1.26658718E-03
   7.05312297E-04
   1.11162604E-04
  -5.14005136E-04
  -1.16801495E-03
  -1.84834166E-03
  -2.55208462E-03
  -3.27594648E-03
  -4.01621638E-03
  -4.76876181E-03
  -5.52902464E-03
  -6.29202835E-03
  -7.05239177E-03
  -7.80435232E-03
  -8.54179822E-03
  -9.25830938E-03
  -9.94720962E-03
  -1.06016258E-02
  -1.12145524E-02
  -1.17789321E-02
  -1.22877313E-02
  -1.27340332E-02
  -1.31111257E-02
  -1.34125995E-02
  -1.36324437E-02
  -1.37651432E-02
  -1.38057740E-02
  -1.37500977E-02
  -1.35946469E-02
  -1.33368112E-02
  -1.29749067E-02
  -1.25082443E-02
  -1.19371815E-02
  -1.12631647E-02
  -1.04887588E-02
  -9.61766113E-03
  -8.65469873E-03
  -7.60581670E-03
  -6.47804327E-03
  -5.27944462E-03
  -4.01906017E-03
  -2.70682620E-03
  -1.35348272E-03
   2.95321224E-05
   1.43020053E-03
   2.83605373E-03
   4.23431024E-03
   5.61202224E-03
   6.95622666E-03
   8.25410150E-03
   9.49311908E-03
   1.06612062E-02
   1.17468946E-02
   1.27394674E-02
   1.36291031E-02
   1.44070033E-02
   1.50655136E-02
   1.55982291E-02
   1.60000883E-02
   1.62674431E-02
   1.63981207E-02
   1.63914599E-02
   1.62483305E-02
   1.59711316E-02
   1.55637730E-02
   1.50316330E-02
   1.43814953E-02
   1.36214718E-02
   1.27609046E-02
   1.18102496E-02
   1.07809473E-02
   9.68527701E-03
   8.53620190E-03
   7.34720286E-03
   6.13210397E-03
   4.90489369E-03
   3.67954257E-03
   2.46982044E-03
   1.28911738E-03
   1.50266336E-04
  -9.34624812E-04
  -1.95433293E-03
  -2.89866608E-03
  -3.75859905E-03
  -4.52638976E-03
  -5.19568007E-03
  -5.76157821E-03
  -6.22071978E-03
  -6.57130685E-03
  -6.81312755E-03
  -6.94755185E-03
  -6.97750598E-03
  -6.90742396E-03
  -6.74317824E-03
  -6.49199029E-03
  -6.16232120E-03
  -5.76374494E-03
  -5.30680502E-03
  -4.80285706E-03
  -4.26389929E-03
  -3.70239350E-03
  -3.13107972E-03
  -2.56278459E-03
  -2.01022881E-03
  -1.48583599E-03
  -1.00154383E-03
  -5.68622258E-04
  -1.97500922E-04
   1.02393038E-04
   3.22782318E-04
   4.56671813E-04
   4.98462701E-04
   4.44047066E-04
   2.90881668E-04
   3.80394922E-05
  -3.13761237E-04
  -7.62152311E-04
  -1.30313262E-03
  -1.93111040E-03
  -2.63896747E-03
  -3.41814524E-03
  -4.25875187E-03
  -5.14968950E-03
  -6.07879786E-03
  -7.03301560E-03
  -7.99855217E-03
  -8.96107499E-03
  -9.90590174E-03
  -1.08182002E-02
  -1.16831921E-02
  -1.24863544E-02
  -1.32136242E-02
  -1.38515923E-02
  -1.43876933E-02
  -1.48103833E-02
  -1.51093062E-02
  -1.52754448E-02
  -1.53012546E-02
  -1.51807806E-02
  -1.49097499E-02
  -1.44856498E-02
  -1.39077771E-02
  -1.31772645E-02
  -1.22970911E-02
  -1.12720607E-02
  -1.01087606E-02
  -8.81550089E-03
  -7.40222773E-03
  -5.88041684E-03
  -4.26295120E-03
  -2.56397808E-03
  -7.98752531E-04
   1.01653289E-03
   2.86493031E-03
   4.72892635E-03
   6.59063924E-03
   8.43201950E-03
   1.02350516E-02
   1.19819548E-02
   1.36553822E-02
   1.52386110E-02
   1.67157259E-02
   1.80717949E-02
   1.92930251E-02
   2.03669164E-02
   2.12823879E-02
   2.20298935E-02
   2.26015225E-02
   2.29910724E-02
   2.31941100E-02
   2.32080054E-02
   2.30319537E-02
   2.26669740E-02
   2.21158825E-02
   2.13832557E-02
   2.04753727E-02
   1.94001328E-02
   1.81669705E-02
   1.67867392E-02
   1.52716003E-02
   1.36348838E-02
   1.18909478E-02
   1.00550279E-02
   8.14308040E-03
   6.17162045E-03
   4.15755762E-03
   2.11803080E-03
   7.02426769E-05
  -1.96870067E-03
  -3.98194883E-03
  -5.95305767E-03
  -7.86613580E-03
  -9.70597845E-03
  -1.14581976E-02
  -1.31093338E-02
  -1.46469641E-02
  -1.60597935E-02
  -1.73377320E-02
  -1.84719656E-02
  -1.94550082E-02
  -2.02807374E-02
  -2.09444258E-02
  -2.14427523E-02
  -2.17738058E-02
  -2.19370686E-02
  -2.19333973E-02
  -2.17649862E-02
  -2.14353260E-02
  -2.09491439E-02
  -2.03123447E-02
  -1.95319410E-02
  -1.86159723E-02
  -1.75734237E-02
  -1.64141357E-02
  -1.51487142E-02
  -1.37884328E-02
  -1.23451333E-02
  -1.08311260E-02
  -9.25908983E-03
  -7.64197065E-03
  -5.99288102E-03
  -4.32499917E-03
  -2.65147351E-03
  -9.85325431E-04
   6.60642283E-04
   2.27393676E-03
   3.84245953E-03
   5.35459071E-03
   6.79926667E-03
   8.16605240E-03
   9.44521371E-03
   1.06277801E-02
   1.17056016E-02
   1.26714082E-02
   1.35188522E-02
   1.42425541E-02
   1.48381377E-02
   1.53022595E-02
   1.56326331E-02
   1.58280451E-02
   1.58883650E-02
   1.58145465E-02
   1.56086218E-02
   1.52736930E-02
   1.48139065E-02
   1.42344255E-02
   1.35413948E-02
   1.27418954E-02
   1.18438909E-02
   1.08561674E-02
   9.78826731E-03
   8.65040906E-03
   7.45340856E-03
   6.20858604E-03
   4.92767338E-03
   3.62271024E-03
   2.30593933E-03
   9.89697175E-04
  -3.13700410E-04
  -1.59207254E-03
  -2.83348979E-03
  -4.02638875E-03
  -5.15968818E-03
  -6.22290000E-03
  -7.20623648E-03
  -8.10071453E-03
  -8.89825262E-03
  -9.59175732E-03
  -1.01752058E-02
  -1.06437160E-02
  -1.09936036E-02
  -1.12224342E-02
  -1.13290539E-02
  -1.13136116E-02
  -1.11775687E-02
  -1.09236892E-02
  -1.05560198E-02
  -1.00798532E-02
  -9.50167887E-03
  -8.82911589E-03
  -8.07083491E-03
  -7.23646488E-03
  -6.33649109E-03
  -5.38213830E-03
  -4.38524457E-03
  -3.35812755E-03
  -2.31344230E-03
  -1.26403361E-03
  -2.22784700E-04
   7.97535991E-04
   1.78443047E-03
   2.72582215E-03
   3.61020584E-03
   4.42679133E-03
   5.16564026E-03
   5.81779331E-03
   6.37538731E-03
   6.83175912E-03
   7.18153687E-03
   7.42071355E-03
   7.54670752E-03
   7.55840307E-03
   7.45617412E-03
   7.24188797E-03
   6.91889133E-03
   6.49197632E-03
   5.96732832E-03
   5.35245519E-03
   4.65609785E-03
   3.88812600E-03
   3.05941515E-03
   2.18171254E-03
   1.26748835E-03
   3.29777424E-04
  -6.17989048E-04
  -1.56215834E-03
  -2.48903478E-03
  -3.38506186E-03
  -4.23700269E-03
  -5.03211888E-03
  -5.75834420E-03
  -6.40445109E-03
  -6.96020713E-03
  -7.41652027E-03
  -7.76556972E-03
  -8.00092053E-03
  -8.11762270E-03
  -8.11228994E-03
  -7.98315741E-03
  -7.73012079E-03
  -7.35475263E-03
  -6.86029531E-03
  -6.25163363E-03
  -5.53524401E-03
  -4.71912324E-03
  -3.81269539E-03
  -2.82670092E-03
  -1.77306612E-03
  -6.64755586E-04
   4.84388787E-04
   1.65982172E-03
   2.84647895E-03
   4.02897084E-03
   5.19177876E-03
   6.31945767E-03
   7.39683583E-03
   8.40921421E-03
   9.34255961E-03
   1.01836901E-02
   1.09204529E-02
   1.15418835E-02
