   0.00000000    
   0.00000000    
   0.00000000    
   0.00000000    
   0.00000000    
   0.00000000    
   0.00000000    
   0.00000000    
   0.00000000    
   0.00000000    
   0.00000000    
   0.00000000    
   0.00000000    
   0.00000000    
   0.00000000    
   0.00000000    
   0.00000000    
   0.00000000    
   0.00000000    
   0.00000000    
   0.00000000    
   0.00000000    
   0.00000000    
   0.00000000    
   0.00000000    
   0.00000000    
   0.00000000    
   0.00000000    
   0.00000000    
   0.00000000    
   0.00000000    
   0.00000000    
   0.00000000    
   0.00000000    
   0.00000000    
   0.00000000    
   0.00000000    
   0.00000000    
   0.00000000    
   0.00000000    
   0.00000000    
   0.00000000    
   0.00000000    
   0.00000000    
   0.00000000    
   0.00000000    
   0.00000000    
   0.00000000    
   0.00000000    
   0.00000000    
   0.00000000    
   0.00000000    
   0.00000000    
   0.00000000    
   0.00000000    
   0.00000000    
   0.00000000    
   0.00000000    
   0.00000000    
   0.00000000    
   0.00000000    
   0.00000000    
   0.00000000    
  -1.40129846E-45
  -4.20389539E-45
  -9.80908925E-45
  -1.82168800E-44
  -2.80259693E-44
  -3.36311631E-44
  -2.52233724E-44
   1.96181785E-44
   1.40129846E-43
   3.96567465E-43
   8.70206346E-43
   1.64512440E-42
   2.75635408E-42
   4.07777853E-42
   5.11894329E-42
   4.69575115E-42
   4.54020702E-43
  -1.17246643E-41
  -3.83044935E-41
  -8.83560721E-41
  -1.72910421E-40
  -3.02376387E-40
  -4.80510849E-40
  -6.92895848E-40
  -8.87425502E-40
  -9.44461152E-40
  -6.35425795E-40
   4.28521274E-40
   2.85027331E-39
   7.48599424E-39
   1.54378586E-38
   2.79481131E-38
   4.61166316E-38
   7.03359848E-38
   9.93131162E-38
   1.28535200E-37
   1.48056263E-37
   1.39553554E-37
   7.27597042E-38
  -9.83436980E-38
  -4.38746190E-37
  -1.03358178E-36
  -1.98495089E-36
  -3.40104689E-36
  -5.37309184E-36
  -7.93448284E-36
  -1.09957961E-35
  -1.42492874E-35
  -1.70379641E-35
  -1.81879124E-35
  -1.58093644E-35
  -7.08311398E-36
   1.19346498E-35
   4.64332351E-35
   1.02808862E-34
   1.88345844E-34
   3.10457242E-34
   4.75285059E-34
   6.85427496E-34
   9.36545094E-34
   1.21261398E-33
   1.47966160E-33
   1.67796162E-33
   1.71290576E-33
   1.44514394E-33
   6.81110493E-34
  -8.34244208E-34
  -3.41980180E-33
  -7.45194799E-33
  -1.33446277E-32
  -2.15096849E-32
  -3.22902803E-32
  -4.58596140E-32
  -6.20770867E-32
  -8.02952391E-32
  -9.91135694E-32
  -1.16080044E-31
  -1.27349061E-31
  -1.27315289E-31
  -1.08257940E-31
  -6.00484950E-32
   3.00022452E-32
   1.77055886E-31
   3.98287814E-31
   7.11902042E-31
   1.13544046E-30
   1.68319375E-30
   2.36252453E-30
   3.16893378E-30
   4.07976549E-30
   5.04653304E-30
   5.98600656E-30
   6.77041262E-30
   7.21735325E-30
   7.08043318E-30
   6.04196084E-30
   3.70957542E-30
  -3.80832099E-31
  -6.75305066E-30
  -1.59660044E-29
  -2.85730726E-29
  -4.50614524E-29
  -6.57679618E-29
  -9.07682778E-29
  -1.19737761E-28
  -1.51784019E-28
  -1.85254299E-28
  -2.17524615E-28
  -2.44782663E-28
  -2.61823002E-28
  -2.61881406E-28
  -2.36543173E-28
  -1.75772019E-28
  -6.81156463E-29
   9.88429136E-29
   3.37709673E-28
   6.60091351E-28
   1.07490050E-27
   1.58605752E-27
   2.18950289E-27
   2.86944611E-27
   3.59381147E-27
   4.30888846E-27
   4.93327148E-27
   5.35126838E-27
   5.40610230E-27
   4.89341436E-27
   3.55580209E-27
   1.07943482E-27
  -2.90585754E-27
  -8.82117515E-27
  -1.71254338E-26
  -2.82915411E-26
  -4.27681155E-26
  -6.09222548E-26
  -8.29578577E-26
  -1.08803110E-25
  -1.37959927E-25
  -1.69306991E-25
  -2.00847635E-25
  -2.29393356E-25
  -2.50173850E-25
  -2.56366063E-25
  -2.38536377E-25
  -1.83995162E-25
  -7.60692100E-26
   1.06692303E-25
   3.91348127E-25
   8.11380468E-25
   1.40741838E-24
   2.22775385E-24
   3.32848933E-24
   4.77309205E-24
   6.63105985E-24
   8.97530360E-24
   1.18777398E-23
   1.54024524E-23
   1.95956220E-23
   2.44712589E-23
   2.99915418E-23
   3.60403726E-23
   4.23885793E-23
   4.86489069E-23
   5.42188328E-23
   5.82091122E-23
   5.93559329E-23
   5.59147513E-23
   4.55342063E-23
   2.51093148E-23
  -9.38575898E-24
  -6.30833512E-23
  -1.42421693E-22
  -2.55350009E-22
  -4.11526570E-22
  -6.22490468E-22
  -9.01779945E-22
  -1.26496070E-21
  -1.72951127E-21
  -2.31450447E-21
  -3.03999174E-21
  -3.92599063E-21
  -4.99093438E-21
  -6.24941940E-21
  -7.70905027E-21
  -9.36614265E-21
  -1.12000053E-20
  -1.31654793E-20
  -1.51833670E-20
  -1.71283579E-20
  -1.88140389E-20
  -1.99745216E-20
  -2.02423019E-20
  -1.91219488E-20
  -1.59593901E-20
  -9.90661067E-21
   1.18002812E-22
   1.54732325E-20
   3.78414935E-20
   6.92764538E-20
   1.12249301E-19
   1.69689718E-19
   2.45016429E-19
   3.42150336E-19
   4.65500336E-19
   6.19910244E-19
   8.10550560E-19
   1.04273675E-18
   1.32164799E-18
   1.65192001E-18
   2.03707391E-18
   2.47874183E-18
   2.97564019E-18
   3.52223431E-18
   4.10703487E-18
   4.71045279E-18
   5.30214377E-18
   5.83775976E-18
   6.25503474E-18
   6.46912521E-18
   6.36714749E-18
   5.80186136E-18
   4.58448600E-18
   2.47667760E-18
  -8.18253111E-19
  -5.66470530E-18
  -1.25044645E-17
  -2.18662697E-17
  -3.43746716E-17
  -5.07573608E-17
  -7.18499139E-17
  -9.85964284E-17
  -1.32044310E-16
  -1.73330880E-16
  -2.23658970E-16
  -2.84257798E-16
  -3.56325320E-16
  -4.40946665E-16
  -5.38983052E-16
  -6.50923379E-16
  -7.76692526E-16
  -9.15405870E-16
  -1.06506050E-15
  -1.22215282E-15
  -1.38121089E-15
  -1.53423046E-15
  -1.67000148E-15
  -1.77331483E-15
  -1.82404056E-15
  -1.79606687E-15
  -1.65610082E-15
  -1.36232798E-15
  -8.62943879E-16
  -9.45749674E-17
   1.01937948E-15
   2.57043392E-15
   4.66666407E-15
   7.43421675E-15
   1.10185586E-14
   1.55852978E-14
   2.13203715E-14
   2.84293158E-14
   3.71353576E-14
   4.76758424E-14
   6.02966028E-14
   7.52436850E-14
   9.27517273E-14
   1.13028395E-13
   1.36233689E-13
   1.62453560E-13
   1.91666182E-13
   2.23700385E-13
   2.58184180E-13
   2.94482429E-13
   3.31622127E-13
   3.68203569E-13
   4.02296414E-13
   4.31318718E-13
   4.51898122E-13
   4.59714135E-13
   4.49321434E-13
   4.13953675E-13
   3.45309149E-13
   2.33320606E-13
   6.59122347E-14
  -1.71251359E-13
  -4.95016354E-13
  -9.24982205E-13
  -1.48372363E-12
  -2.19697286E-12
  -3.09374510E-12
  -4.20638264E-12
  -5.57048374E-12
  -7.22468006E-12
  -9.21022460E-12
  -1.15703341E-11
  -1.43492215E-11
  -1.75907552E-11
  -2.13366685E-11
  -2.56242336E-11
  -3.04832722E-11
  -3.59324306E-11
  -4.19745731E-11
  -4.85911762E-11
  -5.57355551E-11
  -6.33248107E-11
  -7.12303411E-11
  -7.92667113E-11
  -8.71787850E-11
  -9.46269590E-11
  -1.01170343E-10
  -1.06247795E-10
  -1.09156705E-10
  -1.09029549E-10
  -1.04808155E-10
  -9.52157936E-11
  -7.87273094E-11
  -5.35374731E-11
  -1.75281074E-11
   3.17655797E-11
   9.71885974E-11
   1.81998819E-10
   2.89897412E-10
   4.25055574E-10
   5.92135563E-10
   7.96304300E-10
   1.04323639E-09
   1.33910394E-09
   1.69054937E-09
   2.10463669E-09
   2.58877808E-09
   3.15062820E-09
   3.79794285E-09
   4.53839410E-09
   5.37932854E-09
   6.32747854E-09
   7.38858930E-09
   8.56698446E-09
   9.86502524E-09
   1.12824887E-08
   1.28158151E-08
   1.44572470E-08
   1.61938232E-08
   1.80062205E-08
   1.98674286E-08
   2.17412524E-08
   2.35806166E-08
   2.53256704E-08
   2.69016525E-08
   2.82165544E-08
   2.91585085E-08
   2.95929468E-08
   2.93594837E-08
   2.82685431E-08
   2.60977089E-08
   2.25878143E-08
   1.74387598E-08
   1.03050821E-08
   7.91288646E-10
  -1.15530430E-08
  -2.72383431E-08
  -4.68403201E-08
  -7.10053101E-08
  -1.00455750E-07
  -1.35995677E-07
  -1.78516146E-07
  -2.29000563E-07
  -2.88529918E-07
  -3.58287622E-07
  -4.39563848E-07
  -5.33759930E-07
  -6.42391512E-07
  -7.67091649E-07
  -9.09612254E-07
  -1.07182541E-06
  -1.25572330E-06
  -1.46341688E-06
  -1.69713280E-06
  -1.95920961E-06
  -2.25209169E-06
  -2.57832176E-06
  -2.94053098E-06
  -3.34142783E-06
  -3.78378445E-06
  -4.27042050E-06
  -4.80418612E-06
  -5.38793802E-06
  -6.02452064E-06
  -6.71673934E-06
  -7.46733303E-06
  -8.27894200E-06
  -9.15408054E-06
  -1.00951011E-05
  -1.11041563E-05
  -1.21831627E-05
  -1.33337589E-05
  -1.45572722E-05
  -1.58546718E-05
  -1.72265318E-05
  -1.86729849E-05
  -2.01936855E-05
  -2.17877659E-05
  -2.34538002E-05
  -2.51897691E-05
  -2.69930224E-05
  -2.88602459E-05
  -3.07874434E-05
  -3.27699090E-05
  -3.48022040E-05
  -3.68781621E-05
  -3.89908382E-05
  -4.11325709E-05
  -4.32949528E-05
  -4.54688379E-05
  -4.76443893E-05
  -4.98110930E-05
  -5.19578134E-05
  -5.40728142E-05
  -5.61438392E-05
  -5.81581735E-05
  -6.01027168E-05
  -6.19640559E-05
  -6.37285702E-05
  -6.53825045E-05
  -6.69120855E-05
  -6.83036633E-05
  -6.95437848E-05
  -7.06193241E-05
  -7.15176138E-05
  -7.22265759E-05
  -7.27348233E-05
  -7.30318061E-05
  -7.31079490E-05
  -7.29547392E-05
  -7.25648570E-05
  -7.19322925E-05
  -7.10524473E-05
  -6.99222292E-05
  -6.85401246E-05
  -6.69062938E-05
  -6.50226066E-05
  -6.28926864E-05
  -6.05219720E-05
  -5.79177104E-05
  -5.50889526E-05
  -5.20465255E-05
  -4.88030273E-05
  -4.53727480E-05
  -4.17716146E-05
  -3.80170895E-05
  -3.41280611E-05
  -3.01247401E-05
  -2.60285215E-05
  -2.18618061E-05
  -1.76478716E-05
  -1.34106695E-05
  -9.17465422E-06
  -4.96458688E-06
  -8.05335105E-07
   3.27833095E-06
   7.26194367E-06
   1.11215431E-05
   1.48338804E-05
   1.83766133E-05
   2.17284996E-05
   2.48695833E-05
   2.77813542E-05
   3.04469122E-05
   3.28511123E-05
   3.49806942E-05
   3.68243818E-05
   3.83729748E-05
   3.96194155E-05
   4.05588471E-05
   4.11886322E-05
   4.15083523E-05
   4.15198010E-05
   4.12269401E-05
   4.06358304E-05
   3.97545700E-05
   3.85931671E-05
   3.71634560E-05
   3.54789336E-05
   3.35546138E-05
   3.14068893E-05
   2.90533189E-05
   2.65124763E-05
   2.38037446E-05
   2.09471236E-05
   1.79630351E-05
   1.48721265E-05
   1.16950732E-05
   8.45239447E-06
   5.16426644E-06
   1.85035162E-06
  -1.47036599E-06
  -4.77973117E-06
  -8.06055505E-06
  -1.12967336E-05
  -1.44733576E-05
  -1.75768000E-05
  -2.05947817E-05
  -2.35164262E-05
  -2.63322945E-05
  -2.90343978E-05
  -3.16162004E-05
  -3.40725892E-05
  -3.63998479E-05
  -3.85956009E-05
  -4.06587496E-05
  -4.25893886E-05
  -4.43887111E-05
  -4.60589108E-05
  -4.76030764E-05
  -4.90250823E-05
  -5.03294505E-05
  -5.15212305E-05
  -5.26058902E-05
  -5.35891741E-05
  -5.44769973E-05
  -5.52753045E-05
  -5.59899891E-05
  -5.66267663E-05
  -5.71910969E-05
  -5.76880702E-05
  -5.81223539E-05
  -5.84981026E-05
  -5.88189432E-05
  -5.90878954E-05
  -5.93073564E-05
  -5.94790799E-05
  -5.96041682E-05
  -5.96830942E-05
  -5.97157014E-05
  -5.97012331E-05
  -5.96383761E-05
  -5.95253114E-05
  -5.93597579E-05
  -5.91390417E-05
  -5.88601506E-05
  -5.85198213E-05
  -5.81146123E-05
  -5.76409511E-05
  -5.70952507E-05
  -5.64739457E-05
  -5.57736021E-05
  -5.49909673E-05
  -5.41230256E-05
  -5.31670994E-05
  -5.21208531E-05
  -5.09823840E-05
  -4.97502406E-05
  -4.84234770E-05
  -4.70016639E-05
  -4.54849142E-05
  -4.38739080E-05
  -4.21698751E-05
  -4.03746089E-05
  -3.84904633E-05
  -3.65203014E-05
  -3.44675245E-05
  -3.23359964E-05
  -3.01300424E-05
  -2.78544085E-05
  -2.55142040E-05
  -2.31148733E-05
  -2.06621498E-05
  -1.81620071E-05
  -1.56206170E-05
  -1.30443022E-05
  -1.04394940E-05
  -7.81268591E-06
  -5.17039916E-06
  -2.51914116E-06
   1.34623676E-07
   2.78450761E-06
   5.42422549E-06
   8.04761567E-06
   1.06486614E-05
   1.32215027E-05
   1.57604500E-05
   1.82599888E-05
   2.07147823E-05
   2.31196809E-05
   2.54697115E-05
   2.77600720E-05
   2.99861240E-05
   3.21433872E-05
   3.42275380E-05
   3.62343817E-05
   3.81598438E-05
   3.99999662E-05
   4.17508927E-05
   4.34088579E-05
   4.49701693E-05
   4.64312179E-05
   4.77884314E-05
   4.90383172E-05
   5.01774193E-05
   5.12023362E-05
   5.21097136E-05
   5.28962410E-05
   5.35586769E-05
   5.40938272E-05
   5.44985742E-05
   5.47698801E-05
   5.49048018E-05
   5.49005090E-05
   5.47542950E-05
   5.44635986E-05
   5.40260226E-05
   5.34393694E-05
   5.27016382E-05
   5.18110828E-05
   5.07662080E-05
   4.95658096E-05
   4.82090072E-05
   4.66952697E-05
   4.50244333E-05
   4.31967528E-05
   4.12129157E-05
   3.90741006E-05
   3.67819775E-05
   3.43387437E-05
   3.17471895E-05
   2.90107018E-05
   2.61332971E-05
   2.31196627E-05
   1.99751867E-05
   1.67059843E-05
   1.33189315E-05
   9.82168604E-06
   6.22272364E-06
   2.53135204E-06
  -1.24226483E-06
  -5.08708536E-06
  -8.99117913E-06
  -1.29417112E-05
  -1.69249342E-05
  -2.09261816E-05
  -2.49298755E-05
  -2.89195195E-05
  -3.28777205E-05
  -3.67861867E-05
  -4.06257677E-05
  -4.43764693E-05
  -4.80174822E-05
  -5.15272513E-05
  -5.48834869E-05
  -5.80632186E-05
  -6.10428833E-05
  -6.37983976E-05
  -6.63051760E-05
  -6.85382765E-05
  -7.04724516E-05
  -7.20822427E-05
  -7.33421039E-05
  -7.42265111E-05
  -7.47100348E-05
  -7.47675222E-05
  -7.43741621E-05
  -7.35056237E-05
  -7.21382166E-05
  -7.02490142E-05
  -6.78160068E-05
  -6.48181885E-05
  -6.12357690E-05
  -5.70502889E-05
  -5.22447481E-05
  -4.68037651E-05
  -4.07137013E-05
  -3.39628241E-05
  -2.65414292E-05
  -1.84419696E-05
  -9.65917843E-06
  -1.90193546E-07
   9.96532617E-06
   2.08051042E-05
   3.23241475E-05
   4.45146507E-05
   5.73659308E-05
   7.08643638E-05
   8.49932912E-05
   9.97330499E-05
   1.15060888E-04
   1.30950953E-04
   1.47374347E-04
   1.64299068E-04
   1.81690091E-04
   1.99509348E-04
   2.17715919E-04
   2.36266016E-04
   2.55113060E-04
   2.74207938E-04
   2.93498888E-04
   3.12931952E-04
   3.32450873E-04
   3.51997413E-04
   3.71511647E-04
   3.90931818E-04
   4.10195033E-04
   4.29237145E-04
   4.47993167E-04
   4.66397498E-04
   4.84384218E-04
   5.01887524E-04
   5.18841553E-04
   5.35181200E-04
   5.50842262E-04
   5.65761758E-04
   5.79877989E-04
   5.93131175E-04
   6.05463632E-04
   6.16820238E-04
   6.27148373E-04
   6.36398734E-04
   6.44524989E-04
   6.51484705E-04
   6.57239114E-04
   6.61753584E-04
   6.64997729E-04
   6.66945707E-04
   6.67576329E-04
   6.66873355E-04
   6.64825435E-04
   6.61426398E-04
   6.56675198E-04
   6.50575967E-04
   6.43138250E-04
   6.34376833E-04
   6.24311680E-04
   6.12967997E-04
   6.00375934E-04
   5.86570706E-04
   5.71592420E-04
   5.55485603E-04
   5.38299384E-04
   5.20086905E-04
   5.00905444E-04
   4.80815797E-04
   4.59882169E-04
   4.38171672E-04
   4.15754213E-04
   3.92702001E-04
   3.69089103E-04
   3.44991218E-04
   3.20485153E-04
   2.95648555E-04
   2.70559336E-04
   2.45295465E-04
   2.19934402E-04
   1.94552806E-04
   1.69226143E-04
   1.44028236E-04
   1.19030963E-04
   9.43039340E-05
   6.99141019E-05
   4.59254952E-05
   2.23989464E-05
  -6.08210996E-07
  -2.30423357E-05
  -4.48536957E-05
  -6.59966390E-05
  -8.64297326E-05
  -1.06115891E-04
  -1.25022430E-04
  -1.43121142E-04
  -1.60388285E-04
  -1.76804577E-04
  -1.92355117E-04
  -2.07029356E-04
  -2.20820963E-04
  -2.33727653E-04
  -2.45751085E-04
  -2.56896543E-04
  -2.67172931E-04
  -2.76592415E-04
  -2.85170070E-04
  -2.92923796E-04
  -2.99873936E-04
  -3.06042959E-04
  -3.11455195E-04
  -3.16136517E-04
  -3.20114079E-04
  -3.23415967E-04
  -3.26070731E-04
  -3.28107417E-04
  -3.29554925E-04
  -3.30442068E-04
  -3.30796931E-04
  -3.30646988E-04
  -3.30018578E-04
  -3.28936847E-04
  -3.27425543E-04
  -3.25506786E-04
  -3.23201006E-04
  -3.20526771E-04
  -3.17500730E-04
  -3.14137520E-04
  -3.10449861E-04
  -3.06448317E-04
  -3.02141620E-04
  -2.97536433E-04
  -2.92637589E-04
  -2.87448172E-04
  -2.81969755E-04
  -2.76202307E-04
  -2.70144519E-04
  -2.63793976E-04
  -2.57147360E-04
  -2.50200712E-04
  -2.42949565E-04
  -2.35389307E-04
  -2.27515295E-04
  -2.19323250E-04
  -2.10809347E-04
  -2.01970615E-04
  -1.92805135E-04
  -1.83312208E-04
  -1.73492634E-04
  -1.63348945E-04
  -1.52885565E-04
  -1.42109013E-04
  -1.31027991E-04
  -1.19653610E-04
  -1.07999476E-04
  -9.60817488E-05
  -8.39191998E-05
  -7.15332644E-05
  -5.89480296E-05
  -4.61902237E-05
  -3.32891323E-05
  -2.02765186E-05
  -7.18651881E-06
   5.94451330E-06
   1.90781848E-05
   3.21742409E-05
   4.51908163E-05
   5.80846499E-05
   7.08113876E-05
   8.33258237E-05
   9.55822325E-05
   1.07534681E-04
   1.19137323E-04
   1.30344764E-04
   1.41112381E-04
   1.51396671E-04
   1.61155534E-04
   1.70348707E-04
   1.78938004E-04
   1.86887657E-04
   1.94164575E-04
   2.00738708E-04
   2.06583223E-04
   2.11674807E-04
   2.15993816E-04
   2.19524562E-04
   2.22255287E-04
   2.24178497E-04
   2.25290933E-04
   2.25593700E-04
   2.25092197E-04
   2.23796247E-04
   2.21719951E-04
   2.18881629E-04
   2.15303706E-04
   2.11012622E-04
   2.06038618E-04
   2.00415525E-04
   1.94180539E-04
   1.87373997E-04
   1.80038987E-04
   1.72221189E-04
   1.63968405E-04
   1.55330301E-04
   1.46358056E-04
   1.37103940E-04
   1.27620937E-04
   1.17962467E-04
   1.08181892E-04
   9.83321879E-05
   8.84656256E-05
   7.86333330E-05
   6.88850050E-05
   5.92685719E-05
   4.98298905E-05
   4.06124454E-05
   3.16570950E-05
   2.30018450E-05
   1.46816283E-05
   6.72813894E-06
  -8.30319948E-07
  -7.96894710E-06
  -1.46665298E-05
  -2.09054870E-05
  -2.66718835E-05
  -3.19554129E-05
  -3.67493594E-05
  -4.10504908E-05
  -4.48589744E-05
  -4.81782190E-05
  -5.10147438E-05
  -5.33779457E-05
  -5.52799356E-05
  -5.67352909E-05
  -5.77608225E-05
  -5.83753244E-05
  -5.85993039E-05
  -5.84547342E-05
  -5.79647567E-05
  -5.71534547E-05
  -5.60455337E-05
  -5.46661104E-05
  -5.30404286E-05
  -5.11936450E-05
  -4.91505780E-05
  -4.69355291E-05
  -4.45720725E-05
  -4.20828837E-05
  -3.94896160E-05
  -3.68127658E-05
  -3.40715414E-05
  -3.12838456E-05
  -2.84661783E-05
  -2.56336298E-05
  -2.27998644E-05
  -1.99771530E-05
  -1.71764041E-05
  -1.44072183E-05
  -1.16779702E-05
  -8.99589486E-06
  -6.36720006E-06
  -3.79716994E-06
  -1.29029854E-06
   1.14959005E-06
   3.51920380E-06
   5.81565610E-06
   8.03633156E-06
   1.01787682E-05
   1.22405345E-05
   1.42191257E-05
   1.61118660E-05
   1.79158305E-05
   1.96277761E-05
   2.12440937E-05
   2.27607688E-05
   2.41733724E-05
   2.54770639E-05
   2.66666138E-05
   2.77364434E-05
   2.86806771E-05
   2.94932197E-05
   3.01678392E-05
   3.06982765E-05
   3.10783362E-05
   3.13020246E-05
   3.13636738E-05
   3.12580523E-05
   3.09805328E-05
   3.05271860E-05
   2.98949381E-05
   2.90816661E-05
   2.80863314E-05
   2.69090688E-05
   2.55512823E-05
   2.40157206E-05
   2.23065326E-05
   2.04293028E-05
   1.83910815E-05
   1.62003780E-05
   1.38671530E-05
   1.14027689E-05
   8.81993219E-06
   6.13261864E-06
   3.35597679E-06
   5.06208153E-07
  -2.39955898E-06
  -5.34341416E-06
  -8.30682529E-06
  -1.12708049E-05
  -1.42160843E-05
  -1.71232950E-05
  -1.99731567E-05
  -2.27466644E-05
  -2.54252645E-05
  -2.79910473E-05
  -3.04269197E-05
  -3.27167654E-05
  -3.48456197E-05
  -3.67997854E-05
  -3.85669919E-05
  -4.01364996E-05
  -4.14992101E-05
  -4.26477418E-05
  -4.35764814E-05
  -4.42816563E-05
  -4.47613529E-05
  -4.50155203E-05
  -4.50459665E-05
  -4.48563369E-05
  -4.44520556E-05
  -4.38402785E-05
  -4.30298169E-05
  -4.20310498E-05
  -4.08557971E-05
  -3.95172392E-05
  -3.80297715E-05
  -3.64088628E-05
  -3.46709276E-05
  -3.28331735E-05
  -3.09134375E-05
  -2.89300369E-05
  -2.69016073E-05
  -2.48469423E-05
  -2.27848359E-05
  -2.07339199E-05
  -1.87125188E-05
  -1.67385006E-05
  -1.48291274E-05
  -1.30009294E-05
  -1.12695661E-05
  -9.64971969E-06
  -8.15498242E-06
  -6.79775667E-06
  -5.58917145E-06
  -4.53900566E-06
  -3.65562596E-06
  -2.94593656E-06
  -2.41534053E-06
  -2.06771756E-06
  -1.90541164E-06
  -1.92923130E-06
  -2.13846602E-06
  -2.53091139E-06
  -3.10290920E-06
  -3.84939858E-06
  -4.76397781E-06
  -5.83897554E-06
  -7.06553237E-06
  -8.43369344E-06
  -9.93250433E-06
  -1.15501171E-05
  -1.32738942E-05
  -1.50905253E-05
  -1.69861542E-05
  -1.89464754E-05
  -2.09568716E-05
  -2.30025289E-05
  -2.50685480E-05
  -2.71400713E-05
  -2.92023778E-05
  -3.12410048E-05
  -3.32418567E-05
  -3.51912786E-05
  -3.70761809E-05
  -3.88840781E-05
  -4.06032159E-05
  -4.22226221E-05
  -4.37321469E-05
  -4.51225569E-05
  -4.63855504E-05
  -4.75138149E-05
  -4.85010496E-05
  -4.93420011E-05
  -5.00324713E-05
  -5.05693279E-05
  -5.09505153E-05
  -5.11750477E-05
  -5.12430124E-05
  -5.11555227E-05
  -5.09147430E-05
  -5.05238277E-05
  -4.99869093E-05
  -4.93090447E-05
  -4.84961893E-05
  -4.75551460E-05
  -4.64935110E-05
  -4.53195971E-05
  -4.40423937E-05
  -4.26715051E-05
  -4.12170484E-05
  -3.96895994E-05
  -3.81001191E-05
  -3.64598454E-05
  -3.47802343E-05
  -3.30728617E-05
  -3.13493365E-05
  -2.96212111E-05
  -2.78999087E-05
  -2.61966197E-05
  -2.45222291E-05
  -2.28872414E-05
  -2.13016883E-05
  -1.97750760E-05
  -1.83163193E-05
  -1.69336799E-05
  -1.56347087E-05
  -1.44262167E-05
  -1.33142375E-05
  -1.23039981E-05
  -1.13999067E-05
  -1.06055404E-05
  -9.92365040E-06
  -9.35616663E-06
  -8.90421506E-06
  -8.56814040E-06
  -8.34753700E-06
  -8.24128438E-06
  -8.24758263E-06
  -8.36399704E-06
  -8.58750536E-06
  -8.91453965E-06
  -9.34104082E-06
  -9.86249597E-06
  -1.04739893E-05
  -1.11702466E-05
  -1.19456772E-05
  -1.27944058E-05
  -1.37103134E-05
  -1.46870698E-05
  -1.57181585E-05
  -1.67969120E-05
  -1.79165218E-05
  -1.90700739E-05
  -2.02505580E-05
  -2.14508964E-05
  -2.26639586E-05
  -2.38825887E-05
  -2.50996218E-05
  -2.63079091E-05
  -2.75003440E-05
  -2.86698996E-05
  -2.98096547E-05
  -3.09128300E-05
  -3.19728424E-05
  -3.29833347E-05
  -3.39382168E-05
  -3.48317371E-05
  -3.56585151E-05
  -3.64136067E-05
  -3.70925409E-05
  -3.76913849E-05
  -3.82067847E-05
  -3.86360116E-05
  -3.89770175E-05
  -3.92284419E-05
  -3.93896698E-05
  -3.94608287E-05
  -3.94428062E-05
  -3.93372648E-05
  -3.91466237E-05
  -3.88740518E-05
  -3.85234234E-05
  -3.80993079E-05
  -3.76068965E-05
  -3.70519701E-05
  -3.64408188E-05
  -3.57801873E-05
  -3.50772025E-05
  -3.43392785E-05
  -3.35740515E-05
  -3.27892812E-05
  -3.19927785E-05
  -3.11923068E-05
  -3.03955258E-05
  -2.96098897E-05
  -2.88425799E-05
  -2.81004432E-05
  -2.73899204E-05
  -2.67169962E-05
  -2.60871548E-05
  -2.55053237E-05
  -2.49758577E-05
  -2.45025130E-05
  -2.40884183E-05
  -2.37360800E-05
  -2.34473664E-05
  -2.32235197E-05
  -2.30651640E-05
  -2.29723173E-05
  -2.29444249E-05
  -2.29803627E-05
  -2.30784844E-05
  -2.32366347E-05
  -2.34521885E-05
  -2.37220884E-05
  -2.40428744E-05
  -2.44107159E-05
  -2.48214619E-05
  -2.52706686E-05
  -2.57536394E-05
  -2.62654703E-05
  -2.68010826E-05
  -2.73552723E-05
  -2.79227443E-05
  -2.84981652E-05
  -2.90762036E-05
  -2.96515718E-05
  -3.02190638E-05
  -3.07736154E-05
  -3.13103337E-05
  -3.18245438E-05
  -3.23118329E-05
  -3.27680718E-05
  -3.31894735E-05
  -3.35726072E-05
  -3.39144353E-05
  -3.42123349E-05
  -3.44641230E-05
  -3.46680608E-05
  -3.48228750E-05
  -3.49277616E-05
  -3.49823677E-05
  -3.49868169E-05
  -3.49416732E-05
  -3.48479189E-05
  -3.47069508E-05
  -3.45205590E-05
  -3.42908788E-05
  -3.40203624E-05
  -3.37117453E-05
  -3.33680073E-05
  -3.29923350E-05
  -3.25880828E-05
  -3.21587322E-05
  -3.17078448E-05
  -3.12390293E-05
  -3.07559167E-05
  -3.02621011E-05
  -2.97611423E-05
  -2.92565146E-05
  -2.87515959E-05
  -2.82496330E-05
  -2.77537401E-05
  -2.72668731E-05
  -2.67918222E-05
  -2.63311995E-05
  -2.58874352E-05
  -2.54627703E-05
  -2.50592548E-05
  -2.46787367E-05
  -2.43228660E-05
  -2.39930960E-05
  -2.36906690E-05
  -2.34166309E-05
  -2.31718150E-05
  -2.29568450E-05
  -2.27721484E-05
  -2.26179327E-05
  -2.24941959E-05
  -2.24007290E-05
  -2.23371098E-05
  -2.23027109E-05
  -2.22966955E-05
  -2.23180232E-05
  -2.23654606E-05
  -2.24375835E-05
  -2.25327858E-05
  -2.26492903E-05
  -2.27851651E-05
  -2.29383331E-05
  -2.31065897E-05
  -2.32876228E-05
  -2.34790332E-05
  -2.36783471E-05
  -2.38830416E-05
  -2.40905665E-05
  -2.42983660E-05
  -2.45038918E-05
  -2.47046264E-05
  -2.48980978E-05
  -2.50819048E-05
  -2.52537247E-05
  -2.54113311E-05
  -2.55526120E-05
  -2.56755720E-05
  -2.57783431E-05
  -2.58591972E-05
  -2.59165608E-05
  -2.59490134E-05
  -2.59552999E-05
  -2.59343251E-05
  -2.58851815E-05
  -2.58071359E-05
  -2.56996391E-05
  -2.55623436E-05
  -2.53950930E-05
  -2.51979400E-05
  -2.49711375E-05
  -2.47151602E-05
  -2.44306975E-05
  -2.41186644E-05
  -2.37801887E-05
  -2.34166364E-05
  -2.30295809E-05
  -2.26208176E-05
  -2.21923510E-05
  -2.17463894E-05
  -2.12853247E-05
  -2.08117199E-05
  -2.03282852E-05
  -1.98378621E-05
  -1.93433843E-05
  -1.88478571E-05
  -1.83543179E-05
  -1.78658029E-05
  -1.73853114E-05
  -1.69157702E-05
  -1.64599842E-05
  -1.60206200E-05
  -1.56001479E-05
  -1.52008288E-05
  -1.48246718E-05
  -1.44734122E-05
  -1.41484925E-05
  -1.38510468E-05
  -1.35818800E-05
  -1.33414705E-05
  -1.31299676E-05
  -1.29471946E-05
  -1.27926578E-05
  -1.26655632E-05
  -1.25648357E-05
  -1.24891385E-05
  -1.24369053E-05
  -1.24063636E-05
  -1.23955679E-05
  -1.24024364E-05
  -1.24247799E-05
  -1.24603330E-05
  -1.25067945E-05
  -1.25618499E-05
  -1.26232017E-05
  -1.26886016E-05
  -1.27558678E-05
  -1.28229094E-05
  -1.28877409E-05
  -1.29485024E-05
  -1.30034650E-05
  -1.30510407E-05
  -1.30897934E-05
  -1.31184415E-05
  -1.31358584E-05
  -1.31410761E-05
  -1.31332836E-05
  -1.31118277E-05
  -1.30762155E-05
  -1.30261069E-05
  -1.29613227E-05
  -1.28818347E-05
  -1.27877684E-05
  -1.26794039E-05
  -1.25571714E-05
  -1.24216504E-05
  -1.22735701E-05
  -1.21138000E-05
  -1.19433507E-05
  -1.17633681E-05
  -1.15751236E-05
  -1.13800088E-05
  -1.11795189E-05
  -1.09752455E-05
  -1.07688575E-05
  -1.05620875E-05
  -1.03567072E-05
  -1.01545138E-05
  -9.95729624E-06
  -9.76682259E-06
  -9.58480723E-06
  -9.41288818E-06
  -9.25260065E-06
  -9.10535528E-06
  -8.97241262E-06
  -8.85486043E-06
  -8.75359638E-06
  -8.66931350E-06
  -8.60248565E-06
  -8.55335838E-06
  -8.52194262E-06
  -8.50801644E-06
  -8.51112600E-06
  -8.53059191E-06
  -8.56552197E-06
  -8.61482204E-06
  -8.67721519E-06
  -8.75126079E-06
  -8.83537814E-06
  -8.92787011E-06
  -9.02694865E-06
  -9.13076201E-06
  -9.23741754E-06
  -9.34501895E-06
  -9.45168085E-06
  -9.55556152E-06
  -9.65488562E-06
  -9.74796876E-06
  -9.83323298E-06
  -9.90922763E-06
  -9.97464940E-06
  -1.00283487E-05
  -1.00693424E-05
  -1.00968264E-05
  -1.01101741E-05
  -1.01089445E-05
  -1.00928810E-05
  -1.00619100E-05
  -1.00161342E-05
  -9.95582923E-06
  -9.88143711E-06
  -9.79355445E-06
  -9.69292159E-06
  -9.58041255E-06
  -9.45701777E-06
  -9.32382954E-06
  -9.18203386E-06
  -9.03288765E-06
  -8.87770148E-06
  -8.71782595E-06
  -8.55463441E-06
  -8.38950382E-06
  -8.22379661E-06
  -8.05884520E-06
  -7.89593651E-06
  -7.73629563E-06
  -7.58106808E-06
  -7.43131113E-06
  -7.28797977E-06
  -7.15191391E-06
  -7.02383386E-06
  -6.90432853E-06
  -6.79385266E-06
  -6.69272413E-06
  -6.60112073E-06
  -6.51908204E-06
  -6.44651027E-06
  -6.38317488E-06
  -6.32871706E-06
  -6.28265752E-06
  -6.24440236E-06
  -6.21325262E-06
  -6.18840932E-06
  -6.16898660E-06
  -6.15401541E-06
  -6.14245300E-06
  -6.13319071E-06
  -6.12505710E-06
  -6.11682617E-06
  -6.10722009E-06
  -6.09491235E-06
  -6.07852962E-06
  -6.05665264E-06
  -6.02781802E-06
  -5.99051691E-06
  -5.94319590E-06
  -5.88425701E-06
  -5.81205541E-06
  -5.72490308E-06
  -5.62106925E-06
  -5.49878405E-06
  -5.35624213E-06
  -5.19160585E-06
  -5.00301667E-06
  -4.78860420E-06
  -4.54649489E-06
  -4.27482837E-06
  -3.97177018E-06
  -3.63553340E-06
  -3.26439272E-06
  -2.85670762E-06
  -2.41094313E-06
  -1.92569132E-06
  -1.39969575E-06
  -8.31871375E-07
  -2.21327880E-07
   4.32609681E-07
   1.13038152E-06
   1.87217461E-06
   2.65790754E-06
   3.48721687E-06
   4.35944548E-06
   5.27363318E-06
   6.22851258E-06
   7.22250570E-06
   8.25372172E-06
   9.31995601E-06
   1.04187011E-05
   1.15471485E-05
   1.27021913E-05
   1.38804489E-05
   1.50782616E-05
   1.62917222E-05
   1.75166715E-05
   1.87487294E-05
   1.99833030E-05
   2.12156083E-05
   2.24406976E-05
   2.36534561E-05
   2.48486558E-05
   2.60209490E-05
   2.71649096E-05
   2.82750425E-05
   2.93458197E-05
   3.03716897E-05
   3.13471246E-05
   3.22666056E-05
   3.31246956E-05
   3.39160215E-05
   3.46353263E-05
   3.52774696E-05
   3.58374746E-05
   3.63105282E-05
   3.66920176E-05
   3.69775444E-05
   3.71629430E-05
   3.72442992E-05
   3.72179711E-05
   3.70805974E-05
   3.68291221E-05
   3.64607949E-05
   3.59731930E-05
   3.53642245E-05
   3.46321431E-05
   3.37755482E-05
   3.27933922E-05
   3.16850019E-05
   3.04500554E-05
   2.90886110E-05
   2.76011051E-05
   2.59883418E-05
   2.42515198E-05
   2.23922216E-05
   2.04124281E-05
   1.83145148E-05
   1.61012649E-05
   1.37758716E-05
   1.13419455E-05
   8.80351672E-06
   6.16504667E-06
   3.43142801E-06
   6.07988397E-07
  -2.29950365E-06
  -5.28484452E-06
  -8.34139155E-06
  -1.14620761E-05
  -1.46393977E-05
  -1.78654500E-05
  -2.11319202E-05
  -2.44301209E-05
  -2.77510044E-05
  -3.10851865E-05
  -3.44229775E-05
  -3.77544202E-05
  -4.10693065E-05
  -4.43572426E-05
  -4.76076675E-05
  -5.08099183E-05
  -5.39532521E-05
  -5.70269149E-05
  -6.00201784E-05
  -6.29224014E-05
  -6.57230848E-05
  -6.84119077E-05
  -7.09787782E-05
  -7.34138957E-05
  -7.57078305E-05
  -7.78514877E-05
  -7.98362671E-05
  -8.16540487E-05
  -8.32972073E-05
  -8.47587216E-05
  -8.60321670E-05
  -8.71118027E-05
  -8.79925065E-05
  -8.86699127E-05
  -8.91403906E-05
  -8.94010664E-05
  -8.94498735E-05
  -8.92855169E-05
  -8.89075382E-05
  -8.83162866E-05
  -8.75129626E-05
  -8.64995818E-05
  -8.52789890E-05
  -8.38548658E-05
  -8.22316943E-05
  -8.04147712E-05
  -7.84101503E-05
  -7.62246855E-05
  -7.38659146E-05
  -7.13421177E-05
  -6.86622298E-05
  -6.58358331E-05
  -6.28731141E-05
  -5.97848084E-05
  -5.65821538E-05
  -5.32768790E-05
  -4.98811060E-05
  -4.64073382E-05
  -4.28684034E-05
  -3.92773691E-05
  -3.56475357E-05
  -3.19923420E-05
  -2.83253230E-05
  -2.46600539E-05
  -2.10100952E-05
  -1.73889239E-05
  -1.38098821E-05
  -1.02861222E-05
  -6.83054850E-06
  -3.45575700E-06
  -1.73980723E-07
   3.00296210E-06
   6.06372487E-06
   8.99748557E-06
   1.17939908E-05
   1.44436144E-05
   1.69373925E-05
   1.92670814E-05
   2.14251777E-05
   2.34049821E-05
   2.52006084E-05
   2.68070344E-05
   2.82201127E-05
   2.94366037E-05
   3.04541827E-05
   3.12714583E-05
   3.18879793E-05
   3.23042150E-05
   3.25215733E-05
   3.25423789E-05
   3.23698514E-05
   3.20080908E-05
   3.14620411E-05
   3.07374539E-05
   2.98408540E-05
   2.87794865E-05
   2.75612820E-05
   2.61947789E-05
   2.46890922E-05
   2.30538371E-05
   2.12990744E-05
   1.94352451E-05
   1.74731122E-05
   1.54236786E-05
   1.32981459E-05
   1.11078307E-05
   8.86410544E-06
   6.57833652E-06
   4.26182351E-06
   1.92573839E-06
  -4.18933553E-07
  -2.76144806E-06
  -5.09135543E-06
  -7.39855022E-06
  -9.67331744E-06
  -1.19063761E-05
  -1.40889215E-05
  -1.62126507E-05
  -1.82698150E-05
  -2.02532192E-05
  -2.21562641E-05
  -2.39729579E-05
  -2.56979329E-05
  -2.73264504E-05
  -2.88544015E-05
  -3.02783119E-05
  -3.15953403E-05
  -3.28032511E-05
  -3.39004255E-05
  -3.48858230E-05
  -3.57589597E-05
  -3.65199012E-05
  -3.71692040E-05
  -3.77079195E-05
  -3.81375212E-05
  -3.84598970E-05
  -3.86772917E-05
  -3.87922737E-05
  -3.88076987E-05
  -3.87266555E-05
  -3.85524290E-05
  -3.82884573E-05
  -3.79382909E-05
  -3.75055461E-05
  -3.69938680E-05
  -3.64069165E-05
  -3.57482932E-05
  -3.50215305E-05
  -3.42300809E-05
  -3.33772659E-05
  -3.24662724E-05
  -3.15001198E-05
  -3.04816549E-05
  -2.94135662E-05
  -2.82983347E-05
  -2.71382651E-05
  -2.59354711E-05
  -2.46918917E-05
  -2.34092913E-05
  -2.20892762E-05
  -2.07333105E-05
  -1.93427331E-05
  -1.79187682E-05
  -1.64625581E-05
  -1.49751795E-05
  -1.34576730E-05
  -1.19110618E-05
  -1.03363891E-05
  -8.73473437E-06
  -7.10724771E-06
  -5.45517514E-06
  -3.77988522E-06
  -2.08289794E-06
  -3.65905777E-07
   1.36919914E-06
   3.12030375E-06
   4.88505702E-06
   6.66085043E-06
   8.44480110E-06
   1.02337490E-05
   1.20242430E-05
   1.38125406E-05
   1.55946072E-05
   1.73661228E-05
   1.91224972E-05
   2.08588699E-05
   2.25701406E-05
   2.42509850E-05
   2.58958917E-05
   2.74991835E-05
   2.90550543E-05
   3.05576032E-05
   3.20008876E-05
   3.33789503E-05
   3.46858724E-05
   3.59158184E-05
   3.70630805E-05
   3.81221325E-05
   3.90876703E-05
