   0.00000000    
   0.00000000    
   0.00000000    
   0.00000000    
   0.00000000    
  -7.70705888E-26
  -5.34028462E-25
  -1.95551755E-24
  -5.74971408E-24
  -1.88249649E-23
  -7.12345689E-23
  -2.57843718E-22
  -8.02063685E-22
  -2.09358605E-21
  -4.55761533E-21
  -8.07340476E-21
  -1.05163510E-20
  -4.94706351E-21
   2.48322496E-20
   1.09998439E-19
   3.02104816E-19
   6.74638064E-19
   1.31478104E-18
   2.29693725E-18
   3.62785742E-18
   5.15343406E-18
   6.42070826E-18
   6.49656734E-18
   3.75765818E-18
  -4.31616598E-18
  -2.12918109E-17
  -5.18029833E-17
  -1.01352303E-16
  -1.75804507E-16
  -2.80495066E-16
  -4.18917270E-16
  -5.91015333E-16
  -7.91201141E-16
  -1.00631728E-15
  -1.21388154E-15
  -1.38104487E-15
  -1.46475523E-15
  -1.41362525E-15
  -1.17192874E-15
  -6.85998802E-16
   8.69463769E-17
   1.16781735E-15
   2.54310737E-15
   4.15168710E-15
   5.87205252E-15
   7.51117816E-15
   8.79596536E-15
   9.36779815E-15
   8.77994458E-15
   6.49646488E-15
   1.88986370E-15
  -5.76690608E-15
  -1.73203703E-14
  -3.37766958E-14
  -5.63726820E-14
  -8.66907525E-14
  -1.26834022E-13
  -1.79681763E-13
  -2.49250653E-13
  -3.41194954E-13
  -4.63489544E-13
  -6.27354993E-13
  -8.48505185E-13
  -1.14882875E-12
  -1.55865230E-12
  -2.11979154E-12
  -2.88966268E-12
  -3.94682073E-12
  -5.39840351E-12
  -7.39012757E-12
  -1.01196525E-11
  -1.38544011E-11
  -1.89552263E-11
  -2.59077100E-11
  -3.53633893E-11
  -4.81938656E-11
  -6.55614729E-11
  -8.90113330E-11
  -1.20590676E-10
  -1.63003111E-10
  -2.19807145E-10
  -2.95670988E-10
  -3.96698424E-10
  -5.30843980E-10
  -7.08440029E-10
  -9.42864120E-10
  -1.25138111E-09
  -1.65620073E-09
  -2.18580309E-09
  -2.87659430E-09
  -3.77496567E-09
  -4.93984897E-09
  -6.44587095E-09
  -8.38724290E-09
  -1.08825349E-08
  -1.40805163E-08
  -1.81672792E-08
  -2.33748967E-08
  -2.99919023E-08
  -3.83759549E-08
  -4.89690599E-08
  -6.23158485E-08
  -7.90854031E-08
  -1.00097239E-07
  -1.26352177E-07
  -1.59068847E-07
  -1.99726699E-07
  -2.50116642E-07
  -3.12400232E-07
  -3.89178695E-07
  -4.83573217E-07
  -5.99318184E-07
  -7.40868416E-07
  -9.13522683E-07
  -1.12356531E-06
  -1.37842790E-06
  -1.68687336E-06
  -2.05920401E-06
  -2.50749690E-06
  -3.04586797E-06
  -3.69076793E-06
  -4.46131435E-06
  -5.37965570E-06
  -6.47137813E-06
  -7.76595243E-06
  -9.29722410E-06
  -1.11039435E-05
  -1.32303494E-05
  -1.57267932E-05
  -1.86504094E-05
  -2.20658385E-05
  -2.60459874E-05
  -3.06728289E-05
  -3.60382619E-05
  -4.22449739E-05
  -4.94073574E-05
  -5.76524435E-05
  -6.71208545E-05
  -7.79677430E-05
  -9.03637338E-05
  -1.04495870E-04
  -1.20568475E-04
  -1.38804011E-04
  -1.59443851E-04
  -1.82748990E-04
  -2.09000573E-04
  -2.38500419E-04
  -2.71571247E-04
  -3.08556831E-04
  -3.49821988E-04
  -3.95752257E-04
  -4.46753314E-04
  -5.03250223E-04
  -5.65686321E-04
  -6.34521944E-04
  -7.10232358E-04
  -7.93306157E-04
  -8.84242239E-04
  -9.83547303E-04
  -1.09173311E-03
  -1.20931165E-03
  -1.33679202E-03
  -1.47467607E-03
  -1.62345311E-03
  -1.78359507E-03
  -1.95555063E-03
  -2.13973993E-03
  -2.33654724E-03
  -2.54631555E-03
  -2.76933890E-03
  -3.00585548E-03
  -3.25604063E-03
  -3.51999910E-03
  -3.79775674E-03
  -4.08925349E-03
  -4.39433614E-03
  -4.71274788E-03
  -5.04412316E-03
  -5.38798003E-03
  -5.74370753E-03
  -6.11056434E-03
  -6.48766803E-03
  -6.87398901E-03
  -7.26833986E-03
  -7.66937528E-03
  -8.07557907E-03
  -8.48526228E-03
  -8.89655761E-03
  -9.30740964E-03
  -9.71557759E-03
  -1.01186270E-02
  -1.05139278E-02
  -1.08986506E-02
  -1.12697696E-02
  -1.16240559E-02
  -1.19580887E-02
  -1.22682462E-02
  -1.25507172E-02
  -1.28015028E-02
  -1.30164251E-02
  -1.31911393E-02
  -1.33211361E-02
  -1.34017672E-02
  -1.34282503E-02
  -1.33956913E-02
  -1.32991076E-02
  -1.31334495E-02
  -1.28936283E-02
  -1.25745423E-02
  -1.21711120E-02
  -1.16783138E-02
  -1.10912230E-02
  -1.04050441E-02
  -9.61516518E-03
  -8.71719606E-03
  -7.70702213E-03
  -6.58084871E-03
  -5.33525692E-03
  -3.96725303E-03
  -2.47432222E-03
  -8.54482001E-04
   8.93664372E-04
   2.77087837E-03
   4.77723405E-03
   6.91207172E-03
   9.17395391E-03
   1.15606207E-02
   1.40689565E-02
   1.66949574E-02
   1.94336995E-02
   2.22793259E-02
   2.52250284E-02
   2.82630380E-02
   3.13846245E-02
   3.45801078E-02
   3.78388762E-02
   4.11494039E-02
   4.44992818E-02
   4.78752591E-02
   5.12632877E-02
   5.46485893E-02
   5.80157042E-02
   6.13485686E-02
   6.46305904E-02
   6.78447336E-02
   7.09735900E-02
   7.39995092E-02
   7.69046471E-02
   7.96711221E-02
   8.22810829E-02
   8.47168341E-02
   8.69609192E-02
   8.89962539E-02
   9.08062235E-02
   9.23748165E-02
   9.36866999E-02
   9.47273597E-02
   9.54831690E-02
   9.59415287E-02
   9.60909203E-02
   9.59210545E-02
   9.54229161E-02
   9.45888981E-02
   9.34128463E-02
   9.18901563E-02
   9.00178105E-02
   8.77945200E-02
   8.52206722E-02
   8.22984651E-02
   7.90319443E-02
   7.54269958E-02
   7.14914128E-02
   6.72348812E-02
   6.26690015E-02
   5.78073077E-02
   5.26651926E-02
   4.72599417E-02
   4.16106507E-02
   3.57381962E-02
   2.96651553E-02
   2.34157406E-02
   1.70156863E-02
   1.04921525E-02
   3.87359271E-03
  -2.81038159E-03
  -9.52915568E-03
  -1.62512772E-02
  -2.29446422E-02
  -2.95766722E-02
  -3.61145474E-02
  -4.25253808E-02
  -4.87764739E-02
  -5.48355319E-02
  -6.06708899E-02
  -6.62517697E-02
  -7.15484768E-02
  -7.65326694E-02
  -8.11775997E-02
  -8.54582936E-02
  -8.93517807E-02
  -9.28373039E-02
  -9.58964974E-02
  -9.85135362E-02
 -0.100675344    
 -0.102371663    
 -0.103595190    
 -0.104341663    
 -0.104609884    
 -0.104401812    
 -0.103722490    
 -0.102580070    
 -0.100985773    
  -9.89537612E-02
  -9.65010822E-02
  -9.36475024E-02
  -9.04153585E-02
  -8.68294463E-02
  -8.29167068E-02
  -7.87061006E-02
  -7.42283762E-02
  -6.95157573E-02
  -6.46017492E-02
  -5.95208630E-02
  -5.43083288E-02
  -4.89998162E-02
  -4.36311848E-02
  -3.82381715E-02
  -3.28561701E-02
  -2.75199078E-02
  -2.22632270E-02
  -1.71188321E-02
  -1.21180462E-02
  -7.29059521E-03
  -2.66440166E-03
   1.73460261E-03
   5.88264922E-03
   9.75828059E-03
   1.33424839E-02
   1.66188050E-02
   1.95734370E-02
   2.21952796E-02
   2.44760048E-02
   2.64100581E-02
   2.79946830E-02
   2.92298850E-02
   3.01184077E-02
   3.06656528E-02
   3.08796149E-02
   3.07707731E-02
   3.03519703E-02
   2.96382643E-02
   2.86467914E-02
   2.73965783E-02
   2.59083584E-02
   2.42043752E-02
   2.23081708E-02
   2.02443637E-02
   1.80384200E-02
   1.57164093E-02
   1.33047886E-02
   1.08301388E-02
   8.31893552E-03
   5.79731027E-03
   3.29081924E-03
   8.24216986E-04
  -1.57875801E-03
  -3.89558962E-03
  -6.10517152E-03
  -8.18798412E-03
  -1.01262517E-02
  -1.19040823E-02
  -1.35075850E-02
  -1.49249723E-02
  -1.61466300E-02
  -1.71651673E-02
  -1.79754645E-02
  -1.85746532E-02
  -1.89621150E-02
  -1.91394407E-02
  -1.91103704E-02
  -1.88807044E-02
  -1.84582062E-02
  -1.78524721E-02
  -1.70748103E-02
  -1.61380637E-02
  -1.50564695E-02
  -1.38454624E-02
  -1.25214960E-02
  -1.11018447E-02
  -9.60440654E-03
  -8.04750249E-03
  -6.44967053E-03
  -4.82946867E-03
  -3.20527400E-03
  -1.59509387E-03
  -1.63803325E-05
   1.51414401E-03
   2.98065064E-03
   4.36835596E-03
   5.66365942E-03
   6.85426686E-03
   7.92929530E-03
   8.87936726E-03
   9.69667733E-03
   1.03750536E-02
   1.09099913E-02
   1.12986658E-02
   1.15399444E-02
   1.16343573E-02
   1.15840677E-02
   1.13928188E-02
   1.10658593E-02
   1.06098671E-02
   1.00328429E-02
   9.34400316E-03
   8.55365582E-03
   7.67306378E-03
   6.71430537E-03
   5.69012249E-03
   4.61376645E-03
   3.49883642E-03
   2.35912111E-03
   1.20843831E-03
   6.04740999E-05
  -1.07137056E-03
  -2.17413111E-03
  -3.23542044E-03
  -4.24356433E-03
  -5.18772379E-03
  -6.05800888E-03
  -6.84557715E-03
  -7.54271960E-03
  -8.14293325E-03
  -8.64097383E-03
  -9.03290045E-03
  -9.31609329E-03
  -9.48926900E-03
  -9.55246668E-03
  -9.50702932E-03
  -9.35556274E-03
  -9.10187885E-03
  -8.75093602E-03
  -8.30875430E-03
  -7.78232934E-03
  -7.17953080E-03
  -6.50898926E-03
  -5.77998580E-03
  -5.00232680E-03
  -4.18621814E-03
  -3.34213860E-03
  -2.48070783E-03
  -1.61255931E-03
  -7.48213206E-04
   1.02046710E-04
   9.28290770E-04
   1.72105571E-03
   2.47144885E-03
   3.17124347E-03
   3.81296454E-03
   4.38996684E-03
   4.89649549E-03
   5.32774348E-03
   5.67989098E-03
   5.95013238E-03
   6.13669399E-03
   6.23883912E-03
   6.25685556E-03
   6.19204110E-03
   6.04666490E-03
   5.82392933E-03
   5.52791450E-03
   5.16351452E-03
   4.73636715E-03
   4.25277324E-03
   3.71960900E-03
   3.14423651E-03
   2.53440533E-03
   1.89815357E-03
   1.24370435E-03
   5.79364365E-04
  -8.65790935E-05
  -7.45958998E-04
  -1.39082596E-03
  -2.01354316E-03
  -2.60687480E-03
  -3.16406810E-03
  -3.67892929E-03
  -4.14589187E-03
  -4.56007430E-03
  -4.91733151E-03
  -5.21429256E-03
  -5.44839306E-03
  -5.61788911E-03
  -5.72187314E-03
  -5.76026551E-03
  -5.73380524E-03
  -5.64402808E-03
  -5.49323391E-03
  -5.28444210E-03
  -5.02134627E-03
  -4.70825750E-03
  -4.35003499E-03
  -3.95201938E-03
  -3.51995742E-03
  -3.05992155E-03
  -2.57822801E-03
  -2.08135438E-03
  -1.57585426E-03
  -1.06827298E-03
  -5.65065944E-04
  -7.25181962E-05
   4.03331389E-04
   8.56762752E-04
   1.28244085E-03
   1.67547644E-03
   2.03147996E-03
   2.34660832E-03
   2.61760410E-03
   2.84182536E-03
   3.01727001E-03
   3.14258854E-03
   3.21708992E-03
   3.24074016E-03
   3.21414950E-03
   3.13855521E-03
   3.01579339E-03
   2.84826732E-03
   2.63890647E-03
   2.39112112E-03
   2.10875040E-03
   1.79600704E-03
   1.45741820E-03
   1.09776238E-03
   7.22005323E-04
   3.35234334E-04
  -5.74084515E-05
  -4.50791471E-04
  -8.39858956E-04
  -1.21969276E-03
  -1.58557319E-03
  -1.93303509E-03
  -2.25792080E-03
  -2.55642668E-03
  -2.82514654E-03
  -3.06110899E-03
  -3.26180644E-03
  -3.42522189E-03
  -3.54984426E-03
  -3.63468123E-03
  -3.67926364E-03
  -3.68364109E-03
  -3.64837563E-03
  -3.57452431E-03
  -3.46361869E-03
  -3.31763714E-03
  -3.13897314E-03
  -2.93039624E-03
  -2.69501121E-03
  -2.43621273E-03
  -2.15763738E-03
  -1.86311128E-03
  -1.55659893E-03
  -1.24214939E-03
  -9.23842541E-04
  -6.05735986E-04
  -2.91812437E-04
   1.40700613E-05
   3.08226037E-04
   5.87187358E-04
   8.47744523E-04
   1.08698360E-03
   1.30231876E-03
   1.49151986E-03
   1.65273540E-03
   1.78450916E-03
   1.88579236E-03
   1.95594877E-03
   1.99475745E-03
   2.00240500E-03
   1.97947724E-03
   1.92694436E-03
   1.84613944E-03
   1.73873571E-03
   1.60671689E-03
   1.45234645E-03
   1.27813255E-03
   1.08679000E-03
   8.81201588E-04
   6.64377527E-04
   4.39413096E-04
   2.09447448E-04
  -2.23783445E-05
  -2.52961880E-04
  -4.79279028E-04
  -6.98421558E-04
  -9.07632697E-04
  -1.10433961E-03
  -1.28618325E-03
  -1.45104469E-03
  -1.59706804E-03
  -1.72267901E-03
  -1.82660040E-03
  -1.90786214E-03
  -1.96580891E-03
  -2.00010161E-03
  -2.01071636E-03
  -1.99793908E-03
  -1.96235580E-03
  -1.90483883E-03
  -1.82653172E-03
  -1.72882783E-03
  -1.61334907E-03
  -1.48192025E-03
  -1.33654207E-03
  -1.17936172E-03
  -1.01264298E-03
  -8.38734733E-04
  -6.60038902E-04
  -4.78978793E-04
  -2.97967053E-04
  -1.19374941E-04
   5.44980139E-05
   2.21452312E-04
   3.79415287E-04
   5.26465825E-04
   6.60856662E-04
   7.81034178E-04
   8.85654881E-04
   9.73599439E-04
   1.04398315E-03
   1.09616399E-03
   1.12974585E-03
   1.14457938E-03
   1.14076014E-03
   1.11862295E-03
   1.07873243E-03
   1.02187227E-03
   9.49030917E-04
   8.61384440E-04
   7.60277966E-04
   6.47205103E-04
   5.23785362E-04
   3.91741050E-04
   2.52872327E-04
   1.09032568E-04
  -3.78970326E-05
  -1.86032354E-04
  -3.33511154E-04
  -4.78516595E-04
  -6.19300001E-04
  -7.54202425E-04
  -8.81674001E-04
  -1.00029155E-03
  -1.10877503E-03
  -1.20600022E-03
  -1.29101030E-03
  -1.36302435E-03
  -1.42144330E-03
  -1.46585412E-03
  -1.49603013E-03
  -1.51193037E-03
  -1.51369534E-03
  -1.50164124E-03
  -1.47625117E-03
  -1.43816590E-03
  -1.38817064E-03
  -1.32718310E-03
  -1.25623692E-03
  -1.17646635E-03
  -1.08908932E-03
  -9.95389302E-04
  -8.96697689E-04
  -7.94375374E-04
  -6.89794426E-04
  -5.84320573E-04
  -4.79295646E-04
  -3.76021024E-04
  -2.75741942E-04
  -1.79633018E-04
  -8.87848655E-05
  -4.19235539E-06
   7.32558983E-05
   1.42786143E-04
   2.03746575E-04
   2.55612744E-04
   2.97990977E-04
   3.30620125E-04
   3.53371666E-04
   3.66248045E-04
   3.69379151E-04
   3.63017607E-04
   3.47532099E-04
   3.23399960E-04
   2.91197910E-04
   2.51592079E-04
   2.05326942E-04
   1.53213696E-04
   9.61178157E-05
   3.49462862E-05
  -2.93654593E-05
  -9.58665332E-05
  -1.63603559E-04
  -2.31633356E-04
  -2.99035135E-04
  -3.64922133E-04
  -4.28452389E-04
  -4.88838647E-04
  -5.45357761E-04
  -5.97357750E-04
  -6.44265325E-04
  -6.85590901E-04
  -7.20932498E-04
  -7.49979343E-04
  -7.72512634E-04
  -7.88406178E-04
  -7.97624991E-04
  -8.00223323E-04
  -7.96341163E-04
  -7.86199351E-04
  -7.70094455E-04
  -7.48392253E-04
  -7.21520279E-04
  -6.89960492E-04
  -6.54240604E-04
  -6.14925404E-04
  -5.72608493E-04
  -5.27902215E-04
  -4.81429626E-04
  -4.33815207E-04
  -3.85676511E-04
  -3.37616017E-04
  -2.90213444E-04
  -2.44018767E-04
  -1.99545932E-04
  -1.57267074E-04
  -1.17607786E-04
  -8.09430348E-05
  -4.75940105E-05
  -1.78258015E-05
   8.15402927E-06
   3.01960827E-05
   4.82088835E-05
   6.21578874E-05
   7.20637399E-05
   7.79998445E-05
   8.00893104E-05
   7.85013326E-05
   7.34471323E-05
   6.51754017E-05
   5.39675166E-05
   4.01324032E-05
   2.40013142E-05
   5.92244805E-06
  -1.37444322E-05
  -3.46333291E-05
  -5.63772301E-05
  -7.86131350E-05
  -1.00986843E-04
  -1.23157457E-04
  -1.44801583E-04
  -1.65616977E-04
  -1.85326018E-04
  -2.03678588E-04
  -2.20454473E-04
  -2.35465268E-04
  -2.48555909E-04
  -2.59605586E-04
  -2.68528180E-04
  -2.75272178E-04
  -2.79820320E-04
  -2.82188383E-04
  -2.82424007E-04
  -2.80604756E-04
  -2.76836043E-04
  -2.71248689E-04
  -2.63996044E-04
  -2.55251012E-04
  -2.45202973E-04
  -2.34054402E-04
  -2.22017392E-04
  -2.09310223E-04
  -1.96154026E-04
  -1.82769349E-04
  -1.69372914E-04
  -1.56174472E-04
  -1.43373967E-04
  -1.31158784E-04
  -1.19701472E-04
  -1.09157540E-04
  -9.96637391E-05
  -9.13365875E-05
  -8.42713343E-05
  -7.85412121E-05
  -7.41971235E-05
  -7.12675901E-05
  -6.97591313E-05
  -6.96568895E-05
  -7.09256783E-05
  -7.35111680E-05
  -7.73414213E-05
  -8.23285955E-05
  -8.83708490E-05
  -9.53543640E-05
  -1.03155471E-04
  -1.11642912E-04
  -1.20679957E-04
  -1.30126689E-04
  -1.39842145E-04
  -1.49686341E-04
  -1.59522300E-04
  -1.69217776E-04
  -1.78646995E-04
  -1.87692101E-04
  -1.96244408E-04
  -2.04205571E-04
  -2.11488354E-04
  -2.18017376E-04
  -2.23729454E-04
  -2.28573990E-04
  -2.32512961E-04
  -2.35520769E-04
  -2.37584041E-04
  -2.38701090E-04
  -2.38881417E-04
  -2.38145003E-04
  -2.36521504E-04
  -2.34049352E-04
  -2.30774924E-04
  -2.26751508E-04
  -2.22038303E-04
  -2.16699380E-04
  -2.10802798E-04
  -2.04419484E-04
  -1.97622401E-04
  -1.90485502E-04
  -1.83082913E-04
  -1.75488109E-04
  -1.67773236E-04
  -1.60008203E-04
  -1.52260240E-04
  -1.44593258E-04
  -1.37067313E-04
  -1.29738197E-04
  -1.22657075E-04
  -1.15870200E-04
  -1.09418615E-04
  -1.03338032E-04
  -9.76586743E-05
  -9.24052438E-05
  -8.75969345E-05
  -8.32474761E-05
  -7.93652434E-05
  -7.59534450E-05
  -7.30103129E-05
  -7.05293496E-05
  -6.84996339E-05
  -6.69061192E-05
  -6.57300261E-05
  -6.49491994E-05
  -6.45385226E-05
  -6.44703032E-05
  -6.47147535E-05
  -6.52403396E-05
  -6.60142905E-05
  -6.70029185E-05
  -6.81720849E-05
  -6.94875343E-05
  -7.09152955E-05
  -7.24219790E-05
  -7.39751049E-05
  -7.55433794E-05
  -7.70969273E-05
  -7.86075107E-05
  -8.00486887E-05
  -8.13959559E-05
  -8.26268661E-05
  -8.37211192E-05
  -8.46605835E-05
  -8.54293830E-05
  -8.60138971E-05
  -8.64027243E-05
  -8.65867478E-05
  -8.65590700E-05
  -8.63150271E-05
  -8.58521817E-05
  -8.51702789E-05
  -8.42712689E-05
  -8.31593134E-05
  -8.18407643E-05
  -8.03241855E-05
  -7.86203673E-05
  -7.67423553E-05
  -7.47054364E-05
  -7.25271748E-05
  -7.02273537E-05
  -6.78280267E-05
  -6.53534589E-05
  -6.28300695E-05
  -6.02863183E-05
  -5.77526444E-05
  -5.52612764E-05
  -5.28460369E-05
  -5.05421303E-05
  -4.83858785E-05
  -4.64143850E-05
  -4.46651757E-05
  -4.31757871E-05
  -4.19833850E-05
  -4.11242254E-05
  -4.06332038E-05
  -4.05433493E-05
  -4.08853011E-05
  -4.16867733E-05
  -4.29720603E-05
  -4.47615494E-05
  -4.70712548E-05
  -4.99124035E-05
  -5.32910271E-05
  -5.72076642E-05
  -6.16570833E-05
  -6.66281267E-05
  -7.21035321E-05
  -7.80599148E-05
  -8.44678143E-05
  -9.12918258E-05
  -9.84907674E-05
  -1.06017993E-04
  -1.13821749E-04
  -1.21845624E-04
  -1.30029046E-04
  -1.38307878E-04
  -1.46615042E-04
  -1.54881171E-04
  -1.63035351E-04
  -1.71005930E-04
  -1.78721151E-04
  -1.86110046E-04
  -1.93103231E-04
  -1.99633578E-04
  -2.05636999E-04
  -2.11053222E-04
  -2.15826469E-04
  -2.19905996E-04
  -2.23246825E-04
  -2.25810218E-04
  -2.27564087E-04
  -2.28483521E-04
  -2.28551042E-04
  -2.27756900E-04
  -2.26099219E-04
  -2.23584095E-04
  -2.20225644E-04
  -2.16045941E-04
  -2.11074832E-04
  -2.05349701E-04
  -1.98915208E-04
  -1.91822837E-04
  -1.84130447E-04
  -1.75901790E-04
  -1.67205842E-04
  -1.58116134E-04
  -1.48710067E-04
  -1.39068143E-04
  -1.29273103E-04
  -1.19409131E-04
  -1.09560991E-04
  -9.98131145E-05
  -9.02486936E-05
  -8.09488702E-05
  -7.19918098E-05
  -6.34518510E-05
  -5.53987520E-05
  -4.78968832E-05
  -4.10045468E-05
  -3.47733330E-05
  -2.92475706E-05
  -2.44638486E-05
  -2.04506323E-05
  -1.72279706E-05
  -1.48073277E-05
  -1.31914858E-05
  -1.23745849E-05
  -1.23422533E-05
  -1.30718572E-05
  -1.45328349E-05
  -1.66871559E-05
  -1.94898494E-05
  -2.28896206E-05
  -2.68295607E-05
  -3.12479024E-05
  -3.60788436E-05
  -4.12534064E-05
  -4.67003520E-05
  -5.23470808E-05
  -5.81205495E-05
  -6.39481877E-05
  -6.97588039E-05
  -7.54834182E-05
  -8.10561178E-05
  -8.64147660E-05
  -9.15017517E-05
  -9.62645718E-05
  -1.00656398E-04
  -1.04636521E-04
  -1.08170731E-04
  -1.11231566E-04
  -1.13798509E-04
  -1.15858085E-04
  -1.17403833E-04
  -1.18436190E-04
  -1.18962300E-04
  -1.18995755E-04
  -1.18556221E-04
  -1.17669028E-04
  -1.16364703E-04
  -1.14678391E-04
  -1.12649293E-04
  -1.10320048E-04
  -1.07736094E-04
  -1.04944964E-04
  -1.01995625E-04
  -9.89378386E-05
  -9.58213859E-05
  -9.26955181E-05
  -8.96082202E-05
  -8.66056653E-05
  -8.37316184E-05
  -8.10268830E-05
  -7.85288503E-05
  -7.62710260E-05
  -7.42826887E-05
  -7.25885548E-05
  -7.12085093E-05
  -7.01574754E-05
  -6.94452101E-05
  -6.90763336E-05
  -6.90502857E-05
  -6.93614493E-05
  -6.99992961E-05
  -7.09485612E-05
  -7.21895703E-05
  -7.36984948E-05
  -7.54478169E-05
  -7.74066793E-05
  -7.95413725E-05
  -8.18158587E-05
  -8.41922520E-05
  -8.66314003E-05
  -8.90934316E-05
  -9.15383280E-05
  -9.39264573E-05
  -9.62191771E-05
  -9.83793288E-05
  -1.00371741E-04
  -1.02163744E-04
  -1.03725586E-04
  -1.05030806E-04
  -1.06056592E-04
  -1.06784049E-04
  -1.07198452E-04
  -1.07289350E-04
  -1.07050713E-04
  -1.06480955E-04
  -1.05582883E-04
  -1.04363593E-04
  -1.02834325E-04
  -1.01010228E-04
  -9.89101245E-05
  -9.65561267E-05
  -9.39733291E-05
  -9.11894167E-05
  -8.82341919E-05
  -8.51391451E-05
  -8.19369670E-05
  -7.86610908E-05
  -7.53452332E-05
  -7.20229145E-05
  -6.87269930E-05
  -6.54892647E-05
  -6.23400265E-05
  -5.93077384E-05
  -5.64186703E-05
  -5.36966108E-05
  -5.11626131E-05
  -4.88348160E-05
  -4.67282589E-05
  -4.48547835E-05
  -4.32229717E-05
  -4.18381314E-05
  -4.07023326E-05
  -3.98144621E-05
  -3.91703616E-05
  -3.87629443E-05
  -3.85823878E-05
  -3.86163483E-05
  -3.88501721E-05
  -3.92671718E-05
  -3.98488846E-05
  -4.05753563E-05
  -4.14254428E-05
  -4.23770980E-05
  -4.34077010E-05
  -4.44943325E-05
  -4.56140806E-05
  -4.67443351E-05
  -4.78630609E-05
  -4.89490667E-05
  -4.99822490E-05
  -5.09438214E-05
  -5.18165434E-05
  -5.25848736E-05
  -5.32351405E-05
  -5.37556807E-05
  -5.41369336E-05
  -5.43715396E-05
  -5.44543618E-05
  -5.43825263E-05
  -5.41554073E-05
  -5.37745873E-05
  -5.32437916E-05
  -5.25687974E-05
  -5.17573208E-05
  -5.08188823E-05
  -4.97646506E-05
  -4.86072386E-05
  -4.73605323E-05
  -4.60394549E-05
  -4.46597551E-05
  -4.32377747E-05
  -4.17902011E-05
  -4.03338381E-05
  -3.88853696E-05
  -3.74611227E-05
  -3.60768645E-05
  -3.47475652E-05
  -3.34872348E-05
  -3.23087406E-05
  -3.12236516E-05
  -3.02421231E-05
  -2.93727844E-05
  -2.86226605E-05
  -2.79971246E-05
  -2.74998711E-05
  -2.71329282E-05
  -2.68966760E-05
  -2.67899068E-05
  -2.68098938E-05
  -2.69524844E-05
  -2.72122179E-05
  -2.75824295E-05
  -2.80554104E-05
  -2.86225350E-05
  -2.92744135E-05
  -3.00010397E-05
  -3.07919436E-05
  -3.16363366E-05
  -3.25232650E-05
  -3.34417309E-05
  -3.43808351E-05
  -3.53298710E-05
  -3.62784413E-05
  -3.72165377E-05
  -3.81346581E-05
  -3.90238347E-05
  -3.98756893E-05
  -4.06824984E-05
  -4.14371971E-05
  -4.21334371E-05
  -4.27655723E-05
  -4.33286696E-05
  -4.38185198E-05
  -4.42316159E-05
  -4.45651531E-05
  -4.48170176E-05
  -4.49857544E-05
  -4.50705556E-05
  -4.50712614E-05
  -4.49883228E-05
  -4.48227802E-05
  -4.45762635E-05
  -4.42509481E-05
  -4.38495481E-05
  -4.33752830E-05
  -4.28318781E-05
  -4.22235171E-05
  -4.15548166E-05
  -4.08307969E-05
  -4.00568533E-05
  -3.92387119E-05
  -3.83823899E-05
  -3.74941628E-05
  -3.65804990E-05
  -3.56480050E-05
  -3.47033965E-05
  -3.37534148E-05
  -3.28047863E-05
  -3.18641760E-05
  -3.09381212E-05
  -3.00329793E-05
  -2.91548786E-05
  -2.83096779E-05
  -2.75029179E-05
  -2.67397882E-05
  -2.60250908E-05
  -2.53632188E-05
  -2.47581265E-05
  -2.42133101E-05
  -2.37318036E-05
  -2.33161627E-05
  -2.29684720E-05
  -2.26903376E-05
  -2.24828982E-05
  -2.23468342E-05
  -2.22823746E-05
  -2.22893159E-05
  -2.23670104E-05
  -2.25143976E-05
  -2.27300006E-05
  -2.30119349E-05
  -2.33579176E-05
  -2.37652584E-05
  -2.42308724E-05
  -2.47512799E-05
  -2.53226081E-05
  -2.59405915E-05
  -2.66005864E-05
  -2.72975576E-05
  -2.80260974E-05
  -2.87804396E-05
  -2.95544742E-05
  -3.03417746E-05
  -3.11356307E-05
  -3.19290702E-05
  -3.27149028E-05
  -3.34857868E-05
  -3.42342646E-05
  -3.49528200E-05
  -3.56339769E-05
  -3.62703504E-05
  -3.68547298E-05
  -3.73801740E-05
  -3.78400946E-05
  -3.82283106E-05
  -3.85391613E-05
  -3.87675718E-05
  -3.89091074E-05
  -3.89600646E-05
  -3.89175038E-05
  -3.87793007E-05
  -3.85441781E-05
  -3.82117323E-05
  -3.77824035E-05
  -3.72575123E-05
  -3.66391941E-05
  -3.59303995E-05
  -3.51348099E-05
  -3.42568055E-05
  -3.33013886E-05
  -3.22740925E-05
  -3.11809163E-05
  -3.00282300E-05
  -2.88226875E-05
  -2.75711409E-05
  -2.62805370E-05
  -2.49578425E-05
  -2.36099768E-05
  -2.22437084E-05
  -2.08656111E-05
  -1.94819913E-05
  -1.80988372E-05
  -1.67217768E-05
  -1.53560595E-05
  -1.40065231E-05
  -1.26775840E-05
  -1.13732212E-05
  -1.00970055E-05
  -8.85209374E-06
  -7.64126435E-06
  -6.46693888E-06
  -5.33120692E-06
  -4.23586062E-06
  -3.18243519E-06
  -2.17224670E-06
  -1.20642426E-06
  -2.85939677E-07
   5.88363775E-07
   1.41574253E-06
   2.19553112E-06
   2.92712161E-06
   3.60995000E-06
   4.24348900E-06
   4.82723317E-06
   5.36069683E-06
   5.84340478E-06
   6.27489953E-06
   6.65473362E-06
   6.98247459E-06
   7.25770224E-06
   7.48000866E-06
   7.64900597E-06
   7.76432626E-06
   7.82562438E-06
   7.83259020E-06
   7.78494450E-06
   7.68244900E-06
   7.52491496E-06
   7.31220780E-06
   7.04426293E-06
   6.72108763E-06
   6.34278513E-06
   5.90956506E-06
   5.42175940E-06
   4.87984198E-06
   4.28444582E-06
   3.63638264E-06
   2.93667495E-06
   2.18657738E-06
   1.38759799E-06
   5.41520762E-07
  -3.49572446E-07
  -1.28327997E-06
  -2.25686199E-06
  -3.26722352E-06
  -4.31091257E-06
  -5.38410904E-06
  -6.48262176E-06
  -7.60189687E-06
  -8.73703539E-06
  -9.88280681E-06
  -1.10336896E-05
  -1.21839057E-05
  -1.33274616E-05
  -1.44582036E-05
  -1.55698708E-05
  -1.66561549E-05
  -1.77107704E-05
  -1.87275218E-05
  -1.97003792E-05
  -2.06235400E-05
  -2.14915126E-05
  -2.22991694E-05
  -2.30418209E-05
  -2.37152562E-05
  -2.43158065E-05
  -2.48403758E-05
  -2.52864884E-05
  -2.56523053E-05
  -2.59366461E-05
  -2.61389978E-05
  -2.62595095E-05
  -2.62989961E-05
  -2.62589056E-05
  -2.61413152E-05
  -2.59488934E-05
  -2.56848598E-05
  -2.53529524E-05
  -2.49573677E-05
  -2.45027204E-05
  -2.39939727E-05
  -2.34363852E-05
  -2.28354529E-05
  -2.21968494E-05
  -2.15263753E-05
  -2.08298970E-05
  -2.01132734E-05
  -1.93823325E-05
  -1.86427915E-05
  -1.79002363E-05
  -1.71600459E-05
  -1.64273624E-05
  -1.57070608E-05
  -1.50037022E-05
  -1.43215038E-05
  -1.36643075E-05
  -1.30355575E-05
  -1.24382814E-05
  -1.18750613E-05
  -1.13480146E-05
  -1.08587883E-05
  -1.04085439E-05
  -9.99794338E-06
  -9.62715785E-06
  -9.29585894E-06
  -9.00322721E-06
  -8.74796206E-06
  -8.52829999E-06
  -8.34203183E-06
  -8.18653189E-06
  -8.05878699E-06
  -7.95543474E-06
  -7.87278805E-06
  -7.80688060E-06
  -7.75351782E-06
  -7.70831593E-06
  -7.66675930E-06
  -7.62424452E-06
  -7.57613589E-06
  -7.51781454E-06
  -7.44474301E-06
  -7.35251797E-06
  -7.23691346E-06
  -7.09392998E-06
  -6.91985588E-06
  -6.71130010E-06
  -6.46523586E-06
  -6.17903652E-06
  -5.85050157E-06
  -5.47788159E-06
  -5.05989328E-06
  -4.59573039E-06
  -4.08507503E-06
  -3.52809730E-06
  -2.92545133E-06
  -2.27826627E-06
  -1.58813771E-06
  -8.57107295E-07
  -8.76418653E-08
   7.17390662E-07
   1.55474845E-06
   2.42084934E-06
   3.31179490E-06
   4.22340690E-06
   5.15126294E-06
   6.09073277E-06
   7.03700198E-06
   7.98511701E-06
   8.93001197E-06
   9.86653959E-06
   1.07895075E-05
   1.16937081E-05
   1.25739407E-05
   1.34250495E-05
   1.42419385E-05
   1.50196047E-05
   1.57531558E-05
   1.64378453E-05
   1.70690801E-05
   1.76424492E-05
   1.81537380E-05
   1.85989484E-05
   1.89743205E-05
   1.92763382E-05
   1.95017401E-05
   1.96475321E-05
   1.97109985E-05
   1.96897017E-05
   1.95814846E-05
   1.93844735E-05
   1.90970732E-05
   1.87179739E-05
   1.82461463E-05
   1.76808135E-05
   1.70214644E-05
   1.62678334E-05
   1.54199006E-05
   1.44778751E-05
   1.34421825E-05
   1.23134560E-05
   1.10925221E-05
   9.78039316E-06
   8.37825701E-06
   6.88747105E-06
   5.30954276E-06
   3.64613561E-06
   1.89905734E-06
   7.02599152E-08
  -1.83816235E-06
  -3.82398275E-06
  -5.88483317E-06
  -8.01820079E-06
  -1.02214235E-05
  -1.24916824E-05
  -1.48260042E-05
  -1.72212494E-05
  -1.96741112E-05
  -2.21811079E-05
  -2.47385833E-05
  -2.73426922E-05
  -2.99894000E-05
  -3.26744739E-05
  -3.53934665E-05
  -3.81417158E-05
  -4.09143286E-05
  -4.37061826E-05
  -4.65119156E-05
  -4.93259031E-05
  -5.21422699E-05
  -5.49548968E-05
  -5.77574065E-05
  -6.05431778E-05
  -6.33053351E-05
  -6.60368023E-05
  -6.87302381E-05
  -7.13781337E-05
  -7.39727839E-05
  -7.65063160E-05
  -7.89707337E-05
  -8.13579172E-05
  -8.36596737E-05
  -8.58677595E-05
  -8.79739309E-05
  -8.99699808E-05
  -9.18477672E-05
  -9.35992794E-05
  -9.52166592E-05
  -9.66922744E-05
  -9.80187469E-05
  -9.91890120E-05
  -1.00196354E-04
  -1.01034479E-04
  -1.01697529E-04
  -1.02180209E-04
  -1.02477708E-04
  -1.02585851E-04
  -1.02501086E-04
  -1.02220518E-04
  -1.01741993E-04
  -1.01064084E-04
  -1.00186087E-04
  -9.91081106E-05
  -9.78310054E-05
  -9.63564235E-05
  -9.46868095E-05
  -9.28253939E-05
  -9.07761423E-05
  -8.85437912E-05
  -8.61338267E-05
  -8.35523970E-05
  -8.08063560E-05
  -7.79032198E-05
  -7.48510938E-05
  -7.16586947E-05
  -6.83352700E-05
  -6.48905479E-05
  -6.13347802E-05
  -5.76786006E-05
  -5.39330395E-05
  -5.01094801E-05
  -4.62195821E-05
  -4.22752601E-05
  -3.82886319E-05
  -3.42719723E-05
  -3.02376429E-05
  -2.61980786E-05
  -2.21657174E-05
  -1.81529595E-05
  -1.41721112E-05
  -1.02353388E-05
  -6.35460856E-06
  -2.54165093E-06
   1.19209608E-06
   4.83552731E-06
   8.37792868E-06
   1.18090138E-05
   1.51189770E-05
   1.82985314E-05
   2.13389612E-05
   2.42321512E-05
   2.69706252E-05
   2.95475747E-05
   3.19569008E-05
   3.41932282E-05
   3.62519386E-05
   3.81291611E-05
   3.98218144E-05
   4.13275848E-05
   4.26449515E-05
   4.37731651E-05
   4.47122402E-05
   4.54629771E-05
   4.60268893E-05
   4.64062323E-05
   4.66039637E-05
   4.66237070E-05
   4.64697405E-05
   4.61469681E-05
   4.56608759E-05
   4.50175103E-05
   4.42234341E-05
   4.32856832E-05
   4.22117300E-05
   4.10094544E-05
   3.96870710E-05
   3.82530998E-05
   3.67163302E-05
   3.50857590E-05
   3.33705539E-05
   3.15799844E-05
   2.97234037E-05
   2.78101688E-05
   2.58496057E-05
   2.38509529E-05
   2.18233108E-05
   1.97755962E-05
   1.77165002E-05
   1.56544374E-05
   1.35974969E-05
   1.15534067E-05
   9.52948631E-06
   7.53261565E-06
   5.56919304E-06
   3.64511129E-06
   1.76573246E-06
  -6.41361240E-08
  -1.84025146E-06
  -3.55895259E-06
  -5.21715401E-06
  -6.81234815E-06
  -8.34259117E-06
  -9.80648838E-06
  -1.12031757E-05
  -1.25322904E-05
  -1.37939414E-05
  -1.49886700E-05
  -1.61174175E-05
  -1.71814736E-05
  -1.81824416E-05
  -1.91221934E-05
  -2.00028226E-05
  -2.08265901E-05
  -2.15958917E-05
  -2.23132083E-05
  -2.29810612E-05
  -2.36019696E-05
  -2.41784128E-05
  -2.47127864E-05
  -2.52073714E-05
  -2.56643052E-05
  -2.60855504E-05
  -2.64728660E-05
  -2.68277836E-05
  -2.71515928E-05
  -2.74453105E-05
  -2.77096915E-05
  -2.79451942E-05
  -2.81519806E-05
  -2.83299050E-05
  -2.84785147E-05
  -2.85970636E-05
  -2.86844988E-05
  -2.87394723E-05
  -2.87603452E-05
  -2.87452021E-05
  -2.86918585E-05
  -2.85978786E-05
  -2.84606103E-05
  -2.82771925E-05
  -2.80445820E-05
  -2.77595991E-05
  -2.74189370E-05
  -2.70192268E-05
  -2.65570579E-05
  -2.60290253E-05
  -2.54317729E-05
  -2.47620465E-05
  -2.40167283E-05
  -2.31928934E-05
  -2.22878589E-05
  -2.12992254E-05
  -2.02249175E-05
  -1.90632218E-05
  -1.78128266E-05
  -1.64728608E-05
  -1.50429169E-05
  -1.35230775E-05
  -1.19139413E-05
  -1.02166468E-05
  -8.43288490E-06
  -6.56490101E-06
  -4.61551690E-06
  -2.58812997E-06
  -4.86712281E-07
   1.68418831E-06
   3.91946014E-06
   6.21344270E-06
   8.55994040E-06
   1.09522443E-05
   1.33831581E-05
   1.58450184E-05
   1.83297507E-05
   2.08288802E-05
   2.33335959E-05
   2.58347736E-05
   2.83230329E-05
   3.07887785E-05
   3.32222444E-05
   3.56135679E-05
   3.79527992E-05
   4.02300102E-05
   4.24352984E-05
   4.45588630E-05
   4.65910671E-05
   4.85224882E-05
   5.03439587E-05
   5.20466529E-05
   5.36221305E-05
   5.50623736E-05
   5.63598842E-05
   5.75077065E-05
   5.84994996E-05
   5.93295772E-05
   5.99929626E-05
   6.04854285E-05
   6.08035298E-05
   6.09446543E-05
   6.09070376E-05
   6.06897775E-05
   6.02928667E-05
   5.97171929E-05
   5.89645570E-05
   5.80376582E-05
   5.69400872E-05
   5.56763189E-05
   5.42516900E-05
   5.26723525E-05
   5.09452657E-05
   4.90781640E-05
   4.70794876E-05
   4.49583567E-05
   4.27244995E-05
   4.03881932E-05
   3.79602134E-05
   3.54517397E-05
   3.28743190E-05
   3.02397766E-05
   2.75601215E-05
   2.48475008E-05
   2.21140963E-05
   1.93720716E-05
   1.66334685E-05
   1.39101458E-05
   1.12137050E-05
   8.55542021E-06
   5.94615949E-06
   3.39633539E-06
   9.15832686E-07
  -1.48604659E-06
  -3.80063693E-06
  -6.01995634E-06
  -8.13674887E-06
  -1.01445239E-05
  -1.20375871E-05
  -1.38110645E-05
  -1.54609224E-05
  -1.69839823E-05
  -1.83779175E-05
  -1.96412602E-05
  -2.07733792E-05
  -2.17744637E-05
  -2.26455068E-05
  -2.33882656E-05
  -2.40052286E-05
  -2.44995663E-05
  -2.48751076E-05
  -2.51362671E-05
  -2.52880054E-05
  -2.53357648E-05
  -2.52854188E-05
  -2.51432011E-05
  -2.49156474E-05
  -2.46095406E-05
  -2.42318365E-05
  -2.37896202E-05
  -2.32900329E-05
  -2.27402361E-05
  -2.21473274E-05
  -2.15183154E-05
  -2.08600341E-05
  -2.01791245E-05
  -1.94819786E-05
  -1.87747046E-05
  -1.80630996E-05
  -1.73526005E-05
  -1.66482732E-05
  -1.59547762E-05
  -1.52763569E-05
  -1.46168295E-05
  -1.39795584E-05
  -1.33674575E-05
  -1.27829817E-05
  -1.22281399E-05
  -1.17044920E-05
  -1.12131556E-05
  -1.07548258E-05
  -1.03297880E-05
  -9.93794310E-06
  -9.57882185E-06
  -9.25161476E-06
  -8.95520498E-06
  -8.68819643E-06
  -8.44893566E-06
  -8.23555092E-06
  -8.04597767E-06
  -7.87798581E-06
  -7.72920612E-06
  -7.59716886E-06
