   0.00000000    
   0.00000000    
   0.00000000    
   0.00000000    
   0.00000000    
   0.00000000    
   0.00000000    
   0.00000000    
   0.00000000    
   0.00000000    
   0.00000000    
   0.00000000    
   0.00000000    
   0.00000000    
   0.00000000    
   0.00000000    
   0.00000000    
   0.00000000    
   0.00000000    
   0.00000000    
   0.00000000    
   0.00000000    
   0.00000000    
   0.00000000    
   0.00000000    
   0.00000000    
   0.00000000    
   0.00000000    
   0.00000000    
   0.00000000    
   0.00000000    
   0.00000000    
   0.00000000    
   0.00000000    
   0.00000000    
   0.00000000    
   0.00000000    
   0.00000000    
   0.00000000    
   0.00000000    
   0.00000000    
   0.00000000    
   0.00000000    
   0.00000000    
   0.00000000    
   0.00000000    
   0.00000000    
   0.00000000    
   0.00000000    
   0.00000000    
   0.00000000    
   0.00000000    
   0.00000000    
   0.00000000    
   0.00000000    
   0.00000000    
   0.00000000    
   0.00000000    
   0.00000000    
   0.00000000    
   0.00000000    
   0.00000000    
   0.00000000    
   0.00000000    
   0.00000000    
   0.00000000    
   0.00000000    
   0.00000000    
   0.00000000    
   0.00000000    
   0.00000000    
   0.00000000    
   0.00000000    
   0.00000000    
   0.00000000    
   0.00000000    
   0.00000000    
   0.00000000    
   0.00000000    
   0.00000000    
   0.00000000    
   0.00000000    
   0.00000000    
   0.00000000    
   0.00000000    
   0.00000000    
   0.00000000    
   0.00000000    
   0.00000000    
   0.00000000    
   0.00000000    
   0.00000000    
   0.00000000    
   0.00000000    
   0.00000000    
   0.00000000    
   0.00000000    
   0.00000000    
   0.00000000    
   0.00000000    
   0.00000000    
   0.00000000    
   0.00000000    
   0.00000000    
   0.00000000    
   0.00000000    
   0.00000000    
   0.00000000    
   0.00000000    
   0.00000000    
   0.00000000    
   0.00000000    
   0.00000000    
   0.00000000    
   0.00000000    
   0.00000000    
   0.00000000    
   0.00000000    
   0.00000000    
   0.00000000    
  -1.40129846E-45
  -4.20389539E-45
  -9.80908925E-45
  -2.10194770E-44
  -3.92363570E-44
  -6.30584309E-44
  -9.94921910E-44
  -1.48537637E-43
  -2.05990874E-43
  -2.66246708E-43
  -3.15292154E-43
  -3.27903841E-43
  -2.59240216E-43
  -4.62428493E-44
   4.10580450E-43
   1.23734654E-42
   2.59380346E-42
   4.66352129E-42
   7.63287274E-42
   1.16419876E-41
   1.67202933E-41
   2.26674040E-41
   2.88919717E-41
   3.41916825E-41
   3.64547795E-41
   3.23363634E-41
   1.68842452E-41
  -1.68239894E-41
  -7.79149972E-41
  -1.77736493E-40
  -3.29410237E-40
  -5.46701182E-40
  -8.41814638E-40
  -1.22171926E-39
  -1.68250263E-39
  -2.20129696E-39
  -2.72532933E-39
  -3.15786392E-39
  -3.34118739E-39
  -3.03732563E-39
  -1.90815793E-39
   5.02187535E-40
   4.77804661E-39
   1.16293199E-38
   2.18657029E-38
   3.63359326E-38
   5.58171314E-38
   8.08367998E-38
   1.11408273E-37
   1.46660973E-37
   1.84349288E-37
   2.20231363E-37
   2.47322385E-37
   2.55046455E-37
   2.28342190E-37
   1.46817213E-37
  -1.58996298E-38
  -2.92393704E-37
  -7.20995906E-37
  -1.34423158E-36
  -2.20572091E-36
  -3.34498096E-36
  -4.78951851E-36
  -6.54358187E-36
  -8.57297271E-36
  -1.07854713E-35
  -1.30066671E-35
  -1.49514544E-35
  -1.61920602E-35
  -1.61244090E-35
  -1.39358141E-35
  -8.57845271E-36
   1.24507642E-36
   1.70757042E-35
   4.06607112E-35
   7.38723755E-35
   1.18567179E-34
   1.76368635E-34
   2.48355760E-34
   3.34639663E-34
   4.33813435E-34
   5.42265095E-34
   6.53353214E-34
   7.56456191E-34
   8.35927369E-34
   8.70010736E-34
   8.29805248E-34
   6.78405249E-34
   3.70390165E-34
  -1.48107937E-34
  -9.38473456E-34
  -2.06746461E-33
  -3.60345148E-33
  -5.61057429E-33
  -8.14032483E-33
  -1.12200436E-32
  -1.48378508E-32
  -1.89236282E-32
  -2.33257973E-32
  -2.77839345E-32
  -3.18976681E-32
  -3.50927617E-32
  -3.65861626E-32
  -3.53526282E-32
  -3.00968930E-32
  -1.92368049E-32
  -9.04679922E-34
   2.70236071E-32
   6.68598735E-32
   1.20980362E-31
   1.91630511E-31
   2.80636840E-31
   3.89002560E-31
   5.16361943E-31
   6.60266478E-31
   8.15277837E-31
   9.71846631E-31
   1.11496391E-30
   1.22258795E-30
   1.26386792E-30
   1.19722661E-30
   9.68403467E-31
   5.08630669E-31
  -2.66802870E-31
  -1.45922878E-30
  -3.18600873E-30
  -5.57798927E-30
  -8.77409973E-30
  -1.29119474E-29
  -1.81129769E-29
  -2.44604478E-29
  -3.19681561E-29
  -4.05375121E-29
  -4.99003032E-29
  -5.95443191E-29
  -6.86189399E-29
  -7.58181202E-29
  -7.92387343E-29
  -7.62135678E-29
  -6.31199104E-29
  -3.51680134E-29
   1.38225256E-29
   9.16442870E-29
   2.07899491E-28
   3.74141334E-28
   6.03913371E-28
   9.12625593E-28
   1.31718403E-27
   1.83526833E-27
   2.48412049E-27
   3.27867810E-27
   4.22884758E-27
   5.33567066E-27
   6.58610725E-27
   7.94610576E-27
   9.35161554E-27
   1.06971650E-26
   1.18216338E-26
   1.24908806E-26
   1.23769580E-26
   1.10337836E-26
   7.86936285E-27
   2.11496729E-27
  -7.20783288E-27
  -2.13207763E-26
  -4.17207209E-26
  -7.02061862E-26
  -1.08893632E-25
  -1.60216516E-25
  -2.26898361E-25
  -3.11887671E-25
  -4.18239655E-25
  -5.48925903E-25
  -7.06548644E-25
  -8.92930493E-25
  -1.10854708E-24
  -1.35176246E-24
  -1.61782129E-24
  -1.89755008E-24
  -2.17570934E-24
  -2.42894138E-24
  -2.62325833E-24
  -2.71101536E-24
  -2.62733043E-24
  -2.28592820E-24
  -1.57441826E-24
  -3.49060868E-25
   1.57085773E-24
   4.40883198E-24
   8.43679954E-24
   1.39801756E-23
   2.14215794E-23
   3.12023108E-23
   4.38203492E-23
   5.98232352E-23
   7.97937854E-23
   1.04325996E-22
   1.33987962E-22
   1.69267790E-22
   2.10497902E-22
   2.57752084E-22
   3.10708935E-22
   3.68474253E-22
   4.29354398E-22
   4.90571872E-22
   5.47913553E-22
   5.95303419E-22
   6.24289677E-22
   6.23440939E-22
   5.77646011E-22
   4.67317969E-22
   2.67507605E-22
  -5.30568029E-23
  -5.32978358E-22
  -1.21920485E-21
  -2.16798283E-21
  -3.44566042E-21
  -5.12921854E-21
  -7.30636357E-21
  -1.00749694E-20
  -1.35415904E-20
  -1.78187079E-20
  -2.30202927E-20
  -2.92551488E-20
  -3.66174504E-20
  -4.51737291E-20
  -5.49454528E-20
  -6.58862735E-20
  -7.78528498E-20
  -9.05680634E-20
  -1.03575356E-19
  -1.16182971E-19
  -1.27396671E-19
  -1.35840104E-19
  -1.39661368E-19
  -1.36425606E-19
  -1.22993731E-19
  -9.53875408E-20
  -4.86438099E-20
   2.33395456E-20
   1.27959503E-19
   2.74058560E-19
   4.72058327E-19
   7.34061324E-19
   1.07390078E-18
   1.50711315E-18
   2.05080201E-18
   2.72335031E-18
   3.54393457E-18
   4.53178260E-18
   5.70510025E-18
   7.07958823E-18
   8.66645482E-18
   1.04698120E-17
   1.24833375E-17
   1.46860673E-17
   1.70371909E-17
   1.94696628E-17
   2.18825370E-17
   2.41318330E-17
   2.60198364E-17
   2.72827261E-17
   2.75764530E-17
   2.64609503E-17
   2.33826886E-17
   1.76558906E-17
   8.44274548E-18
  -5.26677559E-18
  -2.46746140E-17
  -5.11927324E-17
  -8.64579698E-17
  -1.32341764E-16
  -1.90951997E-16
  -2.64623998E-16
  -3.55896642E-16
  -4.67468696E-16
  -6.02130047E-16
  -7.62660948E-16
  -9.51691279E-16
  -1.17151158E-15
  -1.42382533E-15
  -1.70943139E-15
  -2.02782398E-15
  -2.37669737E-15
  -2.75134152E-15
  -3.14391334E-15
  -3.54257194E-15
  -3.93045946E-15
  -4.28452262E-15
  -4.57416003E-15
  -4.75969243E-15
  -4.79065995E-15
  -4.60394763E-15
  -4.12176778E-15
  -3.24952374E-15
  -1.87360787E-15
   1.40800910E-16
   2.95184269E-15
   6.74286422E-15
   1.17239329E-14
   1.81327748E-14
   2.62349058E-14
   3.63226159E-14
   4.87125260E-14
   6.37412079E-14
   8.17584593E-14
   1.03117534E-13
   1.28161831E-13
   1.57207241E-13
   1.90519191E-13
   2.28283565E-13
   2.70570838E-13
   3.17291657E-13
   3.68143314E-13
   4.22545923E-13
   4.79566907E-13
   5.37832908E-13
   5.95427787E-13
   6.49776511E-13
   6.97513553E-13
   7.34335769E-13
   7.54840472E-13
   7.52348433E-13
   7.18714042E-13
   6.44124131E-13
   5.16890513E-13
   3.23238967E-13
   4.71026619E-14
  -3.30072314E-13
  -8.29499501E-13
  -1.47518911E-12
  -2.29403367E-12
  -3.31582353E-12
  -4.57317170E-12
  -6.10131824E-12
  -7.93778671E-12
  -1.01218582E-11
  -1.26938217E-11
  -1.56939479E-11
  -1.91611640E-11
  -2.31313284E-11
  -2.76350973E-11
  -3.26952736E-11
  -3.83236047E-11
  -4.45169214E-11
  -5.12525751E-11
  -5.84830726E-11
  -6.61298516E-11
  -7.40761064E-11
  -8.21585855E-11
  -9.01583252E-11
  -9.77902898E-11
  -1.04691790E-10
  -1.10409792E-10
  -1.14387055E-10
  -1.15947106E-10
  -1.14278351E-10
  -1.08417088E-10
  -9.72300157E-11
  -7.93962049E-11
  -5.33890848E-11
  -1.74587064E-11
   3.03851701E-11
   9.23882706E-11
   1.71064982E-10
   2.69208073E-10
   3.89894339E-10
   5.36484690E-10
   7.12617187E-10
   9.22191878E-10
   1.16934529E-09
   1.45841195E-09
   1.79387261E-09
   2.18028373E-09
   2.62218935E-09
   3.12400861E-09
   3.68989705E-09
   4.32358194E-09
   5.02816100E-09
   5.80586468E-09
   6.65778543E-09
   7.58355245E-09
   8.58096172E-09
   9.64555902E-09
   1.07701554E-08
   1.19442944E-08
   1.31536408E-08
   1.43793146E-08
   1.55971449E-08
   1.67768537E-08
   1.78811561E-08
   1.88647977E-08
   1.96734948E-08
   2.02428048E-08
   2.04969233E-08
   2.03473896E-08
   1.96917433E-08
   1.84120932E-08
   1.63736349E-08
   1.34231275E-08
   9.38731048E-09
   4.07129885E-09
  -2.74303513E-09
  -1.12986696E-08
  -2.18650289E-08
  -3.47395428E-08
  -5.02491524E-08
  -6.87516746E-08
  -9.06370943E-08
  -1.16328749E-07
  -1.46284194E-07
  -1.80996011E-07
  -2.20992320E-07
  -2.66836906E-07
  -3.19129271E-07
  -3.78504126E-07
  -4.45630434E-07
  -5.21210268E-07
  -6.05977107E-07
  -7.00693420E-07
  -8.06148364E-07
  -9.23153834E-07
  -1.05254117E-06
  -1.19515630E-06
  -1.35185496E-06
  -1.52349685E-06
  -1.71093939E-06
  -1.91503023E-06
  -2.13660110E-06
  -2.37645759E-06
  -2.63537231E-06
  -2.91407514E-06
  -3.21324296E-06
  -3.53349037E-06
  -3.87535783E-06
  -4.23930396E-06
  -4.62569142E-06
  -5.03477668E-06
  -5.46670162E-06
  -5.92147899E-06
  -6.39898371E-06
  -6.89894478E-06
  -7.42093152E-06
  -7.96434779E-06
  -8.52842368E-06
  -9.11220832E-06
  -9.71455847E-06
  -1.03341436E-05
  -1.09694374E-05
  -1.16187139E-05
  -1.22800493E-05
  -1.29513255E-05
  -1.36302306E-05
  -1.43142679E-05
  -1.50007563E-05
  -1.56868446E-05
  -1.63695295E-05
  -1.70456588E-05
  -1.77119509E-05
  -1.83650081E-05
  -1.90013488E-05
  -1.96174133E-05
  -2.02096016E-05
  -2.07742887E-05
  -2.13078547E-05
  -2.18067144E-05
  -2.22673389E-05
  -2.26862940E-05
  -2.30602654E-05
  -2.33860901E-05
  -2.36607812E-05
  -2.38815701E-05
  -2.40459249E-05
  -2.41515809E-05
  -2.41965718E-05
  -2.41792513E-05
  -2.40983118E-05
  -2.39528144E-05
  -2.37422028E-05
  -2.34663185E-05
  -2.31254089E-05
  -2.27201417E-05
  -2.22516192E-05
  -2.17213583E-05
  -2.11313145E-05
  -2.04838543E-05
  -1.97817535E-05
  -1.90281953E-05
  -1.82267377E-05
  -1.73813023E-05
  -1.64961421E-05
  -1.55758280E-05
  -1.46252059E-05
  -1.36493654E-05
  -1.26536115E-05
  -1.16434194E-05
  -1.06243970E-05
  -9.60224588E-06
  -8.58271687E-06
  -7.57156840E-06
  -6.57452620E-06
  -5.59723685E-06
  -4.64522827E-06
  -3.72387012E-06
  -2.83833265E-06
  -1.99355168E-06
  -1.19419235E-06
  -4.44619587E-07
   2.51132889E-07
   8.89387081E-07
   1.46684351E-06
   1.98059888E-06
   2.42816191E-06
   2.80746235E-06
   3.11685903E-06
   3.35514210E-06
   3.52153234E-06
   3.61567459E-06
   3.63763115E-06
   3.58786838E-06
   3.46724096E-06
   3.27697398E-06
   3.01864156E-06
   2.69414295E-06
   2.30567593E-06
   1.85571082E-06
   1.34695938E-06
   7.82345808E-07
   1.64975816E-07
  -5.01894874E-07
  -1.21489165E-06
  -1.97055192E-06
  -2.76535366E-06
  -3.59574710E-06
  -4.45817932E-06
  -5.34912260E-06
  -6.26509745E-06
  -7.20269509E-06
  -8.15859585E-06
  -9.12959058E-06
  -1.01125925E-05
  -1.11046493E-05
  -1.21029561E-05
  -1.31048619E-05
  -1.41078735E-05
  -1.51096592E-05
  -1.61080461E-05
  -1.71010215E-05
  -1.80867282E-05
  -1.90634601E-05
  -2.00296436E-05
  -2.09838436E-05
  -2.19247395E-05
  -2.28511180E-05
  -2.37618642E-05
  -2.46559357E-05
  -2.55323630E-05
  -2.63902184E-05
  -2.72286215E-05
  -2.80467029E-05
  -2.88436077E-05
  -2.96184753E-05
  -3.03704273E-05
  -3.10985488E-05
  -3.18018938E-05
  -3.24794746E-05
  -3.31302290E-05
  -3.37530473E-05
  -3.43467545E-05
  -3.49100992E-05
  -3.54417716E-05
  -3.59403966E-05
  -3.64045336E-05
  -3.68326873E-05
  -3.72233117E-05
  -3.75748205E-05
  -3.78856021E-05
  -3.81540194E-05
  -3.83784281E-05
  -3.85572057E-05
  -3.86887332E-05
  -3.87714426E-05
  -3.88038243E-05
  -3.87844339E-05
  -3.87119107E-05
  -3.85850108E-05
  -3.84026025E-05
  -3.81636964E-05
  -3.78674413E-05
  -3.75131567E-05
  -3.71003334E-05
  -3.66286513E-05
  -3.60979866E-05
  -3.55083976E-05
  -3.48601643E-05
  -3.41537670E-05
  -3.33898970E-05
  -3.25694382E-05
  -3.16934929E-05
  -3.07633527E-05
  -2.97804963E-05
  -2.87465755E-05
  -2.76634182E-05
  -2.65330145E-05
  -2.53574799E-05
  -2.41390644E-05
  -2.28801346E-05
  -2.15831424E-05
  -2.02506235E-05
  -1.88851736E-05
  -1.74894321E-05
  -1.60660638E-05
  -1.46177454E-05
  -1.31471470E-05
  -1.16569217E-05
  -1.01496908E-05
  -8.62802881E-06
  -7.09445840E-06
  -5.55143515E-06
  -4.00134468E-06
  -2.44649505E-06
  -8.89111220E-07
   6.68665621E-07
   2.22478138E-06
   3.77726906E-06
   5.32424610E-06
   6.86391286E-06
   8.39455060E-06
   9.91451816E-06
   1.14222430E-05
   1.29162236E-05
   1.43950156E-05
   1.58572366E-05
   1.73015542E-05
   1.87266778E-05
   2.01313705E-05
   2.15144337E-05
   2.28746958E-05
   2.42110236E-05
   2.55223167E-05
   2.68075073E-05
   2.80655568E-05
   2.92954610E-05
   3.04962505E-05
   3.16669830E-05
   3.28067617E-05
   3.39147336E-05
   3.49901020E-05
   3.60321210E-05
   3.70400921E-05
   3.80133824E-05
   3.89514244E-05
   3.98537231E-05
   4.07198677E-05
   4.15495160E-05
   4.23424171E-05
   4.30983964E-05
   4.38173811E-05
   4.44993748E-05
   4.51444830E-05
   4.57528913E-05
   4.63248689E-05
   4.68607723E-05
   4.73610380E-05
   4.78261791E-05
   4.82567848E-05
   4.86535027E-05
   4.90170423E-05
   4.93481602E-05
   4.96476532E-05
   4.99163652E-05
   5.01551513E-05
   5.03648989E-05
   5.05464923E-05
   5.07008263E-05
   5.08287776E-05
   5.09312158E-05
   5.10089776E-05
   5.10628779E-05
   5.10936770E-05
   5.11021099E-05
   5.10888312E-05
   5.10544633E-05
   5.09995407E-05
   5.09245510E-05
   5.08298872E-05
   5.07158838E-05
   5.05827920E-05
   5.04307791E-05
   5.02599323E-05
   5.00702627E-05
   4.98616901E-05
   4.96340544E-05
   4.93871084E-05
   4.91205319E-05
   4.88339247E-05
   4.85267992E-05
   4.81986026E-05
   4.78487054E-05
   4.74764020E-05
   4.70809282E-05
   4.66614583E-05
   4.62171010E-05
   4.57469105E-05
   4.52498971E-05
   4.47250168E-05
   4.41711927E-05
   4.35873117E-05
   4.29722313E-05
   4.23247911E-05
   4.16438124E-05
   4.09281201E-05
   4.01765319E-05
   3.93878800E-05
   3.85610110E-05
   3.76948046E-05
   3.67881730E-05
   3.58400830E-05
   3.48495560E-05
   3.38156824E-05
   3.27376401E-05
   3.16147089E-05
   3.04462665E-05
   2.92318036E-05
   2.79709529E-05
   2.66634888E-05
   2.53093422E-05
   2.39086166E-05
   2.24616015E-05
   2.09687787E-05
   1.94308432E-05
   1.78487062E-05
   1.62235156E-05
   1.45566601E-05
   1.28497795E-05
   1.11047766E-05
   9.32382773E-06
   7.50938307E-06
   5.66418112E-06
   3.79124731E-06
   1.89390130E-06
  -2.42412881E-08
  -1.95926737E-06
  -3.90696641E-06
  -5.86283250E-06
  -7.82206371E-06
  -9.77956915E-06
  -1.17299760E-05
  -1.36676335E-05
  -1.55866237E-05
  -1.74807719E-05
  -1.93436535E-05
  -2.11686165E-05
  -2.29487905E-05
  -2.46770978E-05
  -2.63462862E-05
  -2.79489323E-05
  -2.94774763E-05
  -3.09242350E-05
  -3.22814230E-05
  -3.35411969E-05
  -3.46956476E-05
  -3.57368626E-05
  -3.66569402E-05
  -3.74480151E-05
  -3.81023019E-05
  -3.86121137E-05
  -3.89699089E-05
  -3.91683134E-05
  -3.92001639E-05
  -3.90585592E-05
  -3.87368564E-05
  -3.82287617E-05
  -3.75283234E-05
  -3.66300046E-05
  -3.55287048E-05
  -3.42198109E-05
  -3.26992231E-05
  -3.09634124E-05
  -2.90094467E-05
  -2.68350359E-05
  -2.44385719E-05
  -2.18191581E-05
  -1.89766542E-05
  -1.59117044E-05
  -1.26257692E-05
  -9.12116047E-06
  -5.40106294E-06
  -1.46956688E-06
   2.66831671E-06
   7.00663168E-06
   1.15384673E-05
   1.62559409E-05
   2.11501956E-05
   2.62113917E-05
   3.14287136E-05
   3.67903704E-05
   4.22836201E-05
   4.78947695E-05
   5.36092120E-05
   5.94114426E-05
   6.52851013E-05
   7.12130422E-05
   7.71773193E-05
   8.31592552E-05
   8.91395393E-05
   9.50982358E-05
   1.01014899E-04
   1.06868625E-04
   1.12638125E-04
   1.18301832E-04
   1.23837963E-04
   1.29224616E-04
   1.34439950E-04
   1.39462136E-04
   1.44269579E-04
   1.48840976E-04
   1.53155415E-04
   1.57192539E-04
   1.60932599E-04
   1.64356592E-04
   1.67446371E-04
   1.70184736E-04
   1.72555548E-04
   1.74543893E-04
   1.76136062E-04
   1.77319773E-04
   1.78084185E-04
   1.78420043E-04
   1.78319679E-04
   1.77777139E-04
   1.76788279E-04
   1.75350797E-04
   1.73464243E-04
   1.71130116E-04
   1.68351908E-04
   1.65135061E-04
   1.61486998E-04
   1.57417191E-04
   1.52937078E-04
   1.48060062E-04
   1.42801466E-04
   1.37178518E-04
   1.31210327E-04
   1.24917686E-04
   1.18323151E-04
   1.11450834E-04
   1.04326362E-04
   9.69767352E-05
   8.94302575E-05
   8.17163163E-05
   7.38653325E-05
   6.59085708E-05
   5.78779691E-05
   4.98059962E-05
   4.17254851E-05
   3.36694429E-05
   2.56708754E-05
   1.77626189E-05
   9.97713869E-06
   2.34635127E-06
  -5.09855909E-06
  -1.23273248E-05
  -1.93107790E-05
  -2.60210254E-05
  -3.24316097E-05
  -3.85176972E-05
  -4.42562123E-05
  -4.96259927E-05
  -5.46079282E-05
  -5.91850912E-05
  -6.33428353E-05
  -6.70689114E-05
  -7.03535407E-05
  -7.31894688E-05
  -7.55720685E-05
  -7.74993023E-05
  -7.89718179E-05
  -7.99928894E-05
  -8.05683885E-05
  -8.07068209E-05
  -8.04191586E-05
  -7.97188841E-05
  -7.86217934E-05
  -7.71459236E-05
  -7.53114145E-05
  -7.31403779E-05
  -7.06567153E-05
  -6.78859506E-05
  -6.48550049E-05
  -6.15920435E-05
  -5.81262393E-05
  -5.44875402E-05
  -5.07064542E-05
  -4.68137951E-05
  -4.28404710E-05
  -3.88172375E-05
  -3.47744499E-05
  -3.07418450E-05
  -2.67483065E-05
  -2.28216431E-05
  -1.89883813E-05
  -1.52735647E-05
  -1.17005757E-05
  -8.29095825E-06
  -5.06427114E-06
  -2.03794889E-06
   7.72808562E-07
   3.35513232E-06
   5.69855411E-06
   7.79505808E-06
   9.63910679E-06
   1.12276457E-05
   1.25600882E-05
   1.36382714E-05
   1.44663909E-05
   1.50509277E-05
   1.54005356E-05
   1.55259258E-05
   1.54397167E-05
   1.51562945E-05
   1.46916345E-05
   1.40631164E-05
   1.32893410E-05
   1.23899281E-05
   1.13853093E-05
   1.02965187E-05
   9.14498196E-06
   7.95230244E-06
   6.74005923E-06
   5.52959636E-06
   4.34182721E-06
   3.19704600E-06
   2.11474389E-06
   1.11344423E-06
   2.10545167E-07
  -5.77823528E-07
  -1.23692712E-06
  -1.75353807E-06
  -2.11603106E-06
  -2.31446165E-06
  -2.34062850E-06
  -2.18811647E-06
  -1.85232591E-06
  -1.33048127E-06
  -6.21626270E-07
   2.73398797E-07
   1.35199411E-06
   2.60985280E-06
   4.04102593E-06
   5.63800268E-06
   7.39179950E-06
   9.29206180E-06
   1.13271772E-05
   1.34843940E-05
   1.57499453E-05
   1.81091909E-05
   2.05467441E-05
   2.30466267E-05
   2.55924024E-05
   2.81673347E-05
   3.07545124E-05
   3.33370299E-05
   3.58981051E-05
   3.84212108E-05
   4.08902342E-05
   4.32895868E-05
   4.56043417E-05
   4.78203438E-05
   4.99242997E-05
   5.19039095E-05
   5.37479355E-05
   5.54462713E-05
   5.69900185E-05
   5.83715409E-05
   5.95845122E-05
   6.06239046E-05
   6.14860910E-05
   6.21687650E-05
   6.26709589E-05
   6.29930655E-05
   6.31367366E-05
   6.31049043E-05
   6.29016431E-05
   6.25322136E-05
   6.20028950E-05
   6.13209486E-05
   6.04945235E-05
   5.95325473E-05
   5.84446134E-05
   5.72409081E-05
   5.59320797E-05
   5.45291405E-05
   5.30433463E-05
   5.14860913E-05
   4.98688096E-05
   4.82028554E-05
   4.64994191E-05
   4.47694292E-05
   4.30234686E-05
   4.12716799E-05
   3.95237075E-05
   3.77886390E-05
   3.60749291E-05
   3.43903739E-05
   3.27420603E-05
   3.11363401E-05
   2.95788159E-05
   2.80743170E-05
   2.66269162E-05
   2.52399186E-05
   2.39158853E-05
   2.26566481E-05
   2.14633401E-05
   2.03364252E-05
   1.92757361E-05
   1.82805179E-05
   1.73494755E-05
   1.64808134E-05
   1.56722999E-05
   1.49213174E-05
   1.42249082E-05
   1.35798446E-05
   1.29826740E-05
   1.24297849E-05
   1.19174529E-05
   1.14419045E-05
   1.09993680E-05
   1.05861200E-05
   1.01985452E-05
   9.83317477E-06
   9.48673733E-06
   9.15619694E-06
   8.83878874E-06
   8.53205802E-06
   8.23388109E-06
   7.94249900E-06
   7.65652749E-06
   7.37497885E-06
   7.09726373E-06
   6.82319705E-06
   6.55299300E-06
   6.28725638E-06
   6.02696673E-06
   5.77345463E-06
   5.52837582E-06
   5.29367753E-06
   5.07155755E-06
   4.86442423E-06
   4.67484460E-06
   4.50549351E-06
   4.35910169E-06
   4.23839492E-06
   4.14603801E-06
   4.08457618E-06
   4.05637729E-06
   4.06357412E-06
   4.10801385E-06
   4.19120533E-06
   4.31427407E-06
   4.47792308E-06
   4.68239841E-06
   4.92746267E-06
   5.21237280E-06
   5.53586870E-06
   5.89617184E-06
   6.29098440E-06
   6.71750513E-06
   7.17244848E-06
   7.65207096E-06
   8.15220665E-06
   8.66831033E-06
   9.19550621E-06
   9.72863199E-06
   1.02623062E-05
   1.07909809E-05
   1.13090055E-05
   1.18106927E-05
   1.22903803E-05
   1.27424937E-05
   1.31616080E-05
   1.35425043E-05
   1.38802343E-05
   1.41701612E-05
   1.44080122E-05
   1.45899239E-05
   1.47124765E-05
   1.47727269E-05
   1.47682340E-05
   1.46970870E-05
   1.45579088E-05
   1.43498764E-05
   1.40727207E-05
   1.37267234E-05
   1.33127169E-05
   1.28320698E-05
   1.22866741E-05
   1.16789224E-05
   1.10116880E-05
   1.02883005E-05
   9.51251059E-06
   8.68846109E-06
   7.82065126E-06
   6.91389550E-06
   5.97328653E-06
   5.00415217E-06
   4.01200941E-06
   3.00252145E-06
   1.98144812E-06
   9.54599159E-07
  -7.22153928E-08
  -1.09323378E-06
  -2.10279245E-06
  -3.09537427E-06
  -4.06565505E-06
  -5.00855140E-06
  -5.91926300E-06
  -6.79331606E-06
  -7.62659511E-06
  -8.41538531E-06
  -9.15639339E-06
  -9.84677808E-06
  -1.04841638E-05
  -1.10666579E-05
  -1.15928578E-05
  -1.20618497E-05
  -1.24732023E-05
  -1.28269603E-05
  -1.31236275E-05
  -1.33641415E-05
  -1.35498467E-05
  -1.36824647E-05
  -1.37640582E-05
  -1.37969873E-05
  -1.37838761E-05
  -1.37275611E-05
  -1.36310491E-05
  -1.34974734E-05
  -1.33300482E-05
  -1.31320212E-05
  -1.29066402E-05
  -1.26571067E-05
  -1.23865457E-05
  -1.20979776E-05
  -1.17942818E-05
  -1.14781833E-05
  -1.11522322E-05
  -1.08187942E-05
  -1.04800401E-05
  -1.01379455E-05
  -9.79429024E-06
  -9.45066586E-06
  -9.10848303E-06
  -8.76898503E-06
  -8.43325688E-06
  -8.10224628E-06
  -7.77677906E-06
  -7.45757416E-06
  -7.14526050E-06
  -6.84039378E-06
  -6.54347514E-06
  -6.25496205E-06
  -5.97528378E-06
  -5.70485463E-06
  -5.44408022E-06
  -5.19337073E-06
  -4.95314589E-06
  -4.72384136E-06
  -4.50591278E-06
  -4.29983766E-06
  -4.10611847E-06
  -3.92528182E-06
  -3.75787863E-06
  -3.60448189E-06
  -3.46568504E-06
  -3.34209903E-06
  -3.23434847E-06
  -3.14306908E-06
  -3.06890183E-06
  -3.01248883E-06
  -2.97446923E-06
  -2.95547193E-06
  -2.95611062E-06
  -2.97697693E-06
  -3.01863270E-06
  -3.08160202E-06
  -3.16636283E-06
  -3.27333623E-06
  -3.40287761E-06
  -3.55526345E-06
  -3.73068201E-06
  -3.92921993E-06
  -4.15084969E-06
  -4.39542146E-06
  -4.66264737E-06
  -4.95209270E-06
  -5.26316808E-06
  -5.59512000E-06
  -5.94702669E-06
  -6.31779449E-06
  -6.70615646E-06
  -7.11067332E-06
  -7.52973983E-06
  -7.96159111E-06
  -8.40431494E-06
  -8.85585814E-06
  -9.31405066E-06
  -9.77661421E-06
  -1.02411886E-05
  -1.07053502E-05
  -1.11666295E-05
  -1.16225428E-05
  -1.20706072E-05
  -1.25083698E-05
  -1.29334294E-05
  -1.33434532E-05
  -1.37362040E-05
  -1.41095570E-05
  -1.44615160E-05
  -1.47902310E-05
  -1.50940059E-05
  -1.53713190E-05
  -1.56208207E-05
  -1.58413459E-05
  -1.60319159E-05
  -1.61917342E-05
  -1.63201876E-05
  -1.64168487E-05
  -1.64814628E-05
  -1.65139481E-05
  -1.65143774E-05
  -1.64829835E-05
  -1.64201374E-05
  -1.63263412E-05
  -1.62022261E-05
  -1.60485415E-05
  -1.58661296E-05
  -1.56559363E-05
  -1.54189893E-05
  -1.51563909E-05
  -1.48693189E-05
  -1.45590066E-05
  -1.42267372E-05
  -1.38738415E-05
  -1.35016844E-05
  -1.31116576E-05
  -1.27051735E-05
  -1.22836545E-05
  -1.18485259E-05
  -1.14012109E-05
  -1.09431185E-05
  -1.04756382E-05
  -1.00001380E-05
  -9.51794937E-06
  -9.03036744E-06
  -8.53864822E-06
  -8.04400406E-06
  -7.54760458E-06
  -7.05057209E-06
  -6.55398526E-06
  -6.05888181E-06
  -5.56626310E-06
  -5.07709774E-06
  -4.59232888E-06
  -4.11288238E-06
  -3.63967206E-06
  -3.17360923E-06
  -2.71561316E-06
  -2.26661746E-06
  -1.82757867E-06
  -1.39948429E-06
  -9.83359655E-07
  -5.80271546E-07
  -1.91332973E-07
   1.82295665E-07
   5.39406756E-07
   8.78748665E-07
   1.19902984E-06
   1.49892628E-06
   1.77709137E-06
   2.03216632E-06
   2.26279599E-06
   2.46764171E-06
   2.64539813E-06
   2.79481128E-06
   2.91469587E-06
   3.00395504E-06
   3.06159563E-06
   3.08674885E-06
   3.07868322E-06
   3.03682191E-06
   2.96075495E-06
   2.85024998E-06
   2.70526357E-06
   2.52594668E-06
   2.31264994E-06
   2.06592608E-06
   1.78652977E-06
   1.47541550E-06
   1.13373403E-06
   7.62825323E-07
   3.64210337E-07
  -6.04185004E-08
  -5.09209144E-07
  -9.80162213E-07
  -1.47114508E-06
  -1.97990676E-06
  -2.50409403E-06
  -3.04126684E-06
  -3.58891475E-06
  -4.14447595E-06
  -4.70535133E-06
  -5.26892518E-06
  -5.83258225E-06
  -6.39372320E-06
  -6.94978371E-06
  -7.49825131E-06
  -8.03668263E-06
  -8.56272163E-06
  -9.07411322E-06
  -9.56872191E-06
  -1.00445423E-05
  -1.04997180E-05
  -1.09325529E-05
  -1.13415199E-05
  -1.17252785E-05
  -1.20826753E-05
  -1.24127537E-05
  -1.27147614E-05
  -1.29881510E-05
  -1.32325795E-05
  -1.34479060E-05
  -1.36341887E-05
  -1.37916786E-05
  -1.39208105E-05
  -1.40221900E-05
  -1.40965822E-05
  -1.41449009E-05
  -1.41681858E-05
  -1.41675946E-05
  -1.41443761E-05
  -1.40998573E-05
  -1.40354268E-05
  -1.39525173E-05
  -1.38525847E-05
  -1.37370926E-05
  -1.36075014E-05
  -1.34652473E-05
  -1.33117373E-05
  -1.31483375E-05
  -1.29763584E-05
  -1.27970516E-05
  -1.26116092E-05
  -1.24211520E-05
  -1.22267320E-05
  -1.20293334E-05
  -1.18298703E-05
  -1.16291903E-05
  -1.14280811E-05
  -1.12272692E-05
  -1.10274268E-05
  -1.08291770E-05
  -1.06331026E-05
  -1.04397423E-05
  -1.02496024E-05
  -1.00631605E-05
  -9.88086776E-06
  -9.70315523E-06
  -9.53043309E-06
  -9.36309425E-06
  -9.20152252E-06
  -9.04608351E-06
  -8.89713465E-06
  -8.75502064E-06
  -8.62007619E-06
  -8.49262506E-06
  -8.37298012E-06
  -8.26144515E-06
  -8.15830845E-06
  -8.06385015E-06
  -7.97833036E-06
  -7.90199738E-06
  -7.83508494E-06
  -7.77780406E-06
  -7.73034662E-06
  -7.69287999E-06
  -7.66554695E-06
  -7.64845845E-06
  -7.64169181E-06
  -7.64528977E-06
  -7.65925051E-06
  -7.68353038E-06
  -7.71803207E-06
  -7.76260822E-06
  -7.81705148E-06
  -7.88109537E-06
  -7.95440519E-06
  -8.03658440E-06
  -8.12716553E-06
  -8.22561287E-06
  -8.33132162E-06
  -8.44362148E-06
  -8.56177303E-06
  -8.68497864E-06
  -8.81238520E-06
  -8.94308778E-06
  -9.07613503E-06
  -9.21054379E-06
  -9.34530181E-06
  -9.47938133E-06
  -9.61174374E-06
  -9.74135764E-06
  -9.86720170E-06
  -9.98828182E-06
  -1.01036367E-05
  -1.02123495E-05
  -1.03135562E-05
  -1.04064566E-05
  -1.04903174E-05
  -1.05644822E-05
  -1.06283796E-05
  -1.06815205E-05
  -1.07235046E-05
  -1.07540227E-05
  -1.07728592E-05
  -1.07798842E-05
  -1.07750593E-05
  -1.07584356E-05
  -1.07301430E-05
  -1.06903917E-05
  -1.06394700E-05
  -1.05777299E-05
  -1.05055888E-05
  -1.04235232E-05
  -1.03320599E-05
  -1.02317708E-05
  -1.01232636E-05
  -1.00071766E-05
  -9.88417287E-06
  -9.75492821E-06
  -9.62013110E-06
  -9.48046545E-06
  -9.33661249E-06
  -9.18923979E-06
  -9.03898854E-06
  -8.88647628E-06
  -8.73228055E-06
  -8.57694158E-06
  -8.42094687E-06
  -8.26473388E-06
  -8.10868096E-06
  -7.95310098E-06
  -7.79824313E-06
  -7.64428660E-06
  -7.49134006E-06
  -7.33944125E-06
  -7.18855699E-06
  -7.03858404E-06
  -6.88935324E-06
  -6.74063222E-06
  -6.59212992E-06
  -6.44350257E-06
  -6.29436227E-06
  -6.14428154E-06
  -5.99280384E-06
  -5.83945211E-06
  -5.68373616E-06
  -5.52516485E-06
  -5.36325297E-06
  -5.19753075E-06
  -5.02755256E-06
  -4.85290229E-06
  -4.67320251E-06
  -4.48811852E-06
  -4.29736110E-06
  -4.10068924E-06
  -3.89791421E-06
  -3.68889528E-06
  -3.47354126E-06
  -3.25180622E-06
  -3.02368721E-06
  -2.78921857E-06
  -2.54846714E-06
  -2.30152682E-06
  -2.04851221E-06
  -1.78955315E-06
  -1.52478776E-06
  -1.25435770E-06
  -9.78402795E-07
  -6.97056123E-07
  -4.10440634E-07
  -1.18666257E-07
   1.78172186E-07
   4.79995435E-07
   7.86739349E-07
   1.09835310E-06
   1.41479597E-06
   1.73603348E-06
   2.06203117E-06
   2.39274823E-06
   2.72813031E-06
   3.06809829E-06
   3.41254031E-06
   3.76130174E-06
   4.11417341E-06
   4.47087950E-06
   4.83106760E-06
   5.19429705E-06
   5.56002806E-06
   5.92760944E-06
   6.29627039E-06
   6.66511323E-06
   7.03310116E-06
   7.39905499E-06
   7.76164688E-06
   8.11939390E-06
   8.47066349E-06
   8.81366213E-06
   9.14644625E-06
   9.46691853E-06
   9.77284162E-06
   1.00618363E-05
   1.03313978E-05
   1.05789059E-05
   1.08016393E-05
   1.09967914E-05
   1.11614845E-05
   1.12927974E-05
   1.13877777E-05
   1.14434724E-05
   1.14569430E-05
   1.14252962E-05
   1.13457063E-05
   1.12154394E-05
   1.10318797E-05
   1.07925498E-05
   1.04951396E-05
   1.01375235E-05
   9.71778172E-06
   9.23422431E-06
   8.68540246E-06
   8.07012839E-06
   7.38748804E-06
   6.63685069E-06
   5.81788163E-06
   4.93054722E-06
   3.97512213E-06
   2.95219115E-06
   1.86265174E-06
   7.07714150E-07
  -5.11100609E-07
  -1.79196400E-06
  -3.13274427E-06
  -4.53101120E-06
  -5.98404267E-06
  -7.48883258E-06
  -9.04209719E-06
  -1.06402867E-05
  -1.22795900E-05
  -1.39559461E-05
  -1.56650531E-05
  -1.74023844E-05
  -1.91631880E-05
  -2.09425070E-05
  -2.27351884E-05
  -2.45358970E-05
  -2.63391285E-05
  -2.81392258E-05
  -2.99303865E-05
  -3.17066988E-05
  -3.34621363E-05
  -3.51905874E-05
  -3.68858746E-05
  -3.85417843E-05
  -4.01520847E-05
  -4.17105475E-05
  -4.32109773E-05
  -4.46472441E-05
  -4.60133087E-05
  -4.73032414E-05
  -4.85112687E-05
  -4.96318171E-05
  -5.06595024E-05
  -5.15892061E-05
  -5.24160896E-05
  -5.31356236E-05
  -5.37436244E-05
  -5.42362795E-05
  -5.46101874E-05
  -5.48623830E-05
  -5.49903634E-05
  -5.49920951E-05
  -5.48660755E-05
  -5.46113188E-05
  -5.42273810E-05
  -5.37143860E-05
  -5.30730285E-05
  -5.23046037E-05
  -5.14109779E-05
  -5.03946176E-05
  -4.92585896E-05
  -4.80065428E-05
  -4.66427118E-05
  -4.51719061E-05
  -4.35994807E-05
  -4.19313401E-05
  -4.01738980E-05
  -3.83340666E-05
  -3.64192128E-05
  -3.44371256E-05
  -3.23959939E-05
  -3.03043580E-05
  -2.81710745E-05
  -2.60052602E-05
  -2.38162611E-05
  -2.16135941E-05
  -1.94069071E-05
  -1.72059154E-05
  -1.50203578E-05
  -1.28599477E-05
  -1.07343112E-05
  -8.65293896E-06
  -6.62513094E-06
  -4.65994799E-06
  -2.76615515E-06
  -9.52173991E-07
   7.73968452E-07
   2.40468626E-06
   3.93287837E-06
   5.35197705E-06
   6.65598327E-06
   7.83950691E-06
   8.89779949E-06
   9.82678739E-06
   1.06230946E-05
   1.12840680E-05
   1.18077987E-05
   1.21931271E-05
   1.24396602E-05
   1.25477673E-05
   1.25185861E-05
   1.23540112E-05
   1.20566838E-05
   1.16299689E-05
   1.10779411E-05
   1.04053497E-05
   9.61758815E-06
   8.72065539E-06
   7.72111434E-06
   6.62604589E-06
   5.44299610E-06
   4.17992624E-06
   2.84515409E-06
   1.44729449E-06
  -4.79954387E-09
  -1.50210064E-06
  -3.03546858E-06
  -4.59571265E-06
  -6.17365549E-06
  -7.76019169E-06
  -9.34635045E-06
  -1.09233479E-05
  -1.24826456E-05
  -1.40159982E-05
  -1.55154994E-05
  -1.69736286E-05
  -1.83832817E-05
  -1.97378067E-05
  -2.10310300E-05
  -2.22572817E-05
  -2.34114068E-05
  -2.44887797E-05
  -2.54853076E-05
  -2.63974343E-05
  -2.72221332E-05
  -2.79569103E-05
  -2.85997758E-05
  -2.91492506E-05
  -2.96043272E-05
  -2.99644671E-05
  -3.02295630E-05
