   0.00000000    
   0.00000000    
   0.00000000    
   0.00000000    
   0.00000000    
   0.00000000    
   0.00000000    
   0.00000000    
   0.00000000    
   0.00000000    
   0.00000000    
   0.00000000    
   0.00000000    
   0.00000000    
   0.00000000    
   0.00000000    
   0.00000000    
   0.00000000    
   0.00000000    
   0.00000000    
   0.00000000    
   0.00000000    
   0.00000000    
   0.00000000    
   0.00000000    
   0.00000000    
   0.00000000    
   0.00000000    
   0.00000000    
   0.00000000    
   0.00000000    
   0.00000000    
   0.00000000    
   0.00000000    
   0.00000000    
   0.00000000    
   0.00000000    
   0.00000000    
   0.00000000    
   0.00000000    
   0.00000000    
   0.00000000    
   0.00000000    
   0.00000000    
   0.00000000    
   0.00000000    
   0.00000000    
   0.00000000    
   0.00000000    
   0.00000000    
   0.00000000    
   0.00000000    
   0.00000000    
   0.00000000    
   0.00000000    
   0.00000000    
  -1.40129846E-45
  -2.80259693E-45
  -7.00649232E-45
  -1.12103877E-44
  -1.26116862E-44
  -1.40129846E-45
   4.06376555E-44
   1.49938936E-43
   3.81153182E-43
   7.95937528E-43
   1.43072573E-42
   2.19163080E-42
   2.64985540E-42
   1.68856465E-42
  -3.03661377E-42
  -1.57337792E-41
  -4.29652122E-41
  -9.33194712E-41
  -1.74994152E-40
  -2.89142524E-40
  -4.15884365E-40
  -4.89267563E-40
  -3.58014942E-40
   2.67712466E-40
   1.87483505E-39
   5.18589873E-39
   1.11243928E-38
   2.06124880E-38
   3.40543048E-38
   5.03037394E-38
   6.48835997E-38
   6.72565585E-38
   3.71190735E-38
  -5.99007618E-38
  -2.75983266E-37
  -6.81858291E-37
  -1.36023203E-36
  -2.38512388E-36
  -3.77754946E-36
  -5.42552847E-36
  -6.95553654E-36
  -7.54534355E-36
  -5.67783573E-36
   1.14400213E-36
   1.66641563E-35
   4.60081372E-35
   9.54873060E-35
   1.71766058E-34
   2.79955482E-34
   4.20064376E-34
   5.81137591E-34
   7.32401260E-34
   8.10904676E-34
   7.05633463E-34
   2.39038934E-34
  -8.51397518E-34
  -2.92631531E-33
  -6.44326510E-33
  -1.19268302E-32
  -1.98891014E-32
  -3.06716657E-32
  -4.41719979E-32
  -5.94101134E-32
  -7.38882718E-32
  -8.27024752E-32
  -7.73857260E-32
  -4.45105902E-32
   3.58353273E-32
   1.91444983E-31
   4.58785289E-31
   8.82402138E-31
   1.51172956E-30
   2.39355627E-30
   3.55777302E-30
   4.99336007E-30
   6.61100280E-30
   8.18845904E-30
   9.29521876E-30
   9.19454303E-30
   6.72444910E-30
   1.65410487E-31
  -1.28873422E-29
  -3.56139174E-29
  -7.19679275E-29
  -1.26500279E-28
  -2.03891005E-28
  -3.08031767E-28
  -4.40459697E-28
  -5.97908562E-28
  -7.68725934E-28
  -9.27925662E-28
  -1.03072602E-27
  -1.00460435E-27
  -7.40214081E-28
  -8.20146915E-29
   1.17979262E-27
   3.31340801E-27
   6.64169575E-27
   1.15249597E-26
   1.83227151E-26
   2.73249338E-26
   3.86413839E-26
   5.20363838E-26
   6.66963160E-26
   8.09191330E-26
   9.17205370E-26
   9.43612489E-26
   8.18159199E-26
   4.42287069E-26
  -3.15660935E-26
  -1.62334386E-25
  -3.68363456E-25
  -6.72765725E-25
  -1.09984131E-24
  -1.67209699E-24
  -2.40544615E-24
  -3.30206861E-24
  -4.34039395E-24
  -5.46173843E-24
  -6.55328684E-24
  -7.42741888E-24
  -7.79787822E-24
  -7.25401936E-24
  -5.23539215E-24
  -1.01026320E-24
   6.33663251E-24
   1.78998109E-23
   3.49226545E-23
   5.87289273E-23
   9.06018867E-23
   1.31594709E-22
   1.82254889E-22
   2.42245477E-22
   3.09848786E-22
   3.81343339E-22
   4.50254491E-22
   5.06493635E-22
   5.35421429E-22
   5.16897662E-22
   4.24415699E-22
   2.24461018E-22
  -1.23717990E-22
  -6.67683338E-22
  -1.46042827E-21
  -2.55769496E-21
  -4.01359867E-21
  -5.87413830E-21
  -8.16819610E-21
  -1.08956626E-20
  -1.40124477E-20
  -1.74123264E-20
  -2.09058591E-20
  -2.41969813E-20
  -2.68584559E-20
  -2.83079203E-20
  -2.77871294E-20
  -2.43477948E-20
  -1.68484315E-20
  -3.96748295E-21
   1.57610364E-20
   4.38826068E-20
   8.19208983E-20
   1.31233445E-19
   1.92818993E-19
   2.67073666E-19
   3.53497444E-19
   4.50359053E-19
   5.54335604E-19
   6.60156924E-19
   7.60299958E-19
   8.44798784E-19
   9.01262908E-19
   9.15226751E-19
   8.70990269E-19
   7.53155082E-19
   5.49107099E-19
   2.52751576E-19
  -1.30138658E-19
  -5.74545074E-19
  -1.02632724E-18
  -1.38934290E-18
  -1.50903872E-18
  -1.15200544E-18
   1.89414408E-20
   2.47444111E-18
   6.85306109E-18
   1.40001775E-17
   2.50102575E-17
   4.12706348E-17
   6.45035905E-17
   9.68017707E-17
   1.40649689E-16
   1.98920579E-16
   2.74834398E-16
   3.71855934E-16
   4.93507283E-16
   6.43057249E-16
   8.23042115E-16
   1.03455662E-15
   1.27623725E-15
   1.54284203E-15
   1.82330428E-15
   2.09811162E-15
   2.33582803E-15
   2.48854129E-15
   2.48597817E-15
   2.22798549E-15
   1.57503077E-15
   3.36338837E-16
  -1.74476473E-15
  -5.00874680E-15
  -9.90145855E-15
  -1.69998530E-14
  -2.70421943E-14
  -4.09629944E-14
  -5.99326835E-14
  -8.54017649E-14
  -1.19148506E-13
  -1.63328918E-13
  -2.20526302E-13
  -2.93797105E-13
  -3.86707268E-13
  -5.03351755E-13
  -6.48347370E-13
  -8.26784062E-13
  -1.04411792E-12
  -1.30598071E-12
  -1.61787727E-12
  -1.98473074E-12
  -2.41022827E-12
  -2.89590942E-12
  -3.43992152E-12
  -4.03535408E-12
  -4.66804763E-12
  -5.31374944E-12
  -5.93446386E-12
  -6.47383015E-12
  -6.85132073E-12
  -6.95503420E-12
  -6.63283057E-12
  -5.68151949E-12
  -3.83380220E-12
  -7.42631325E-13
   4.03734468E-12
   1.10715829E-11
   2.10710182E-11
   3.49212950E-11
   5.37160386E-11
   7.87942767E-11
   1.11781917E-10
   1.54637039E-10
   2.09698342E-10
   2.79735651E-10
   3.68001213E-10
   4.78279083E-10
   6.14930162E-10
   7.82928111E-10
   9.87881221E-10
   1.23603294E-09
   1.53423252E-09
   1.88986382E-09
   2.31072006E-09
   2.80480505E-09
   3.38004358E-09
   4.04387102E-09
   4.80267870E-09
   5.66107250E-09
   6.62091049E-09
   7.68006192E-09
   8.83083562E-09
   1.00580122E-08
   1.13364065E-08
   1.26278579E-08
   1.38775711E-08
   1.50096895E-08
   1.59219642E-08
   1.64793974E-08
   1.65067089E-08
   1.57794293E-08
   1.40134810E-08
   1.08530092E-08
   5.85628301E-09
  -1.52058433E-09
  -1.19423085E-08
  -2.62157762E-08
  -4.53142768E-08
  -7.04049086E-08
  -1.02879405E-07
  -1.44388665E-07
  -1.96881132E-07
  -2.62645472E-07
  -3.44357375E-07
  -4.45131121E-07
  -5.68575672E-07
  -7.18855404E-07
  -9.00755765E-07
  -1.11975362E-06
  -1.38209180E-06
  -1.69485816E-06
  -2.06606887E-06
  -2.50475432E-06
  -3.02104809E-06
  -3.62627907E-06
  -4.33306241E-06
  -5.15539159E-06
  -6.10872894E-06
  -7.21009383E-06
  -8.47814590E-06
  -9.93325830E-06
  -1.15975881E-05
  -1.34951306E-05
  -1.56517635E-05
  -1.80952738E-05
  -2.08553593E-05
  -2.39636211E-05
  -2.74535196E-05
  -3.13603123E-05
  -3.57209356E-05
  -4.05739011E-05
  -4.59590956E-05
  -5.19175846E-05
  -5.84913541E-05
  -6.57230194E-05
  -7.36554503E-05
  -8.23314258E-05
  -9.17931466E-05
  -1.02081758E-04
  -1.13236820E-04
  -1.25295686E-04
  -1.38292948E-04
  -1.52259614E-04
  -1.67222548E-04
  -1.83203636E-04
  -2.00219030E-04
  -2.18278379E-04
  -2.37383952E-04
  -2.57529900E-04
  -2.78701482E-04
  -3.00874148E-04
  -3.24012974E-04
  -3.48071830E-04
  -3.72992741E-04
  -3.98705364E-04
  -4.25126549E-04
  -4.52159788E-04
  -4.79695125E-04
  -5.07608929E-04
  -5.35763917E-04
  -5.64009300E-04
  -5.92181110E-04
  -6.20102626E-04
  -6.47585257E-04
  -6.74429059E-04
  -7.00424309E-04
  -7.25352205E-04
  -7.48986611E-04
  -7.71095627E-04
  -7.91443337E-04
  -8.09791847E-04
  -8.25903495E-04
  -8.39542714E-04
  -8.50478827E-04
  -8.58488434E-04
  -8.63357738E-04
  -8.64885224E-04
  -8.62884277E-04
  -8.57185689E-04
  -8.47640098E-04
  -8.34120438E-04
  -8.16524145E-04
  -7.94775377E-04
  -7.68826692E-04
  -7.38660921E-04
  -7.04292557E-04
  -6.65768574E-04
  -6.23169646E-04
  -5.76610211E-04
  -5.26238699E-04
  -4.72237502E-04
  -4.14821843E-04
  -3.54238931E-04
  -2.90766562E-04
  -2.24711199E-04
  -1.56405833E-04
  -8.62074448E-05
  -1.44940495E-05
   5.83383808E-05
   1.31879351E-04
   2.05707503E-04
   2.79394444E-04
   3.52508679E-04
   4.24619735E-04
   4.95302025E-04
   5.64139162E-04
   6.30727853E-04
   6.94681599E-04
   7.55634566E-04
   8.13245075E-04
   8.67198629E-04
   9.17210884E-04
   9.63030208E-04
   1.00443978E-03
   1.04125950E-03
   1.07334694E-03
   1.10059849E-03
   1.12294976E-03
   1.14037574E-03
   1.15288934E-03
   1.16054225E-03
   1.16342166E-03
   1.16165006E-03
   1.15538191E-03
   1.14480243E-03
   1.13012386E-03
   1.11158285E-03
   1.08943752E-03
   1.06396386E-03
   1.03545247E-03
   1.00420497E-03
   9.70530615E-04
   9.34742740E-04
   8.97155609E-04
   8.58081039E-04
   8.17825377E-04
   7.76686822E-04
   7.34952628E-04
   6.92896894E-04
   6.50778413E-04
   6.08839327E-04
   5.67303156E-04
   5.26373973E-04
   4.86235745E-04
   4.47051600E-04
   4.08963795E-04
   3.72093928E-04
   3.36543133E-04
   3.02392757E-04
   2.69705284E-04
   2.38525361E-04
   2.08880927E-04
   1.80784569E-04
   1.54234993E-04
   1.29218461E-04
   1.05710424E-04
   8.36769759E-05
   6.30763971E-05
   4.38606512E-05
   2.59767985E-05
   9.36837023E-06
  -6.02344517E-06
  -2.02587253E-05
  -3.33977587E-05
  -4.55002155E-05
  -5.66244671E-05
  -6.68269568E-05
  -7.61617848E-05
  -8.46804032E-05
  -9.24314081E-05
  -9.94604779E-05
  -1.05810381E-04
  -1.11521076E-04
  -1.16629926E-04
  -1.21171906E-04
  -1.25179926E-04
  -1.28685104E-04
  -1.31717141E-04
  -1.34304646E-04
  -1.36475399E-04
  -1.38256699E-04
  -1.39675671E-04
  -1.40759410E-04
  -1.41535216E-04
  -1.42030694E-04
  -1.42273871E-04
  -1.42293211E-04
  -1.42117584E-04
  -1.41776123E-04
  -1.41298195E-04
  -1.40713222E-04
  -1.40050412E-04
  -1.39338605E-04
  -1.38605974E-04
  -1.37879862E-04
  -1.37186376E-04
  -1.36550254E-04
  -1.35994560E-04
  -1.35540453E-04
  -1.35207069E-04
  -1.35011243E-04
  -1.34967428E-04
  -1.35087656E-04
  -1.35381357E-04
  -1.35855444E-04
  -1.36514311E-04
  -1.37359850E-04
  -1.38391639E-04
  -1.39606957E-04
  -1.41001030E-04
  -1.42567151E-04
  -1.44296879E-04
  -1.46180129E-04
  -1.48205552E-04
  -1.50360531E-04
  -1.52631401E-04
  -1.55003596E-04
  -1.57461734E-04
  -1.59989708E-04
  -1.62570679E-04
  -1.65187128E-04
  -1.67820705E-04
  -1.70452244E-04
  -1.73061548E-04
  -1.75627196E-04
  -1.78126356E-04
  -1.80534451E-04
  -1.82824908E-04
  -1.84968769E-04
  -1.86934383E-04
  -1.88687030E-04
  -1.90188468E-04
  -1.91396670E-04
  -1.92265361E-04
  -1.92743741E-04
  -1.92776119E-04
  -1.92301653E-04
  -1.91254076E-04
  -1.89561586E-04
  -1.87146652E-04
  -1.83925978E-04
  -1.79810508E-04
  -1.74705521E-04
  -1.68510800E-04
  -1.61120872E-04
  -1.52425360E-04
  -1.42309364E-04
  -1.30654094E-04
  -1.17337302E-04
  -1.02234102E-04
  -8.52176163E-05
  -6.61598897E-05
  -4.49328654E-05
  -2.14092433E-05
   4.53634129E-06
   3.30262992E-05
   6.41788065E-05
   9.81066551E-05
   1.34915943E-04
   1.74704794E-04
   2.17561974E-04
   2.63565627E-04
   3.12781776E-04
   3.65263142E-04
   4.21047531E-04
   4.80156741E-04
   5.42595051E-04
   6.08348055E-04
   6.77381293E-04
   7.49639177E-04
   8.25043826E-04
   9.03494016E-04
   9.84864193E-04
   1.06900383E-03
   1.15573616E-03
   1.24485837E-03
   1.33614021E-03
   1.42932474E-03
   1.52412709E-03
   1.62023515E-03
   1.71730970E-03
   1.81498495E-03
   1.91286823E-03
   2.01054243E-03
   2.10756576E-03
   2.20347336E-03
   2.29777955E-03
   2.38997862E-03
   2.47954717E-03
   2.56594620E-03
   2.64862459E-03
   2.72702076E-03
   2.80056614E-03
   2.86868727E-03
   2.93081137E-03
   2.98636779E-03
   3.03479237E-03
   3.07553215E-03
   3.10804811E-03
   3.13181989E-03
   3.14634992E-03
   3.15116742E-03
   3.14583257E-03
   3.12994025E-03
   3.10312561E-03
   3.06506595E-03
   3.01548606E-03
   2.95416079E-03
   2.88091949E-03
   2.79564830E-03
   2.69829389E-03
   2.58886488E-03
   2.46743462E-03
   2.33414327E-03
   2.18919804E-03
   2.03287601E-03
   1.86552200E-03
   1.68755115E-03
   1.49944611E-03
   1.30175729E-03
   1.09510100E-03
   8.80156178E-04
   6.57664146E-04
   4.28422820E-04
   1.93284592E-04
  -4.68487851E-05
  -2.91029573E-04
  -5.38270688E-04
  -7.87550351E-04
  -1.03781791E-03
  -1.28800026E-03
  -1.53700844E-03
  -1.78374385E-03
  -2.02710601E-03
  -2.26599909E-03
  -2.49933894E-03
  -2.72606034E-03
  -2.94512417E-03
  -3.15552484E-03
  -3.35629610E-03
  -3.54651874E-03
  -3.72532639E-03
  -3.89191159E-03
  -4.04553209E-03
  -4.18551499E-03
  -4.31126170E-03
  -4.42225346E-03
  -4.51805349E-03
  -4.59831022E-03
  -4.66275960E-03
  -4.71122842E-03
  -4.74363286E-03
  -4.75998037E-03
  -4.76036919E-03
  -4.74498700E-03
  -4.71410993E-03
  -4.66809934E-03
  -4.60739806E-03
  -4.53252858E-03
  -4.44408786E-03
  -4.34274180E-03
  -4.22922103E-03
  -4.10431437E-03
  -3.96886189E-03
  -3.82374972E-03
  -3.66990292E-03
  -3.50827724E-03
  -3.33985221E-03
  -3.16562504E-03
  -2.98660062E-03
  -2.80378619E-03
  -2.61818245E-03
  -2.43077823E-03
  -2.24254117E-03
  -2.05441308E-03
  -1.86730223E-03
  -1.68207823E-03
  -1.49956672E-03
  -1.32054300E-03
  -1.14572933E-03
  -9.75789735E-04
  -8.11327249E-04
  -6.52881805E-04
  -5.00926981E-04
  -3.55870230E-04
  -2.18049856E-04
  -8.77371058E-05
   3.48645262E-05
   1.49617437E-04
   2.56448751E-04
   3.55347991E-04
   4.46363934E-04
   5.29601937E-04
   6.05219626E-04
   6.73423056E-04
   7.34462403E-04
   7.88627192E-04
   8.36241350E-04
   8.77658371E-04
   9.13255906E-04
   9.43430641E-04
   9.68593231E-04
   9.89163294E-04
   1.00556412E-03
   1.01821800E-03
   1.02754217E-03
   1.03394384E-03
   1.03781687E-03
   1.03953760E-03
   1.03946193E-03
   1.03792304E-03
   1.03522802E-03
   1.03165687E-03
   1.02746033E-03
   1.02285959E-03
   1.01804477E-03
   1.01317582E-03
   1.00838207E-03
   1.00376329E-03
   9.99390963E-04
   9.95308859E-04
   9.91535955E-04
   9.88067361E-04
   9.84877464E-04
   9.81921563E-04
   9.79139470E-04
   9.76457086E-04
   9.73790186E-04
   9.71046858E-04
   9.68130189E-04
   9.64940933E-04
   9.61380545E-04
   9.57353273E-04
   9.52768663E-04
   9.47543595E-04
   9.41604318E-04
   9.34887852E-04
   9.27343557E-04
   9.18934122E-04
   9.09636146E-04
   8.99441307E-04
   8.88355600E-04
   8.76400038E-04
   8.63609894E-04
   8.50034179E-04
   8.35734769E-04
   8.20785295E-04
   8.05269810E-04
   7.89281155E-04
   7.72919622E-04
   7.56291091E-04
   7.39505165E-04
   7.22673256E-04
   7.05906830E-04
   6.89315377E-04
   6.73004892E-04
   6.57075667E-04
   6.41621009E-04
   6.26725785E-04
   6.12464792E-04
   5.98901941E-04
   5.86089096E-04
   5.74065256E-04
   5.62856381E-04
   5.52474754E-04
   5.42919093E-04
   5.34174789E-04
   5.26214077E-04
   5.18996792E-04
   5.12471364E-04
   5.06575569E-04
   5.01237693E-04
   4.96378227E-04
   4.91910905E-04
   4.87744488E-04
   4.83784417E-04
   4.79934301E-04
   4.76097921E-04
   4.72180604E-04
   4.68091050E-04
   4.63742879E-04
   4.59056057E-04
   4.53958346E-04
   4.48386476E-04
   4.42287128E-04
   4.35618043E-04
   4.28348489E-04
   4.20459779E-04
   4.11945628E-04
   4.02812293E-04
   3.93078284E-04
   3.82774015E-04
   3.71941307E-04
   3.60632606E-04
   3.48910107E-04
   3.36844678E-04
   3.24514578E-04
   3.12004035E-04
   2.99401931E-04
   2.86800176E-04
   2.74292281E-04
   2.61971581E-04
   2.49929755E-04
   2.38255248E-04
   2.27031822E-04
   2.16336979E-04
   2.06240948E-04
   1.96805282E-04
   1.88081787E-04
   1.80111878E-04
   1.72925764E-04
   1.66541897E-04
   1.60966825E-04
   1.56195019E-04
   1.52208901E-04
   1.48979307E-04
   1.46465871E-04
   1.44617719E-04
   1.43374316E-04
   1.42666482E-04
   1.42417615E-04
   1.42544799E-04
   1.42960285E-04
   1.43572863E-04
   1.44289428E-04
   1.45016325E-04
   1.45661033E-04
   1.46133592E-04
   1.46348058E-04
   1.46223756E-04
   1.45686703E-04
   1.44670659E-04
   1.43118232E-04
   1.40981661E-04
   1.38223608E-04
   1.34817674E-04
   1.30748696E-04
   1.26013008E-04
   1.20618381E-04
   1.14583789E-04
   1.07939108E-04
   1.00724559E-04
   9.29898524E-05
   8.47935007E-05
   7.62017153E-05
   6.72873284E-05
   5.81285567E-05
   4.88077349E-05
   3.94099625E-05
   3.00217216E-05
   2.07295525E-05
   1.16186275E-05
   2.77147046E-06
  -5.73333818E-06
  -1.38223113E-05
  -2.14282190E-05
  -2.84909474E-05
  -3.49584589E-05
  -4.07874177E-05
  -4.59437288E-05
  -5.04030104E-05
  -5.41507179E-05
  -5.71823111E-05
  -5.95030433E-05
  -6.11278010E-05
  -6.20806240E-05
  -6.23941814E-05
  -6.21090585E-05
  -6.12729782E-05
  -5.99399136E-05
  -5.81690474E-05
  -5.60237495E-05
  -5.35704530E-05
  -5.08775483E-05
  -4.80142444E-05
  -4.50494299E-05
  -4.20506003E-05
  -3.90828282E-05
  -3.62077772E-05
  -3.34828510E-05
  -3.09603965E-05
  -2.86870381E-05
  -2.67031246E-05
  -2.50423036E-05
  -2.37312452E-05
  -2.27894961E-05
  -2.22294511E-05
  -2.20564725E-05
  -2.22691178E-05
  -2.28595236E-05
  -2.38138509E-05
  -2.51128567E-05
  -2.67325577E-05
  -2.86449267E-05
  -3.08186827E-05
  -3.32200907E-05
  -3.58137877E-05
  -3.85636195E-05
  -4.14334572E-05
  -4.43879908E-05
  -4.73934633E-05
  -5.04183772E-05
  -5.34340652E-05
  -5.64152615E-05
  -5.93405130E-05
  -6.21925283E-05
  -6.49583890E-05
  -6.76297059E-05
  -7.02025864E-05
  -7.26775979E-05
  -7.50595209E-05
  -7.73570791E-05
  -7.95825326E-05
  -8.17512046E-05
  -8.38810010E-05
  -8.59917200E-05
  -8.81044762E-05
  -9.02410102E-05
  -9.24229826E-05
  -9.46713117E-05
  -9.70054680E-05
  -9.94428410E-05
  -1.01998136E-04
  -1.04682818E-04
  -1.07504624E-04
  -1.10467168E-04
  -1.13569629E-04
  -1.16806492E-04
  -1.20167482E-04
  -1.23637496E-04
  -1.27196690E-04
  -1.30820728E-04
  -1.34480957E-04
  -1.38144882E-04
  -1.41776603E-04
  -1.45337399E-04
  -1.48786261E-04
  -1.52080727E-04
  -1.55177491E-04
  -1.58033174E-04
  -1.60605196E-04
  -1.62852477E-04
  -1.64736281E-04
  -1.66220954E-04
  -1.67274615E-04
  -1.67869875E-04
  -1.67984486E-04
  -1.67601771E-04
  -1.66711165E-04
  -1.65308578E-04
  -1.63396602E-04
  -1.60984753E-04
  -1.58089490E-04
  -1.54734138E-04
  -1.50948792E-04
  -1.46770006E-04
  -1.42240460E-04
  -1.37408468E-04
  -1.32327477E-04
  -1.27055362E-04
  -1.21653793E-04
  -1.16187468E-04
  -1.10723253E-04
  -1.05329396E-04
  -1.00074620E-04
  -9.50272588E-05
  -9.02543907E-05
  -8.58209678E-05
  -8.17889959E-05
  -7.82167335E-05
  -7.51579646E-05
  -7.26613143E-05
  -7.07696454E-05
  -6.95195195E-05
  -6.89407825E-05
  -6.90561792E-05
  -6.98811054E-05
  -7.14234193E-05
  -7.36834190E-05
  -7.66537996E-05
  -8.03198564E-05
  -8.46596231E-05
  -8.96441925E-05
  -9.52380942E-05
  -1.01399732E-04
  -1.08081920E-04
  -1.15232440E-04
  -1.22794678E-04
  -1.30708271E-04
  -1.38909818E-04
  -1.47333558E-04
  -1.55912159E-04
  -1.64577403E-04
  -1.73260923E-04
  -1.81894924E-04
  -1.90412800E-04
  -1.98749869E-04
  -2.06843950E-04
  -2.14635860E-04
  -2.22069997E-04
  -2.29094730E-04
  -2.35662839E-04
  -2.41731788E-04
  -2.47264019E-04
  -2.52227066E-04
  -2.56593747E-04
  -2.60342116E-04
  -2.63455557E-04
  -2.65922572E-04
  -2.67736730E-04
  -2.68896401E-04
  -2.69404554E-04
  -2.69268465E-04
  -2.68499192E-04
  -2.67111493E-04
  -2.65123206E-04
  -2.62554910E-04
  -2.59429449E-04
  -2.55771622E-04
  -2.51607533E-04
  -2.46964395E-04
  -2.41869886E-04
  -2.36351989E-04
  -2.30438513E-04
  -2.24156698E-04
  -2.17533074E-04
  -2.10593120E-04
  -2.03361153E-04
  -1.95860062E-04
  -1.88111255E-04
  -1.80134710E-04
  -1.71948777E-04
  -1.63570381E-04
  -1.55015092E-04
  -1.46297243E-04
  -1.37430063E-04
  -1.28425992E-04
  -1.19296863E-04
  -1.10054185E-04
  -1.00709425E-04
  -9.12742980E-05
  -8.17610853E-05
  -7.21829128E-05
  -6.25540124E-05
  -5.28900127E-05
  -4.32081288E-05
  -3.35273653E-05
  -2.38687498E-05
  -1.42552890E-05
  -4.71217209E-06
   4.73328691E-06
   1.40517222E-05
   2.32117600E-05
   3.21802363E-05
   4.09223867E-05
   4.94020933E-05
   5.75822633E-05
   6.54251853E-05
   7.28928644E-05
   7.99475529E-05
   8.65521652E-05
   9.26707871E-05
   9.82691417E-05
   1.03315164E-04
   1.07779371E-04
   1.11635425E-04
   1.14860544E-04
   1.17435913E-04
   1.19347060E-04
   1.20584162E-04
   1.21142279E-04
   1.21021629E-04
   1.20227640E-04
   1.18771015E-04
   1.16667739E-04
   1.13938964E-04
   1.10610883E-04
   1.06714448E-04
   1.02285063E-04
   9.73622518E-05
   9.19892409E-05
   8.62124361E-05
   8.00809357E-05
   7.36459842E-05
   6.69603687E-05
   6.00778549E-05
   5.30525576E-05
   4.59383664E-05
   3.87883301E-05
   3.16541264E-05
   2.45854826E-05
   1.76297126E-05
   1.08312306E-05
   4.23114579E-06
  -2.13309249E-06
  -8.22798393E-06
  -1.40242282E-05
  -1.94968907E-05
  -2.46255131E-05
  -2.93941721E-05
  -3.37914353E-05
  -3.78103214E-05
  -4.14481328E-05
  -4.47062921E-05
  -4.75901106E-05
  -5.01084833E-05
  -5.22736082E-05
  -5.41006302E-05
  -5.56072628E-05
  -5.68134164E-05
  -5.77408100E-05
  -5.84125519E-05
  -5.88527619E-05
  -5.90861819E-05
  -5.91378048E-05
  -5.90325290E-05
  -5.87948052E-05
  -5.84483787E-05
  -5.80159831E-05
  -5.75191298E-05
  -5.69779004E-05
  -5.64107759E-05
  -5.58345164E-05
  -5.52640813E-05
  -5.47125528E-05
  -5.41911359E-05
  -5.37091546E-05
  -5.32740960E-05
  -5.28916826E-05
  -5.25659780E-05
  -5.22994887E-05
  -5.20932845E-05
  -5.19471869E-05
  -5.18598972E-05
  -5.18291781E-05
  -5.18520210E-05
  -5.19248279E-05
  -5.20435678E-05
  -5.22039554E-05
  -5.24015959E-05
  -5.26321346E-05
  -5.28913697E-05
  -5.31753940E-05
  -5.34806459E-05
  -5.38040185E-05
  -5.41428926E-05
  -5.44951654E-05
  -5.48592725E-05
  -5.52341698E-05
  -5.56192899E-05
  -5.60145163E-05
  -5.64201146E-05
  -5.68366304E-05
  -5.72648350E-05
  -5.77056053E-05
  -5.81598215E-05
  -5.86282767E-05
  -5.91115604E-05
  -5.96099526E-05
  -6.01233514E-05
  -6.06511712E-05
  -6.11922733E-05
  -6.17448968E-05
  -6.23066662E-05
  -6.28745183E-05
  -6.34446988E-05
  -6.40128274E-05
  -6.45738983E-05
  -6.51223381E-05
  -6.56520861E-05
  -6.61567101E-05
  -6.66294945E-05
  -6.70635782E-05
  -6.74520561E-05
  -6.77881981E-05
  -6.80655066E-05
  -6.82779355E-05
  -6.84199840E-05
  -6.84868864E-05
  -6.84746919E-05
  -6.83804174E-05
  -6.82020909E-05
  -6.79389050E-05
  -6.75912015E-05
  -6.71605230E-05
  -6.66496489E-05
  -6.60625374E-05
  -6.54042888E-05
  -6.46810950E-05
  -6.39001082E-05
  -6.30693394E-05
  -6.21975560E-05
  -6.12940785E-05
  -6.03686276E-05
  -5.94311932E-05
  -5.84918016E-05
  -5.75603372E-05
  -5.66463968E-05
  -5.57590865E-05
  -5.49068682E-05
  -5.40973924E-05
  -5.33373750E-05
  -5.26324984E-05
  -5.19872956E-05
  -5.14050844E-05
  -5.08879202E-05
  -5.04365962E-05
  -5.00506321E-05
  -4.97283108E-05
  -4.94667547E-05
  -4.92619765E-05
  -4.91090213E-05
  -4.90020648E-05
  -4.89345584E-05
  -4.88993828E-05
  -4.88890255E-05
  -4.88957303E-05
  -4.89116937E-05
  -4.89292106E-05
  -4.89408521E-05
  -4.89396552E-05
  -4.89192171E-05
  -4.88738988E-05
  -4.87988691E-05
  -4.86902682E-05
  -4.85452620E-05
  -4.83620970E-05
  -4.81401366E-05
  -4.78798866E-05
  -4.75829802E-05
  -4.72521242E-05
  -4.68910803E-05
  -4.65045450E-05
  -4.60980955E-05
  -4.56780472E-05
  -4.52513341E-05
  -4.48253741E-05
  -4.44079051E-05
  -4.40068288E-05
  -4.36300470E-05
  -4.32853085E-05
  -4.29800202E-05
  -4.27211016E-05
  -4.25148282E-05
  -4.23666970E-05
  -4.22812664E-05
  -4.22620906E-05
  -4.23115671E-05
  -4.24309073E-05
  -4.26200495E-05
  -4.28776366E-05
  -4.32010165E-05
  -4.35862385E-05
  -4.40281146E-05
  -4.45202604E-05
  -4.50552106E-05
  -4.56245034E-05
  -4.62188327E-05
  -4.68281833E-05
  -4.74420049E-05
  -4.80493873E-05
  -4.86392346E-05
  -4.92004765E-05
  -4.97222682E-05
  -5.01941686E-05
  -5.06063334E-05
  -5.09497149E-05
  -5.12162151E-05
  -5.13988598E-05
  -5.14919120E-05
  -5.14910062E-05
  -5.13932355E-05
  -5.11972175E-05
  -5.09031379E-05
  -5.05127609E-05
  -5.00294045E-05
  -4.94579144E-05
  -4.88045771E-05
  -4.80770250E-05
  -4.72840984E-05
  -4.64357145E-05
  -4.55427071E-05
  -4.46166232E-05
  -4.36695263E-05
  -4.27138002E-05
  -4.17619303E-05
  -4.08262786E-05
  -3.99189157E-05
  -3.90513378E-05
  -3.82343387E-05
  -3.74777992E-05
  -3.67905304E-05
  -3.61801285E-05
  -3.56528471E-05
  -3.52135066E-05
  -3.48654212E-05
  -3.46103770E-05
  -3.44485779E-05
  -3.43786814E-05
  -3.43978281E-05
  -3.45017143E-05
  -3.46846646E-05
  -3.49397378E-05
  -3.52588722E-05
  -3.56330202E-05
  -3.60522899E-05
  -3.65061496E-05
  -3.69835761E-05
  -3.74732554E-05
  -3.79637568E-05
  -3.84437262E-05
  -3.89020606E-05
  -3.93280970E-05
  -3.97117510E-05
  -4.00437093E-05
  -4.03155464E-05
  -4.05198516E-05
  -4.06503532E-05
  -4.07019834E-05
  -4.06709732E-05
  -4.05548999E-05
  -4.03526938E-05
  -4.00646823E-05
  -3.96925425E-05
  -3.92392940E-05
  -3.87092259E-05
  -3.81078280E-05
  -3.74417104E-05
  -3.67184803E-05
  -3.59466212E-05
  -3.51353592E-05
  -3.42945204E-05
  -3.34343713E-05
  -3.25654582E-05
  -3.16984406E-05
  -3.08439230E-05
  -3.00122992E-05
  -2.92135774E-05
  -2.84572488E-05
  -2.77521212E-05
  -2.71061945E-05
  -2.65265444E-05
  -2.60192210E-05
  -2.55891537E-05
  -2.52401005E-05
  -2.49745826E-05
  -2.47938624E-05
  -2.46979580E-05
  -2.46856398E-05
  -2.47544740E-05
  -2.49008845E-05
  -2.51202400E-05
  -2.54069273E-05
  -2.57544707E-05
  -2.61556597E-05
  -2.66027018E-05
  -2.70873315E-05
  -2.76009669E-05
  -2.81348803E-05
  -2.86803261E-05
  -2.92287004E-05
  -2.97716688E-05
  -3.03013039E-05
  -3.08102026E-05
  -3.12915872E-05
  -3.17394006E-05
  -3.21483822E-05
  -3.25141227E-05
  -3.28330934E-05
  -3.31026895E-05
  -3.33212156E-05
  -3.34878787E-05
  -3.36027661E-05
  -3.36667836E-05
  -3.36816083E-05
  -3.36496232E-05
  -3.35738332E-05
  -3.34577708E-05
  -3.33053977E-05
  -3.31210358E-05
  -3.29092145E-05
  -3.26746158E-05
  -3.24219509E-05
  -3.21558691E-05
  -3.18808488E-05
  -3.16011428E-05
  -3.13206801E-05
  -3.10430041E-05
  -3.07712071E-05
  -3.05079047E-05
  -3.02551744E-05
  -3.00145366E-05
  -2.97869410E-05
  -2.95727586E-05
  -2.93718003E-05
  -2.91832985E-05
  -2.90059652E-05
  -2.88379961E-05
  -2.86771246E-05
  -2.85206552E-05
  -2.83655136E-05
  -2.82083056E-05
  -2.80453751E-05
  -2.78728639E-05
  -2.76867613E-05
  -2.74829981E-05
  -2.72574835E-05
  -2.70061828E-05
  -2.67251853E-05
  -2.64107512E-05
  -2.60593843E-05
  -2.56678795E-05
  -2.52333612E-05
  -2.47533444E-05
  -2.42257629E-05
  -2.36489941E-05
  -2.30218866E-05
  -2.23437673E-05
  -2.16144545E-05
  -2.08342426E-05
  -2.00038958E-05
  -1.91246181E-05
  -1.81980322E-05
  -1.72261352E-05
  -1.62112519E-05
  -1.51559798E-05
  -1.40631419E-05
  -1.29357231E-05
  -1.17767941E-05
  -1.05894687E-05
  -9.37681762E-06
  -8.14182749E-06
  -6.88733235E-06
  -5.61596789E-06
  -4.33012065E-06
  -3.03190245E-06
  -1.72311047E-06
  -4.05217179E-07
   9.20640559E-07
   2.25365511E-06
   3.59334081E-06
   4.93950756E-06
   6.29223041E-06
   7.65180721E-06
   9.01871226E-06
   1.03935408E-05
   1.17769523E-05
   1.31696052E-05
   1.45720905E-05
   1.59848714E-05
   1.74082179E-05
   1.88421400E-05
   2.02863321E-05
   2.17401193E-05
   2.32024049E-05
   2.46716390E-05
   2.61457753E-05
   2.76222545E-05
   2.90979806E-05
   3.05693320E-05
   3.20321487E-05
   3.34817523E-05
   3.49129732E-05
   3.63201689E-05
   3.76972675E-05
   3.90378264E-05
   4.03350459E-05
   4.15818722E-05
   4.27710002E-05
   4.38949719E-05
   4.49462168E-05
   4.59171206E-05
   4.68000690E-05
   4.75875022E-05
   4.82719770E-05
   4.88462101E-05
   4.93031039E-05
   4.96358080E-05
   4.98377449E-05
   4.99026282E-05
   4.98244917E-05
   4.95977001E-05
   4.92169602E-05
   4.86773351E-05
   4.79742448E-05
   4.71034509E-05
   4.60610463E-05
   4.48434766E-05
   4.34474823E-05
   4.18701020E-05
   4.01086509E-05
   3.81607060E-05
   3.60240920E-05
   3.36968369E-05
   3.11771728E-05
   2.84635244E-05
   2.55544946E-05
   2.24488540E-05
   1.91455292E-05
   1.56436436E-05
   1.19424767E-05
   8.04153387E-06
   3.94054950E-06
  -3.60501872E-07
  -4.86132558E-06
  -9.56128679E-06
  -1.44593396E-05
  -1.95539778E-05
  -2.48431752E-05
  -3.03242796E-05
  -3.59939841E-05
  -4.18482159E-05
  -4.78820511E-05
  -5.40896763E-05
  -6.04642591E-05
  -6.69979054E-05
  -7.36815637E-05
  -8.05049931E-05
  -8.74566686E-05
  -9.45237407E-05
  -1.01692029E-04
  -1.08945940E-04
  -1.16268500E-04
  -1.23641337E-04
  -1.31044711E-04
  -1.38457530E-04
  -1.45857397E-04
  -1.53220666E-04
  -1.60522584E-04
  -1.67737264E-04
  -1.74837944E-04
  -1.81796946E-04
  -1.88585953E-04
  -1.95176050E-04
  -2.01537987E-04
  -2.07642224E-04
  -2.13459192E-04
  -2.18959394E-04
  -2.24113654E-04
  -2.28893245E-04
  -2.33270068E-04
  -2.37216896E-04
  -2.40707494E-04
  -2.43716786E-04
  -2.46221025E-04
  -2.48198048E-04
  -2.49627279E-04
  -2.50489917E-04
  -2.50769255E-04
  -2.50450452E-04
  -2.49521021E-04
  -2.47970631E-04
  -2.45791452E-04
  -2.42977971E-04
  -2.39527319E-04
  -2.35439162E-04
  -2.30715727E-04
  -2.25361946E-04
  -2.19385402E-04
  -2.12796294E-04
  -2.05607445E-04
  -1.97834350E-04
  -1.89495026E-04
  -1.80610048E-04
  -1.71202380E-04
  -1.61297430E-04
  -1.50922846E-04
  -1.40108488E-04
  -1.28886328E-04
  -1.17290256E-04
  -1.05356055E-04
  -9.31211398E-05
  -8.06245371E-05
  -6.79067016E-05
  -5.50092955E-05
  -4.19751304E-05
  -2.88479496E-05
  -1.56722672E-05
  -2.49323784E-06
   1.06436055E-05
   2.36923879E-05
   3.66072054E-05
   4.93422049E-05
   6.18518097E-05
   7.40908799E-05
   8.60148939E-05
   9.75801377E-05
   1.08743887E-04
   1.19464581E-04
   1.29701992E-04
   1.39417476E-04
   1.48574050E-04
   1.57136659E-04
   1.65072313E-04
   1.72350279E-04
   1.78942239E-04
   1.84822478E-04
   1.89967992E-04
   1.94358741E-04
   1.97977686E-04
   2.00810973E-04
   2.02848052E-04
   2.04081793E-04
   2.04508557E-04
   2.04128301E-04
   2.02944633E-04
   2.00964860E-04
   1.98199996E-04
   1.94664768E-04
   1.90377643E-04
   1.85360695E-04
   1.79639625E-04
   1.73243665E-04
   1.66205413E-04
   1.58560710E-04
   1.50348525E-04
   1.41610697E-04
   1.32391826E-04
   1.22738929E-04
   1.12701287E-04
   1.02330137E-04
   9.16783902E-05
   8.08003533E-05
   6.97514333E-05
   5.85877860E-05
   4.73660257E-05
   3.61428756E-05
   2.49748700E-05
   1.39179983E-05
   3.02738954E-06
  -7.64300239E-06
  -1.80407187E-05
  -2.81151042E-05
  -3.78175791E-05
  -4.71019448E-05
  -5.59246146E-05
  -6.42448867E-05
  -7.20251555E-05
  -7.92310893E-05
  -8.58318745E-05
  -9.18002625E-05
  -9.71128029E-05
  -1.01749873E-04
  -1.05695799E-04
  -1.08938817E-04
  -1.11471178E-04
  -1.13289076E-04
  -1.14392606E-04
  -1.14785704E-04
  -1.14476046E-04
  -1.13474904E-04
  -1.11797017E-04
  -1.09460423E-04
  -1.06486215E-04
  -1.02898412E-04
  -9.87236708E-05
  -9.39910824E-05
  -8.87318747E-05
  -8.29792043E-05
  -7.67678430E-05
  -7.01339450E-05
  -6.31147705E-05
  -5.57483982E-05
  -4.80734598E-05
  -4.01289071E-05
  -3.19537285E-05
  -2.35867337E-05
  -1.50662963E-05
  -6.43015710E-06
   2.28478348E-06
   1.10426663E-05
   1.98088219E-05
   2.85499500E-05
   3.72342365E-05
   4.58314935E-05
   5.43132519E-05
   6.26528417E-05
   7.08254884E-05
   7.88083344E-05
   8.65805123E-05
   9.41231483E-05
   1.01419406E-04
   1.08454413E-04
   1.15215335E-04
   1.21691315E-04
   1.27873398E-04
   1.33754525E-04
   1.39329466E-04
   1.44594756E-04
   1.49548607E-04
   1.54190842E-04
   1.58522758E-04
   1.62547090E-04
   1.66267826E-04
   1.69690218E-04
   1.72820495E-04
   1.75665919E-04
   1.78234535E-04
   1.80535106E-04
   1.82576987E-04
   1.84369957E-04
   1.85924146E-04
   1.87249912E-04
   1.88357648E-04
   1.89257786E-04
   1.89960541E-04
   1.90475941E-04
   1.90813647E-04
   1.90982930E-04
   1.90992476E-04
   1.90850493E-04
   1.90564475E-04
   1.90141276E-04
   1.89587008E-04
   1.88907026E-04
   1.88105972E-04
   1.87187688E-04
   1.86155346E-04
   1.85011319E-04
   1.83757336E-04
   1.82394549E-04
   1.80923482E-04
   1.79344192E-04
   1.77656300E-04
   1.75859139E-04
   1.73951747E-04
   1.71933105E-04
   1.69802108E-04
   1.67557737E-04
   1.65199133E-04
   1.62725686E-04
   1.60137221E-04
   1.57434028E-04
   1.54616937E-04
   1.51687462E-04
   1.48647814E-04
   1.45501006E-04
   1.42250909E-04
   1.38902251E-04
   1.35460650E-04
   1.31932713E-04
   1.28325890E-04
   1.24648606E-04
   1.20910147E-04
   1.17120595E-04
   1.13290851E-04
   1.09432498E-04
   1.05557701E-04
   1.01679121E-04
   9.78098687E-05
   9.39632737E-05
   9.01528401E-05
   8.63920577E-05
   8.26942705E-05
   7.90725753E-05
   7.55396177E-05
   7.21074466E-05
