   0.00000000    
   0.00000000    
   0.00000000    
   0.00000000    
   0.00000000    
   0.00000000    
   0.00000000    
   0.00000000    
   5.68927177E-43
  -4.56963429E-41
   2.88512640E-39
   3.54077658E-38
   1.43293687E-37
  -2.10313241E-37
  -5.76940254E-36
  -3.75227698E-35
  -1.55613905E-34
  -4.62747769E-34
  -9.51013501E-34
  -8.51603321E-34
   3.00499060E-33
   1.87746490E-32
   6.03095781E-32
   1.35491769E-31
   1.96254483E-31
   1.53943558E-33
  -1.17466238E-30
  -5.03948760E-30
  -1.49038540E-29
  -3.60031629E-29
  -7.43699112E-29
  -1.31920496E-28
  -1.93821629E-28
  -2.02676273E-28
  -1.37940519E-29
   6.71043537E-28
   2.38410733E-27
   5.95894396E-27
   1.25224050E-26
   2.33010160E-26
   3.90747397E-26
   5.90646722E-26
   7.90392713E-26
   8.85198818E-26
   6.72332406E-26
  -1.85244678E-26
  -2.18113483E-25
  -5.94701825E-25
  -1.21526488E-24
  -2.12694630E-24
  -3.31335227E-24
  -4.62461857E-24
  -5.67754395E-24
  -5.72788906E-24
  -3.52726059E-24
   2.80730944E-24
   1.58617824E-23
   3.88565871E-23
   7.53389238E-23
   1.28509556E-22
   2.00044296E-22
   2.88276280E-22
   3.85641179E-22
   4.75364956E-22
   5.27497025E-22
   4.94568734E-22
   3.07380220E-22
  -1.28329746E-22
  -9.33318932E-22
  -2.25314911E-21
  -4.25200239E-21
  -7.10066136E-21
  -1.09575041E-20
  -1.59418707E-20
  -2.20998313E-20
  -2.93634545E-20
  -3.75058295E-20
  -4.60955121E-20
  -5.44552320E-20
  -6.16309268E-20
  -6.63777739E-20
  -6.71697735E-20
  -6.22387043E-20
  -4.96462204E-20
  -2.73896594E-20
   6.46196806E-21
   5.36112492E-20
   1.15370964E-19
   1.92521945E-19
   2.85223663E-19
   3.93020703E-19
   5.15001305E-19
   6.50177403E-19
   7.98173715E-19
   9.60332600E-19
   1.14137007E-18
   1.35174681E-18
   1.61095885E-18
   1.95199756E-18
   2.42728396E-18
   3.11644059E-18
   4.13633361E-18
   5.65388454E-18
   7.90222183E-18
   1.12008022E-17
   1.59802063E-17
   2.28123013E-17
   3.24465268E-17
   4.58529672E-17
   6.42727872E-17
   8.92764719E-17
   1.22829770E-16
   1.67367172E-16
   2.25871341E-16
   3.01956234E-16
   3.99950323E-16
   5.24972757E-16
   6.82994323E-16
   8.80868102E-16
   1.12631199E-15
   1.42781464E-15
   1.79442977E-15
   2.23540889E-15
   2.75960899E-15
   3.37458837E-15
   4.08528395E-15
   4.89213493E-15
   5.78847197E-15
   6.75696520E-15
   7.76485860E-15
   8.75768116E-15
   9.65102818E-15
   1.03199758E-14
   1.05855732E-14
   1.01977905E-14
   8.81421384E-15
   5.97366810E-15
   1.06388948E-15
  -6.71771454E-15
  -1.84112318E-14
  -3.53503508E-14
  -5.92283587E-14
  -9.21749181E-14
  -1.36844190E-13
  -1.96514558E-13
  -2.75199568E-13
  -3.77768997E-13
  -5.10077874E-13
  -6.79098867E-13
  -8.93054077E-13
  -1.16153539E-12
  -1.49560420E-12
  -1.90785257E-12
  -2.41240643E-12
  -3.02484470E-12
  -3.76199592E-12
  -4.64157358E-12
  -5.68159061E-12
  -6.89949356E-12
  -8.31092833E-12
  -9.92803756E-12
  -1.17571838E-11
  -1.37959470E-11
  -1.60292439E-11
  -1.84243801E-11
  -2.09248122E-11
  -2.34423852E-11
  -2.58477822E-11
  -2.79588661E-11
  -2.95265826E-11
  -3.02181162E-11
  -2.95968840E-11
  -2.70989862E-11
  -2.20058052E-11
  -1.34123164E-11
  -1.90837811E-13
   1.90500202E-11
   4.60113961E-11
   8.27551569E-11
   1.31759756E-10
   1.95980315E-10
   2.78912449E-10
   3.84658444E-10
   5.17994259E-10
   6.84434676E-10
   8.90294838E-10
   1.14274190E-09
   1.44983459E-09
   1.82054183E-09
   2.26473484E-09
   2.79314083E-09
   3.41725204E-09
   4.14916856E-09
   5.00136688E-09
   5.98637007E-09
   7.11630221E-09
   8.40229752E-09
   9.85373561E-09
   1.14772734E-08
   1.32756375E-08
   1.52461244E-08
   1.73787722E-08
   1.96541485E-08
   2.20406964E-08
   2.44915679E-08
   2.69408833E-08
   2.92993594E-08
   3.14491686E-08
   3.32380097E-08
   3.44722473E-08
   3.49090712E-08
   3.42474955E-08
   3.21182050E-08
   2.80720087E-08
   2.15669083E-08
   1.19535990E-08
  -1.54069368E-09
  -1.98301269E-08
  -4.39900454E-08
  -7.52787486E-08
  -1.15161271E-07
  -1.65335436E-07
  -2.27759884E-07
  -3.04684562E-07
  -3.98683341E-07
  -5.12688985E-07
  -6.50030415E-07
  -8.14471946E-07
  -1.01025466E-06
  -1.24214023E-06
  -1.51545555E-06
  -1.83614009E-06
  -2.21079290E-06
  -2.64672349E-06
  -3.15199964E-06
  -3.73549710E-06
  -4.40694930E-06
  -5.17699755E-06
  -6.05723199E-06
  -7.06024093E-06
  -8.19965226E-06
  -9.49016248E-06
  -1.09475804E-05
  -1.25888437E-05
  -1.44320384E-05
  -1.64964094E-05
  -1.88023714E-05
  -2.13714811E-05
  -2.42264359E-05
  -2.73910118E-05
  -3.08900380E-05
  -3.47493260E-05
  -3.89955749E-05
  -4.36562768E-05
  -4.87596044E-05
  -5.43342539E-05
  -6.04092857E-05
  -6.70139561E-05
  -7.41774857E-05
  -8.19288180E-05
  -9.02964020E-05
  -9.93078793E-05
  -1.08989792E-04
  -1.19367251E-04
  -1.30463595E-04
  -1.42300007E-04
  -1.54895155E-04
  -1.68264771E-04
  -1.82421209E-04
  -1.97373112E-04
  -2.13124877E-04
  -2.29676225E-04
  -2.47021846E-04
  -2.65150942E-04
  -2.84046808E-04
  -3.03686393E-04
  -3.24040098E-04
  -3.45071225E-04
  -3.66735883E-04
  -3.88982531E-04
  -4.11752088E-04
  -4.34977497E-04
  -4.58583963E-04
  -4.82488656E-04
  -5.06601064E-04
  -5.30823134E-04
  -5.55049337E-04
  -5.79167448E-04
  -6.03058725E-04
  -6.26598776E-04
  -6.49657799E-04
  -6.72101800E-04
  -6.93793583E-04
  -7.14593509E-04
  -7.34360889E-04
  -7.52954918E-04
  -7.70236249E-04
  -7.86068384E-04
  -8.00319074E-04
  -8.12861894E-04
  -8.23577633E-04
  -8.32356396E-04
  -8.39098881E-04
  -8.43718066E-04
  -8.46140843E-04
  -8.46309646E-04
  -8.44183553E-04
  -8.39740387E-04
  -8.32977588E-04
  -8.23913317E-04
  -8.12587619E-04
  -7.99063186E-04
  -7.83426163E-04
  -7.65786332E-04
  -7.46277627E-04
  -7.25057849E-04
  -7.02308607E-04
  -6.78234326E-04
  -6.53062016E-04
  -6.27039815E-04
  -6.00435713E-04
  -5.73535915E-04
  -5.46642870E-04
  -5.20073227E-04
  -4.94155509E-04
  -4.69227176E-04
  -4.45632118E-04
  -4.23717545E-04
  -4.03830927E-04
  -3.86316649E-04
  -3.71512666E-04
  -3.59747180E-04
  -3.51335184E-04
  -3.46575049E-04
  -3.45745182E-04
  -3.49100854E-04
  -3.56870936E-04
  -3.69255227E-04
  -3.86421452E-04
  -4.08502994E-04
  -4.35596361E-04
  -4.67759557E-04
  -5.05010190E-04
  -5.47324482E-04
  -5.94635960E-04
  -6.46834960E-04
  -7.03768805E-04
  -7.65241450E-04
  -8.31014127E-04
  -9.00806335E-04
  -9.74296883E-04
  -1.05112558E-03
  -1.13089511E-03
  -1.21317268E-03
  -1.29749323E-03
  -1.38336129E-03
  -1.47025380E-03
  -1.55762373E-03
  -1.64490205E-03
  -1.73150166E-03
  -1.81682047E-03
  -1.90024439E-03
  -1.98115036E-03
  -2.05890904E-03
  -2.13288912E-03
  -2.20245868E-03
  -2.26698839E-03
  -2.32585520E-03
  -2.37844279E-03
  -2.42414488E-03
  -2.46236706E-03
  -2.49252887E-03
  -2.51406548E-03
  -2.52642762E-03
  -2.52908515E-03
  -2.52152700E-03
  -2.50326237E-03
  -2.47382163E-03
  -2.43275682E-03
  -2.37964373E-03
  -2.31408072E-03
  -2.23569153E-03
  -2.14412506E-03
  -2.03905650E-03
  -1.92018796E-03
  -1.78725016E-03
  -1.64000352E-03
  -1.47823989E-03
  -1.30178325E-03
  -1.11049297E-03
  -9.04264452E-04
  -6.83032093E-04
  -4.46771184E-04
  -1.95500601E-04
   7.07146464E-05
   3.51760653E-04
   6.47471636E-04
   9.57627431E-04
   1.28195016E-03
   1.62010186E-03
   1.97168137E-03
   2.33622151E-03
   2.71318690E-03
   3.10197263E-03
   3.50190024E-03
   3.91221792E-03
   4.33209771E-03
   4.76063555E-03
   5.19685214E-03
   5.63968951E-03
   6.08801562E-03
   6.54062396E-03
   6.99623395E-03
   7.45349517E-03
   7.91099016E-03
   8.36723577E-03
   8.82069487E-03
   9.26976837E-03
   9.71281342E-03
   1.01481415E-02
   1.05740279E-02
   1.09887207E-02
   1.13904420E-02
   1.17774038E-02
   1.21478103E-02
   1.24998698E-02
   1.28318006E-02
   1.31418454E-02
   1.34282736E-02
   1.36893997E-02
   1.39235826E-02
   1.41292438E-02
   1.43048726E-02
   1.44490311E-02
   1.45603744E-02
   1.46376509E-02
   1.46797085E-02
   1.46855144E-02
   1.46541493E-02
   1.45848244E-02
   1.44768832E-02
   1.43298097E-02
   1.41432323E-02
   1.39169293E-02
   1.36508364E-02
   1.33450450E-02
   1.29998131E-02
   1.26155550E-02
   1.21928584E-02
   1.17324721E-02
   1.12353126E-02
   1.07024610E-02
   1.01351636E-02
   9.53482650E-03
   8.90301447E-03
   8.24144762E-03
   7.55199278E-03
   6.83666114E-03
   6.09759986E-03
   5.33708511E-03
   4.55751503E-03
   3.76139954E-03
   2.95134983E-03
   2.13006977E-03
   1.30034459E-03
   4.65028163E-04
  -3.72968672E-04
  -1.21069059E-03
  -2.04515178E-03
  -2.87334854E-03
  -3.69227445E-03
  -4.49893344E-03
  -5.29035460E-03
  -6.06360845E-03
  -6.81581814E-03
  -7.54417526E-03
  -8.24595708E-03
  -8.91853403E-03
  -9.55939014E-03
  -1.01661319E-02
  -1.07365046E-02
  -1.12683997E-02
  -1.17598688E-02
  -1.22091360E-02
  -1.26146050E-02
  -1.29748713E-02
  -1.32887233E-02
  -1.35551570E-02
  -1.37733771E-02
  -1.39427995E-02
  -1.40630621E-02
  -1.41340205E-02
  -1.41557511E-02
  -1.41285509E-02
  -1.40529377E-02
  -1.39296437E-02
  -1.37596130E-02
  -1.35439988E-02
  -1.32841542E-02
  -1.29816262E-02
  -1.26381489E-02
  -1.22556295E-02
  -1.18361451E-02
  -1.13819242E-02
  -1.08953407E-02
  -1.03788972E-02
  -9.83521342E-03
  -9.26701259E-03
  -8.67710635E-03
  -8.06838181E-03
  -7.44378427E-03
  -6.80630188E-03
  -6.15895260E-03
  -5.50476741E-03
  -4.84677497E-03
  -4.18798579E-03
  -3.53137963E-03
  -2.87988782E-03
  -2.23638047E-03
  -1.60365284E-03
  -9.84410057E-04
  -3.81256716E-04
   2.03317162E-04
   7.66947109E-04
   1.30740495E-03
   1.82260841E-03
   2.31063133E-03
   2.76971073E-03
   3.19825462E-03
   3.59484856E-03
   3.95826064E-03
   4.28744638E-03
   4.58155107E-03
   4.83991299E-03
   5.06206462E-03
   5.24773169E-03
   5.39683364E-03
   5.50948130E-03
   5.58597455E-03
   5.62679581E-03
   5.63260913E-03
   5.60425129E-03
   5.54272579E-03
   5.44919679E-03
   5.32497885E-03
   5.17152948E-03
   4.99043660E-03
   4.78341104E-03
   4.55227448E-03
   4.29894682E-03
   4.02543508E-03
   3.73382098E-03
   3.42624867E-03
   3.10491095E-03
   2.77203671E-03
   2.42987787E-03
   2.08069617E-03
   1.72675028E-03
   1.37028249E-03
   1.01350632E-03
   6.58594596E-04
   3.07666574E-04
  -3.72231298E-05
  -3.74095747E-04
  -7.01058714E-04
  -1.01631612E-03
  -1.31817744E-03
  -1.60506635E-03
  -1.87552848E-03
  -2.12823832E-03
  -2.36200634E-03
  -2.57578259E-03
  -2.76866253E-03
  -2.93988991E-03
  -3.08886031E-03
  -3.21512134E-03
  -3.31837474E-03
  -3.39847477E-03
  -3.45542934E-03
  -3.48939467E-03
  -3.50067508E-03
  -3.48971807E-03
  -3.45710921E-03
  -3.40356724E-03
  -3.32993618E-03
  -3.23718064E-03
  -3.12637491E-03
  -2.99869571E-03
  -2.85541383E-03
  -2.69788341E-03
  -2.52753100E-03
  -2.34584557E-03
  -2.15436751E-03
  -1.95467682E-03
  -1.74838188E-03
  -1.53710763E-03
  -1.32248411E-03
  -1.10613438E-03
  -8.89663352E-04
  -6.74646406E-04
  -4.62618162E-04
  -2.55062303E-04
  -5.34011488E-05
   1.41013763E-04
   3.26910726E-04
   5.03106043E-04
   6.68511726E-04
   8.22142058E-04
   9.63119383E-04
   1.09067955E-03
   1.20417529E-03
   1.30307965E-03
   1.38698833E-03
   1.45562028E-03
   1.50881812E-03
   1.54654775E-03
   1.56889542E-03
   1.57606590E-03
   1.56837935E-03
   1.54626521E-03
   1.51025795E-03
   1.46099122E-03
   1.39919028E-03
   1.32566493E-03
   1.24130200E-03
   1.14705577E-03
   1.04394020E-03
   9.33019328E-04
   8.15397361E-04
   6.92209462E-04
   5.64612215E-04
   4.33773297E-04
   3.00862390E-04
   1.67041362E-04
   3.34550386E-05
  -9.87776075E-05
  -2.28572244E-04
  -3.54887132E-04
  -4.76730929E-04
  -5.93169767E-04
  -7.03333702E-04
  -8.06422613E-04
  -9.01711406E-04
  -9.88554442E-04
  -1.06638961E-03
  -1.13474054E-03
  -1.19321968E-03
  -1.24152948E-03
  -1.27946294E-03
  -1.30690366E-03
  -1.32382533E-03
  -1.33028976E-03
  -1.32644491E-03
  -1.31252257E-03
  -1.28883380E-03
  -1.25576567E-03
  -1.21377653E-03
  -1.16339081E-03
  -1.10519340E-03
  -1.03982328E-03
  -9.67968255E-04
  -8.90357827E-04
  -8.07756092E-04
  -7.20955024E-04
  -6.30767376E-04
  -5.38019580E-04
  -4.43544908E-04
  -3.48175818E-04
  -2.52737518E-04
  -1.58041003E-04
  -6.48766872E-05
   2.59918706E-05
   1.13833870E-04
   1.97956775E-04
   2.77711457E-04
   3.52496747E-04
   4.21763776E-04
   4.85019584E-04
   5.41830203E-04
   5.91823540E-04
   6.34691096E-04
   6.70190027E-04
   6.98143267E-04
   7.18440569E-04
   7.31038221E-04
   7.35958107E-04
   7.33286492E-04
   7.23172503E-04
   7.05825456E-04
   6.81512232E-04
   6.50554313E-04
   6.13323937E-04
   5.70240198E-04
   5.21764508E-04
   4.68396494E-04
   4.10668727E-04
   3.49141657E-04
   2.84398702E-04
   2.17040564E-04
   1.47680083E-04
   7.69365652E-05
   5.43060105E-06
  -6.62214297E-05
  -1.37412528E-04
  -2.07550096E-04
  -2.76060950E-04
  -3.42395680E-04
  -4.06033301E-04
  -4.66485129E-04
  -5.23298397E-04
  -5.76059916E-04
  -6.24398643E-04
  -6.67988323E-04
  -7.06549559E-04
  -7.39851675E-04
  -7.67713529E-04
  -7.90004618E-04
  -8.06644966E-04
  -8.17605469E-04
  -8.22906964E-04
  -8.22619128E-04
  -8.16859247E-04
  -8.05790245E-04
  -7.89618585E-04
  -7.68591533E-04
  -7.42994540E-04
  -7.13147747E-04
  -6.79402903E-04
  -6.42139523E-04
  -6.01761043E-04
  -5.58690983E-04
  -5.13368985E-04
  -4.66246187E-04
  -4.17781499E-04
  -3.68437206E-04
  -3.18674924E-04
  -2.68951349E-04
  -2.19714522E-04
  -1.71399763E-04
  -1.24426108E-04
  -7.91928760E-05
  -3.60763988E-05
   4.57293481E-06
   4.24334139E-05
   7.72143831E-05
   1.08658365E-04
   1.36542818E-04
   1.60681579E-04
   1.80925970E-04
   1.97165500E-04
   2.09328282E-04
   2.17381050E-04
   2.21328854E-04
   2.21214446E-04
   2.17117238E-04
   2.09152073E-04
   1.97467627E-04
   1.82244519E-04
   1.63693112E-04
   1.42051314E-04
   1.17581811E-04
   9.05694178E-05
   6.13181037E-05
   3.01479413E-05
  -2.60806860E-06
  -3.66072345E-05
  -7.15004135E-05
  -1.06935324E-04
  -1.42559831E-04
  -1.78025075E-04
  -2.12988729E-04
  -2.47117918E-04
  -2.80092296E-04
  -3.11606535E-04
  -3.41373234E-04
  -3.69124959E-04
  -3.94616742E-04
  -4.17627773E-04
  -4.37963201E-04
  -4.55455593E-04
  -4.69966122E-04
  -4.81385214E-04
  -4.89633589E-04
  -4.94662381E-04
  -4.96453256E-04
  -4.95017972E-04
  -4.90398204E-04
  -4.82664705E-04
  -4.71916253E-04
  -4.58278402E-04
  -4.41901997E-04
  -4.22961486E-04
  -4.01652942E-04
  -3.78192082E-04
  -3.52812000E-04
  -3.25760659E-04
  -2.97298509E-04
  -2.67695868E-04
  -2.37230139E-04
  -2.06183278E-04
  -1.74838875E-04
  -1.43479556E-04
  -1.12384296E-04
  -8.18257322E-05
  -5.20676731E-05
  -2.33626979E-05
   4.05014998E-06
   2.99474632E-05
   5.41234076E-05
   7.63914722E-05
   9.65859508E-05
   1.14563278E-04
   1.30203043E-04
   1.43408819E-04
   1.54108697E-04
   1.62255543E-04
   1.67827107E-04
   1.70825748E-04
   1.71278007E-04
   1.69233885E-04
   1.64765937E-04
   1.57968156E-04
   1.48954612E-04
   1.37857991E-04
   1.24827930E-04
   1.10029192E-04
   9.36398355E-05
   7.58491442E-05
   5.68556316E-05
   3.68648798E-05
   1.60874461E-05
  -5.26326176E-06
  -2.69731208E-05
  -4.88293226E-05
  -7.06223946E-05
  -9.21481260E-05
  -1.13209375E-04
  -1.33617825E-04
  -1.53195535E-04
  -1.71776453E-04
  -1.89207683E-04
  -2.05350705E-04
  -2.20082293E-04
  -2.33295461E-04
  -2.44899944E-04
  -2.54823011E-04
  -2.63009424E-04
  -2.69421813E-04
  -2.74040562E-04
  -2.76863662E-04
  -2.77906278E-04
  -2.77200248E-04
  -2.74793507E-04
  -2.70749122E-04
  -2.65144423E-04
  -2.58070068E-04
  -2.49628501E-04
  -2.39933055E-04
  -2.29106387E-04
  -2.17279085E-04
  -2.04588185E-04
  -1.91175655E-04
  -1.77186812E-04
  -1.62768847E-04
  -1.48069244E-04
  -1.33234265E-04
  -1.18407479E-04
  -1.03728358E-04
  -8.93309552E-05
  -7.53426139E-05
  -6.18828417E-05
  -4.90622588E-05
  -3.69816589E-05
  -2.57312277E-05
  -1.53898545E-05
  -6.02461841E-06
   2.30961882E-06
   9.57045631E-06
   1.57280774E-05
   2.07652120E-05
   2.46769887E-05
   2.74706563E-05
   2.91651704E-05
   2.97906699E-05
   2.93878693E-05
   2.80073327E-05
   2.57086667E-05
   2.25596468E-05
   1.86352790E-05
   1.40167922E-05
   8.79060190E-06
   3.04724517E-06
  -3.11971553E-06
  -9.61479509E-06
  -1.63416880E-05
  -2.32043549E-05
  -3.01080872E-05
  -3.69605623E-05
  -4.36728224E-05
  -5.01602226E-05
  -5.63433423E-05
  -6.21487707E-05
  -6.75099218E-05
  -7.23676203E-05
  -7.66707526E-05
  -8.03767543E-05
  -8.34519669E-05
  -8.58719504E-05
  -8.76216873E-05
  -8.86956332E-05
  -8.90977171E-05
  -8.88412033E-05
  -8.79484287E-05
  -8.64504400E-05
  -8.43865782E-05
  -8.18039043E-05
  -7.87565368E-05
  -7.53049317E-05
  -7.15150818E-05
  -6.74576077E-05
  -6.32068259E-05
  -5.88397779E-05
  -5.44352115E-05
  -5.00725291E-05
  -4.58307586E-05
  -4.17875053E-05
  -3.80179372E-05
  -3.45938133E-05
  -3.15825309E-05
  -2.90462704E-05
  -2.70411765E-05
  -2.56166441E-05
  -2.48146807E-05
  -2.46693726E-05
  -2.52064638E-05
  -2.64430237E-05
  -2.83872378E-05
  -3.10383293E-05
  -3.43865722E-05
  -3.84134000E-05
  -4.30916843E-05
  -4.83860604E-05
  -5.42533598E-05
  -6.06431786E-05
  -6.74984767E-05
  -7.47562663E-05
  -8.23483933E-05
  -9.02023530E-05
  -9.82421261E-05
  -1.06389103E-04
  -1.14562958E-04
  -1.22682613E-04
  -1.30667147E-04
  -1.38436735E-04
  -1.45913451E-04
  -1.53022236E-04
  -1.59691699E-04
  -1.65854828E-04
  -1.71449719E-04
  -1.76420333E-04
  -1.80716859E-04
  -1.84296427E-04
  -1.87123442E-04
  -1.89169907E-04
  -1.90415652E-04
  -1.90848586E-04
  -1.90464649E-04
  -1.89267899E-04
  -1.87270314E-04
  -1.84491626E-04
  -1.80959003E-04
  -1.76706730E-04
  -1.71775755E-04
  -1.66213154E-04
  -1.60071548E-04
  -1.53408590E-04
  -1.46286096E-04
  -1.38769508E-04
  -1.30926972E-04
  -1.22828802E-04
  -1.14546514E-04
  -1.06152133E-04
  -9.77174350E-05
  -8.93131437E-05
  -8.10082929E-05
  -7.28694868E-05
  -6.49602589E-05
  -5.73405123E-05
  -5.00659771E-05
  -4.31877343E-05
  -3.67518151E-05
  -3.07988630E-05
  -2.53638827E-05
  -2.04760327E-05
  -1.61585340E-05
  -1.24285953E-05
  -9.29746056E-06
  -6.77048774E-06
  -4.84730435E-06
  -3.52201573E-06
  -2.78346670E-06
  -2.61555169E-06
  -2.99755925E-06
  -3.90455807E-06
  -5.30780517E-06
  -7.17517605E-06
  -9.47161243E-06
  -1.21595749E-05
  -1.51995055E-05
  -1.85502759E-05
  -2.21696428E-05
  -2.60146862E-05
  -3.00422398E-05
  -3.42092862E-05
  -3.84733321E-05
  -4.27927880E-05
  -4.71272979E-05
  -5.14380299E-05
  -5.56879677E-05
  -5.98421611E-05
  -6.38679412E-05
  -6.77350909E-05
  -7.14160342E-05
  -7.48859457E-05
  -7.81228664E-05
  -8.11077480E-05
  -8.38245396E-05
  -8.62601519E-05
  -8.84045148E-05
  -9.02504908E-05
  -9.17938596E-05
  -9.30332390E-05
  -9.39699676E-05
  -9.46080036E-05
  -9.49538153E-05
  -9.50161993E-05
  -9.48061715E-05
  -9.43367268E-05
  -9.36227225E-05
  -9.26806533E-05
  -9.15284327E-05
  -9.01852400E-05
  -8.86712951E-05
  -8.70076401E-05
  -8.52159137E-05
  -8.33182057E-05
  -8.13367878E-05
  -7.92939536E-05
  -7.72118292E-05
  -7.51121697E-05
  -7.30162210E-05
  -7.09445085E-05
  -6.89167064E-05
  -6.69514920E-05
  -6.50664442E-05
  -6.32778610E-05
  -6.16007019E-05
  -6.00484782E-05
  -5.86331698E-05
  -5.73651378E-05
  -5.62530913E-05
  -5.53040190E-05
  -5.45231524E-05
  -5.39139655E-05
  -5.34781248E-05
  -5.32155100E-05
  -5.31242149E-05
  -5.32005761E-05
  -5.34391947E-05
  -5.38330023E-05
  -5.43732931E-05
  -5.50498371E-05
  -5.58509309E-05
  -5.67635070E-05
  -5.77732717E-05
  -5.88648109E-05
  -6.00217318E-05
  -6.12268559E-05
  -6.24623426E-05
  -6.37098929E-05
  -6.49509384E-05
  -6.61668382E-05
  -6.73391041E-05
  -6.84495681E-05
  -6.94806149E-05
  -7.04153936E-05
  -7.12380643E-05
  -7.19339150E-05
  -7.24895945E-05
  -7.28933155E-05
  -7.31349428E-05
  -7.32062181E-05
  -7.31008331E-05
  -7.28145242E-05
  -7.23451521E-05
  -7.16927680E-05
  -7.08595908E-05
  -6.98499862E-05
  -6.86704880E-05
  -6.73296163E-05
  -6.58378558E-05
  -6.42074810E-05
  -6.24524182E-05
  -6.05880741E-05
  -5.86311071E-05
  -5.65992123E-05
  -5.45109106E-05
  -5.23852905E-05
  -5.02417788E-05
  -4.80998788E-05
  -4.59789262E-05
  -4.38978605E-05
  -4.18749878E-05
  -3.99277524E-05
  -3.80725760E-05
  -3.63246327E-05
  -3.46977104E-05
  -3.32040436E-05
  -3.18542370E-05
  -3.06571346E-05
  -2.96197795E-05
  -2.87473522E-05
  -2.80431614E-05
  -2.75086386E-05
  -2.71433801E-05
  -2.69451775E-05
  -2.69100965E-05
  -2.70325436E-05
  -2.73053902E-05
  -2.77200597E-05
  -2.82666624E-05
  -2.89341260E-05
  -2.97103434E-05
  -3.05822941E-05
  -3.15362267E-05
  -3.25577857E-05
  -3.36321864E-05
  -3.47443565E-05
  -3.58790858E-05
  -3.70211965E-05
  -3.81556820E-05
  -3.92678558E-05
  -4.03435006E-05
  -4.13690068E-05
  -4.23314887E-05
  -4.32189372E-05
  -4.40203221E-05
  -4.47257007E-05
  -4.53263347E-05
  -4.58147624E-05
  -4.61848758E-05
  -4.64320037E-05
  -4.65529447E-05
  -4.65460143E-05
  -4.64110490E-05
  -4.61494383E-05
  -4.57640817E-05
  -4.52593704E-05
  -4.46411395E-05
  -4.39165960E-05
  -4.30942200E-05
  -4.21836849E-05
  -4.11957335E-05
  -4.01420293E-05
  -3.90350178E-05
  -3.78877739E-05
  -3.67138200E-05
  -3.55269622E-05
  -3.43411120E-05
  -3.31700940E-05
  -3.20274739E-05
  -3.09263887E-05
  -2.98793693E-05
  -2.88981864E-05
  -2.79937049E-05
  -2.71757526E-05
  -2.64530081E-05
  -2.58328946E-05
  -2.53215167E-05
  -2.49235927E-05
  -2.46424243E-05
  -2.44798957E-05
  -2.44364510E-05
  -2.45111551E-05
  -2.47017106E-05
  -2.50045523E-05
  -2.54148981E-05
  -2.59268600E-05
  -2.65335530E-05
  -2.72271973E-05
  -2.79992546E-05
  -2.88405463E-05
  -2.97413844E-05
  -3.06917136E-05
  -3.16812075E-05
  -3.26994232E-05
  -3.37359197E-05
  -3.47803398E-05
  -3.58225443E-05
  -3.68526817E-05
  -3.78612749E-05
  -3.88393200E-05
  -3.97783188E-05
  -4.06703548E-05
  -4.15081231E-05
  -4.22849662E-05
  -4.29949250E-05
  -4.36327246E-05
  -4.41938028E-05
  -4.46743179E-05
  -4.50711559E-05
  -4.53819121E-05
  -4.56048874E-05
  -4.57390815E-05
  -4.57841961E-05
  -4.57405840E-05
  -4.56092566E-05
  -4.53918656E-05
  -4.50906628E-05
  -4.47084931E-05
  -4.42487799E-05
  -4.37154595E-05
  -4.31129811E-05
  -4.24462596E-05
  -4.17206502E-05
  -4.09418826E-05
  -4.01160360E-05
  -3.92494803E-05
  -3.83488186E-05
  -3.74208321E-05
  -3.64724146E-05
  -3.55105076E-05
  -3.45420340E-05
  -3.35738150E-05
  -3.26125191E-05
  -3.16645783E-05
  -3.07361224E-05
  -2.98329269E-05
  -2.89603267E-05
  -2.81231751E-05
  -2.73257865E-05
  -2.65718973E-05
  -2.58646305E-05
  -2.52064565E-05
  -2.45991869E-05
  -2.40439567E-05
  -2.35412244E-05
  -2.30907863E-05
  -2.26917873E-05
  -2.23427542E-05
  -2.20416332E-05
  -2.17858251E-05
  -2.15722448E-05
  -2.13973744E-05
  -2.12573268E-05
  -2.11479146E-05
  -2.10647177E-05
  -2.10031521E-05
  -2.09585432E-05
  -2.09261943E-05
  -2.09014561E-05
  -2.08797792E-05
  -2.08567944E-05
  -2.08283527E-05
  -2.07905759E-05
  -2.07399116E-05
  -2.06731511E-05
  -2.05874730E-05
  -2.04804637E-05
  -2.03501368E-05
  -2.01949333E-05
  -2.00137365E-05
  -1.98058679E-05
  -1.95710782E-05
  -1.93095311E-05
  -1.90217943E-05
  -1.87088190E-05
  -1.83719112E-05
  -1.80127008E-05
  -1.76331214E-05
  -1.72353739E-05
  -1.68218849E-05
  -1.63952900E-05
  -1.59583778E-05
  -1.55140642E-05
  -1.50653541E-05
  -1.46153043E-05
  -1.41669861E-05
  -1.37234510E-05
  -1.32876985E-05
  -1.28626352E-05
  -1.24510470E-05
  -1.20555742E-05
  -1.16786750E-05
  -1.13226033E-05
  -1.09893890E-05
  -1.06808129E-05
  -1.03983966E-05
  -1.01433843E-05
  -9.91674005E-06
  -9.71914142E-06
  -9.55098039E-06
  -9.41236249E-06
  -9.30312581E-06
  -9.22284562E-06
  -9.17085345E-06
  -9.14625798E-06
  -9.14796419E-06
  -9.17470152E-06
  -9.22505114E-06
  -9.29747239E-06
  -9.39033089E-06
  -9.50192680E-06
  -9.63052389E-06
  -9.77437139E-06
  -9.93173308E-06
  -1.01009045E-05
  -1.02802323E-05
  -1.04681303E-05
  -1.06630869E-05
  -1.08636805E-05
  -1.10685769E-05
  -1.12765301E-05
  -1.14863869E-05
  -1.16970714E-05
  -1.19075821E-05
  -1.21169805E-05
  -1.23243763E-05
  -1.25289143E-05
  -1.27297644E-05
  -1.29261025E-05
  -1.31170982E-05
  -1.33019103E-05
  -1.34796701E-05
  -1.36494791E-05
  -1.38104042E-05
  -1.39614767E-05
  -1.41016972E-05
  -1.42300360E-05
  -1.43454499E-05
  -1.44468886E-05
  -1.45333097E-05
  -1.46036946E-05
  -1.46570710E-05
  -1.46925213E-05
  -1.47092096E-05
  -1.47064029E-05
  -1.46834836E-05
  -1.46399643E-05
  -1.45755075E-05
  -1.44899350E-05
  -1.43832385E-05
  -1.42555873E-05
  -1.41073278E-05
  -1.39389904E-05
  -1.37512752E-05
  -1.35450555E-05
  -1.33213625E-05
  -1.30813723E-05
  -1.28264010E-05
  -1.25578772E-05
  -1.22773372E-05
  -1.19863989E-05
  -1.16867504E-05
  -1.13801325E-05
  -1.10683259E-05
  -1.07531378E-05
  -1.04363880E-05
  -1.01199039E-05
  -9.80550885E-06
  -9.49501828E-06
  -9.19023478E-06
  -8.89294370E-06
  -8.60491309E-06
  -8.32789192E-06
  -8.06360731E-06
  -7.81375911E-06
  -7.58002443E-06
  -7.36404718E-06
  -7.16743625E-06
  -6.99175462E-06
  -6.83851340E-06
  -6.70915915E-06
  -6.60505839E-06
  -6.52748577E-06
  -6.47760135E-06
  -6.45643604E-06
  -6.46486751E-06
  -6.50360107E-06
  -6.57314558E-06
  -6.67379254E-06
  -6.80559469E-06
  -6.96834968E-06
  -7.16157865E-06
  -7.38451490E-06
  -7.63609114E-06
  -7.91493494E-06
  -8.21936010E-06
  -8.54737391E-06
  -8.89667899E-06
  -9.26469056E-06
  -9.64854189E-06
  -1.00451152E-05
  -1.04510582E-05
  -1.08628137E-05
  -1.12766484E-05
  -1.16886922E-05
  -1.20949617E-05
  -1.24914031E-05
  -1.28739284E-05
  -1.32384484E-05
  -1.35809069E-05
  -1.38973137E-05
  -1.41837736E-05
  -1.44365185E-05
  -1.46519351E-05
  -1.48265772E-05
  -1.49571979E-05
  -1.50407595E-05
  -1.50744481E-05
  -1.50556871E-05
  -1.49821471E-05
  -1.48517474E-05
  -1.46626653E-05
  -1.44133355E-05
  -1.41024620E-05
  -1.37290044E-05
  -1.32921923E-05
  -1.27915173E-05
  -1.22267384E-05
  -1.15978792E-05
  -1.09052335E-05
  -1.01493615E-05
  -9.33109277E-06
  -8.45153136E-06
  -7.51205380E-06
  -6.51430946E-06
  -5.46022238E-06
  -4.35199081E-06
  -3.19208311E-06
  -1.98323369E-06
  -7.28438124E-07
   5.69055544E-07
   1.90575702E-06
   3.27794714E-06
   4.68169083E-06
   6.11285623E-06
   7.56712961E-06
   9.04004173E-06
   1.05269801E-05
   1.20232198E-05
   1.35239343E-05
   1.50242286E-05
   1.65191450E-05
   1.80036986E-05
   1.94728818E-05
   2.09216832E-05
   2.23450970E-05
   2.37381391E-05
   2.50958547E-05
   2.64133123E-05
   2.76856208E-05
   2.89079217E-05
   3.00753873E-05
   3.11832300E-05
   3.22266824E-05
   3.32010095E-05
   3.41014929E-05
   3.49234324E-05
   3.56621676E-05
   3.63130457E-05
   3.68714464E-05
   3.73327784E-05
   3.76925054E-05
   3.79461453E-05
   3.80892998E-05
   3.81176724E-05
   3.80270831E-05
   3.78135082E-05
   3.74731171E-05
   3.70022935E-05
   3.63976760E-05
   3.56561977E-05
   3.47751120E-05
   3.37520505E-05
   3.25850378E-05
   3.12725460E-05
   2.98135146E-05
   2.82073852E-05
   2.64541213E-05
   2.45542415E-05
   2.25088279E-05
   2.03195596E-05
   1.79886974E-05
   1.55191083E-05
   1.29142591E-05
   1.01782180E-05
   7.31564660E-06
   4.33179002E-06
   1.23246423E-06
  -1.97595796E-06
  -5.28656801E-06
  -8.69193809E-06
  -1.21841476E-05
  -1.57548038E-05
  -1.93950709E-05
  -2.30956939E-05
  -2.68470303E-05
  -3.06390757E-05
  -3.44615037E-05
  -3.83036931E-05
  -4.21547738E-05
  -4.60036390E-05
  -4.98390145E-05
  -5.36494808E-05
  -5.74235091E-05
  -6.11495416E-05
  -6.48159912E-05
  -6.84113256E-05
  -7.19240779E-05
  -7.53429413E-05
  -7.86568053E-05
  -8.18547560E-05
  -8.49262069E-05
  -8.78608989E-05
  -9.06489586E-05
  -9.32809635E-05
  -9.57479351E-05
  -9.80414625E-05
  -1.00153666E-04
  -1.02077283E-04
  -1.03805665E-04
  -1.05332838E-04
  -1.06653511E-04
  -1.07763088E-04
  -1.08657689E-04
  -1.09334156E-04
  -1.09790046E-04
  -1.10023662E-04
  -1.10034045E-04
  -1.09820954E-04
  -1.09384833E-04
  -1.08726847E-04
  -1.07848849E-04
  -1.06753359E-04
  -1.05443542E-04
  -1.03923187E-04
  -1.02196747E-04
  -1.00269237E-04
  -9.81462872E-05
  -9.58340825E-05
  -9.33393458E-05
  -9.06693531E-05
  -8.78318970E-05
  -8.48352574E-05
  -8.16882093E-05
  -7.83999858E-05
  -7.49802421E-05
  -7.14390771E-05
  -6.77869757E-05
  -6.40347789E-05
  -6.01936590E-05
  -5.62751302E-05
  -5.22909359E-05
  -4.82530813E-05
  -4.41737466E-05
  -4.00652898E-05
  -3.59401529E-05
  -3.18108541E-05
  -2.76899154E-05
  -2.35898260E-05
  -1.95229986E-05
  -1.55016933E-05
  -1.15379871E-05
  -7.64371089E-06
  -3.83041061E-06
  -1.09286354E-07
   3.50885034E-06
   7.01362205E-06
   1.03951297E-05
   1.36439930E-05
   1.67513881E-05
   1.97090903E-05
   2.25094882E-05
   2.51456368E-05
   2.76112569E-05
   2.99007788E-05
   3.20093568E-05
   3.39328690E-05
   3.56679629E-05
   3.72120157E-05
   3.85631902E-05
   3.97204167E-05
   4.06833860E-05
   4.14525530E-05
   4.20291290E-05
   4.24150749E-05
   4.26130864E-05
   4.26265760E-05
   4.24596583E-05
   4.21171062E-05
   4.16043549E-05
   4.09274580E-05
   4.00930367E-05
   3.91082722E-05
   3.79808371E-05
   3.67188768E-05
   3.53309333E-05
   3.38259197E-05
   3.22130545E-05
   3.05018239E-05
   2.87019066E-05
   2.68231324E-05
   2.48754113E-05
   2.28686895E-05
   2.08128895E-05
   1.87178448E-05
   1.65932652E-05
   1.44486630E-05
   1.22933188E-05
   1.01362257E-05
   7.98605015E-06
   5.85108910E-06
   3.73923172E-06
   1.65792960E-06
  -3.85834539E-07
  -2.38557186E-06
  -4.33530749E-06
  -6.22959624E-06
  -8.06353728E-06
  -9.83278005E-06
  -1.15335260E-05
  -1.31625357E-05
  -1.47171186E-05
  -1.61951266E-05
  -1.75949408E-05
  -1.89154598E-05
  -2.01560761E-05
  -2.13166622E-05
  -2.23975312E-05
  -2.33994215E-05
  -2.43234554E-05
  -2.51711117E-05
  -2.59441822E-05
  -2.66447441E-05
  -2.72751040E-05
  -2.78377738E-05
  -2.83354129E-05
  -2.87707971E-05
  -2.91467586E-05
  -2.94661568E-05
  -2.97318275E-05
  -2.99465410E-05
  -3.01129567E-05
  -3.02335975E-05
  -3.03107954E-05
  -3.03466659E-05
  -3.03430752E-05
  -3.03016095E-05
  -3.02235603E-05
  -3.01098880E-05
  -2.99612311E-05
  -2.97778734E-05
  -2.95597565E-05
  -2.93064677E-05
  -2.90172538E-05
  -2.86910326E-05
  -2.83264053E-05
  -2.79216729E-05
  -2.74748672E-05
  -2.69837710E-05
  -2.64459577E-05
  -2.58588188E-05
  -2.52196096E-05
  -2.45254905E-05
  -2.37735567E-05
  -2.29608922E-05
  -2.20846141E-05
  -2.11419228E-05
  -2.01301427E-05
  -1.90467726E-05
  -1.78895370E-05
  -1.66564259E-05
  -1.53457440E-05
  -1.39561562E-05
  -1.24867292E-05
  -1.09369712E-05
  -9.30686565E-06
  -7.59691284E-06
  -5.80815095E-06
  -3.94218796E-06
  -2.00121690E-06
   1.19662076E-08
   2.09395057E-06
   4.24070822E-06
   6.44759757E-06
   8.70936401E-06
   1.10201609E-05
   1.33735657E-05
   1.57626018E-05
   1.81797768E-05
   2.06171171E-05
   2.30661990E-05
   2.55182113E-05
   2.79639917E-05
   3.03940888E-05
   3.27988200E-05
   3.51683302E-05
   3.74926640E-05
   3.97618132E-05
   4.19658063E-05
   4.40947551E-05
   4.61389391E-05
   4.80888630E-05
   4.99353191E-05
   5.16694708E-05
   5.32829035E-05
   5.47676718E-05
   5.61163688E-05
   5.73221841E-05
   5.83789406E-05
   5.92811375E-05
   6.00239946E-05
   6.06034992E-05
   6.10164025E-05
   6.12602744E-05
   6.13335069E-05
   6.12353251E-05
   6.09658200E-05
   6.05259011E-05
   5.99173509E-05
   5.91427670E-05
   5.82055945E-05
   5.71100718E-05
   5.58612519E-05
   5.44649265E-05
   5.29276222E-05
   5.12565748E-05
   4.94596643E-05
   4.75453962E-05
   4.55228219E-05
   4.34015165E-05
   4.11915025E-05
   3.89031993E-05
   3.65473534E-05
   3.41349842E-05
   3.16773112E-05
   2.91856686E-05
   2.66714633E-05
   2.41460857E-05
   2.16208500E-05
   1.91069157E-05
   1.66152204E-05
   1.41564242E-05
   1.17408399E-05
   9.37836921E-06
   7.07845538E-06
   4.85002283E-06
   2.70143050E-06
   6.40430130E-07
  -1.32587388E-06
  -3.19105811E-06
  -4.94940969E-06
  -6.59594843E-06
  -8.12644794E-06
  -9.53744529E-06
  -1.08262502E-05
  -1.19909464E-05
  -1.30303906E-05
  -1.39442018E-05
  -1.47327501E-05
  -1.53971378E-05
  -1.59391802E-05
  -1.63613731E-05
  -1.66668742E-05
  -1.68594579E-05
  -1.69434770E-05
  -1.69238392E-05
  -1.68059378E-05
  -1.65956262E-05
  -1.62991582E-05
  -1.59231404E-05
  -1.54744721E-05
  -1.49602974E-05
  -1.43879452E-05
  -1.37648694E-05
  -1.30985945E-05
  -1.23966583E-05
  -1.16665524E-05
  -1.09156599E-05
  -1.01512123E-05
  -9.38022276E-06
  -8.60944692E-06
  -7.84532494E-06
  -7.09394089E-06
  -6.36098230E-06
  -5.65169967E-06
  -4.97087467E-06
  -4.32279421E-06
  -3.71122451E-06
  -3.13939495E-06
