   0.00000000    
   0.00000000    
   0.00000000    
   0.00000000    
   0.00000000    
  -1.70088112E-29
  -5.04045086E-29
  -1.53323512E-28
  -1.57541830E-27
  -7.97040484E-27
  -1.05132479E-26
   9.99137080E-26
   8.07867868E-25
   3.55366771E-24
   1.15128585E-23
   2.97485096E-23
   6.24397543E-23
   1.02693755E-22
   1.08226933E-22
  -4.42429957E-23
  -6.28602033E-22
  -2.15219450E-21
  -5.41481961E-21
  -1.14660481E-20
  -2.13322319E-20
  -3.53369910E-20
  -5.18198798E-20
  -6.51045620E-20
  -6.27251705E-20
  -2.22313158E-20
   9.16149057E-20
   3.27773911E-19
   7.45755435E-19
   1.40537407E-18
   2.34601367E-18
   3.55207733E-18
   4.90226439E-18
   6.10242364E-18
   6.60514845E-18
   5.52389311E-18
   1.55486742E-18
  -7.07451099E-18
  -2.26074136E-17
  -4.76845370E-17
  -8.51733517E-17
  -1.37884682E-16
  -2.08176240E-16
  -2.97464074E-16
  -4.05690348E-16
  -5.30827289E-16
  -6.68528324E-16
  -8.12065415E-16
  -9.52708884E-16
  -1.08070933E-15
  -1.18702911E-15
  -1.26593108E-15
  -1.31848789E-15
  -1.35700332E-15
  -1.41027248E-15
  -1.52955272E-15
  -1.79508071E-15
  -2.32299146E-15
  -3.27256198E-15
  -4.85385242E-15
  -7.33605156E-15
  -1.10571376E-14
  -1.64358832E-14
  -2.39876749E-14
  -3.43462543E-14
  -4.82939426E-14
  -6.68038690E-14
  -9.10981970E-14
  -1.22727891E-13
  -1.63680064E-13
  -2.16521679E-13
  -2.84589897E-13
  -3.72243306E-13
  -4.85192778E-13
  -6.30936818E-13
  -8.19335973E-13
  -1.06337205E-12
  -1.38015359E-12
  -1.79225081E-12
  -2.32946952E-12
  -3.03121113E-12
  -3.94960713E-12
  -5.15368520E-12
  -6.73488565E-12
  -8.81436070E-12
  -1.15526052E-11
  -1.51621129E-11
  -1.99240121E-11
  -2.62097809E-11
  -3.45096000E-11
  -4.54692221E-11
  -5.99377284E-11
  -7.90293039E-11
  -1.04202834E-10
  -1.37364051E-10
  -1.80996440E-10
  -2.38328385E-10
  -3.13545578E-10
  -4.12060774E-10
  -5.40854417E-10
  -7.08903991E-10
  -9.27723343E-10
  -1.21203758E-09
  -1.58062430E-09
  -2.05736073E-09
  -2.67251976E-09
  -3.46437212E-09
  -4.48115633E-09
  -5.78349901E-09
  -7.44736539E-09
  -9.56766932E-09
  -1.22626407E-08
  -1.56791238E-08
  -1.99989625E-08
  -2.54466777E-08
  -3.22986722E-08
  -4.08942107E-08
  -5.16484917E-08
  -6.50681713E-08
  -8.17696630E-08
  -1.02500728E-07
  -1.28165851E-07
  -1.59855844E-07
  -1.98882375E-07
  -2.46818161E-07
  -3.05543267E-07
  -3.77298846E-07
  -4.64748524E-07
  -5.71048815E-07
  -6.99929785E-07
  -8.55785743E-07
  -1.04377898E-06
  -1.26995633E-06
  -1.54137979E-06
  -1.86627256E-06
  -2.25418330E-06
  -2.71616500E-06
  -3.26497707E-06
  -3.91530330E-06
  -4.68399367E-06
  -5.59032651E-06
  -6.65629204E-06
  -7.90689955E-06
  -9.37050845E-06
  -1.10791771E-05
  -1.30690441E-05
  -1.53807068E-05
  -1.80596599E-05
  -2.11567040E-05
  -2.47284024E-05
  -2.88375377E-05
  -3.35535769E-05
  -3.89531488E-05
  -4.51205015E-05
  -5.21479778E-05
  -6.01364518E-05
  -6.91957684E-05
  -7.94451335E-05
  -9.10134913E-05
  -1.04039842E-04
  -1.18673532E-04
  -1.35074457E-04
  -1.53413159E-04
  -1.73870983E-04
  -1.96639929E-04
  -2.21922586E-04
  -2.49931909E-04
  -2.80890934E-04
  -3.15032055E-04
  -3.52596777E-04
  -3.93834809E-04
  -4.39003168E-04
  -4.88365244E-04
  -5.42189635E-04
  -6.00748870E-04
  -6.64318155E-04
  -7.33173452E-04
  -8.07590317E-04
  -8.87841685E-04
  -9.74196126E-04
  -1.06691616E-03
  -1.16625556E-03
  -1.27245730E-03
  -1.38575176E-03
  -1.50635419E-03
  -1.63446215E-03
  -1.77025376E-03
  -1.91388384E-03
  -2.06548348E-03
  -2.22515617E-03
  -2.39297538E-03
  -2.56898324E-03
  -2.75318651E-03
  -2.94555491E-03
  -3.14601953E-03
  -3.35446815E-03
  -3.57074523E-03
  -3.79464682E-03
  -4.02591983E-03
  -4.26426018E-03
  -4.50930605E-03
  -4.76064021E-03
  -5.01778303E-03
  -5.28019248E-03
  -5.54725854E-03
  -5.81830367E-03
  -6.09257445E-03
  -6.36924384E-03
  -6.64740521E-03
  -6.92606810E-03
  -7.20415870E-03
  -7.48051191E-03
  -7.75387324E-03
  -8.02289229E-03
  -8.28612503E-03
  -8.54202639E-03
  -8.78895167E-03
  -9.02515650E-03
  -9.24879499E-03
  -9.45791975E-03
  -9.65048466E-03
  -9.82434768E-03
  -9.97727457E-03
  -1.01069370E-02
  -1.02109304E-02
  -1.02867698E-02
  -1.03319036E-02
  -1.03437230E-02
  -1.03195729E-02
  -1.02567635E-02
  -1.01525877E-02
  -1.00043286E-02
  -9.80928633E-03
  -9.56478808E-03
  -9.26821120E-03
  -8.91699921E-03
  -8.50868598E-03
  -8.04091524E-03
  -7.51146348E-03
  -6.91825943E-03
  -6.25940785E-03
  -5.53321047E-03
  -4.73818881E-03
  -3.87310307E-03
  -2.93697370E-03
  -1.92909990E-03
  -8.49078118E-04
   3.03181383E-04
   1.52743957E-03
   2.82311370E-03
   4.18926589E-03
   5.62459277E-03
   7.12741585E-03
   8.69567413E-03
   1.03269201E-02
   1.20183164E-02
   1.37666324E-02
   1.55682415E-02
   1.74191352E-02
   1.93149019E-02
   2.12507602E-02
   2.32215375E-02
   2.52216998E-02
   2.72453427E-02
   2.92862058E-02
   3.13376896E-02
   3.33928615E-02
   3.54444757E-02
   3.74849662E-02
   3.95064950E-02
   4.15009484E-02
   4.34599519E-02
   4.53748927E-02
   4.72369827E-02
   4.90372181E-02
   5.07664531E-02
   5.24154156E-02
   5.39747551E-02
   5.54350466E-02
   5.67868687E-02
   5.80208302E-02
   5.91276176E-02
   6.00980446E-02
   6.09231070E-02
   6.15940467E-02
   6.21024296E-02
   6.24401644E-02
   6.25996292E-02
   6.25736862E-02
   6.23557828E-02
   6.19400479E-02
   6.13213032E-02
   6.04951978E-02
   5.94582409E-02
   5.82078882E-02
   5.67426085E-02
   5.50619513E-02
   5.31665832E-02
   5.10583632E-02
   4.87403721E-02
   4.62169349E-02
   4.34936918E-02
   4.05775644E-02
   3.74767855E-02
   3.42008919E-02
   3.07607017E-02
   2.71682926E-02
   2.34369449E-02
   1.95811000E-02
   1.56162856E-02
   1.15590375E-02
   7.42681231E-03
   3.23788240E-03
  -9.88774118E-04
  -5.23359422E-03
  -9.47655924E-03
  -1.36973271E-02
  -1.78753827E-02
  -2.19901670E-02
  -2.60212366E-02
  -2.99484078E-02
  -3.37519050E-02
  -3.74125056E-02
  -4.09116820E-02
  -4.42317426E-02
  -4.73559611E-02
  -5.02687059E-02
  -5.29555269E-02
  -5.54033034E-02
  -5.76003194E-02
  -5.95363379E-02
  -6.12026900E-02
  -6.25923350E-02
  -6.36998937E-02
  -6.45216778E-02
  -6.50557429E-02
  -6.53018653E-02
  -6.52615651E-02
  -6.49380535E-02
  -6.43362477E-02
  -6.34627193E-02
  -6.23255894E-02
  -6.09345548E-02
  -5.93007468E-02
  -5.74366860E-02
  -5.53561859E-02
  -5.30742444E-02
  -5.06069623E-02
  -4.79713976E-02
  -4.51854914E-02
  -4.22679186E-02
  -3.92379574E-02
  -3.61153856E-02
  -3.29203233E-02
  -2.96731070E-02
  -2.63941586E-02
  -2.31038462E-02
  -1.98223367E-02
  -1.65694784E-02
  -1.33646596E-02
  -1.02266716E-02
  -7.17359688E-03
  -4.22267476E-03
  -1.39019149E-03
   1.30862975E-03
   3.85973067E-03
   6.25031255E-03
   8.46891850E-03
   1.05055096E-02
   1.23515259E-02
   1.39999380E-02
   1.54452901E-02
   1.66837238E-02
   1.77129898E-02
   1.85324494E-02
   1.91430636E-02
   1.95473712E-02
   1.97494403E-02
   1.97548158E-02
   1.95704643E-02
   1.92046855E-02
   1.86670329E-02
   1.79682132E-02
   1.71199739E-02
   1.61349922E-02
   1.50267575E-02
   1.38094332E-02
   1.24977287E-02
   1.11067602E-02
   9.65191890E-03
   8.14873073E-03
   6.61271345E-03
   5.05925016E-03
   3.50345182E-03
   1.96003425E-03
   4.43195022E-04
  -1.03349925E-03
  -2.45721941E-03
  -3.81597155E-03
  -5.09868609E-03
  -6.29529450E-03
  -7.39679812E-03
  -8.39532632E-03
  -9.28418152E-03
  -1.00578722E-02
  -1.07121412E-02
  -1.12439701E-02
  -1.16515886E-02
  -1.19344573E-02
  -1.20932478E-02
  -1.21298125E-02
  -1.20471437E-02
  -1.18493177E-02
  -1.15414411E-02
  -1.11295758E-02
  -1.06206695E-02
  -1.00224651E-02
  -9.34341457E-03
  -8.59258790E-03
  -7.77956611E-03
  -6.91434648E-03
  -6.00723131E-03
  -5.06872265E-03
  -4.10941429E-03
  -3.13988514E-03
  -2.17059301E-03
  -1.21176965E-03
  -2.73322017E-04
   6.35264441E-04
   1.50501530E-03
   2.32755207E-03
   3.09516932E-03
   3.80090298E-03
   4.43859166E-03
   5.00292797E-03
   5.48950024E-03
   5.89482207E-03
   6.21635653E-03
   6.45252271E-03
   6.60269987E-03
   6.66721398E-03
   6.64731767E-03
   6.54515903E-03
   6.36374159E-03
   6.10687444E-03
   5.77911688E-03
   5.38571132E-03
   4.93251253E-03
   4.42591216E-03
   3.87275498E-03
   3.28025571E-03
   2.65591103E-03
   2.00740923E-03
   1.34254294E-03
   6.69119006E-04
  -5.12847964E-06
  -6.72622060E-04
  -1.32602185E-03
  -1.95830176E-03
  -2.56282208E-03
  -3.13339359E-03
  -3.66433640E-03
  -4.15053312E-03
  -4.58747335E-03
  -4.97129001E-03
  -5.29878959E-03
  -5.56747243E-03
  -5.77554898E-03
  -5.92194032E-03
  -6.00627949E-03
  -6.02889946E-03
  -5.99081488E-03
  -5.89370122E-03
  -5.73985837E-03
  -5.53217577E-03
  -5.27409185E-03
  -4.96954098E-03
  -4.62290412E-03
  -4.23895149E-03
  -3.82278161E-03
  -3.37976078E-03
  -2.91545736E-03
  -2.43557594E-03
  -1.94589281E-03
  -1.45218906E-03
  -9.60184843E-04
  -4.75477165E-04
  -3.47799323E-06
   4.50643653E-04
   8.82017193E-04
   1.28612085E-03
   1.65882835E-03
   1.99644966E-03
   2.29576742E-03
   2.55406485E-03
   2.76915194E-03
   2.93938164E-03
   3.06366081E-03
   3.14145396E-03
   3.17278085E-03
   3.15820868E-03
   3.09883500E-03
   2.99626822E-03
   2.85259867E-03
   2.67036748E-03
   2.45252741E-03
   2.20240233E-03
   1.92364084E-03
   1.62016647E-03
   1.29612663E-03
   9.55838070E-04
   6.03733177E-04
   2.44303665E-04
  -1.17954667E-04
  -4.78596165E-04
  -8.33278522E-04
  -1.17781258E-03
  -1.50821160E-03
  -1.82073470E-03
  -2.11192807E-03
  -2.37866119E-03
  -2.61815893E-03
  -2.82802829E-03
  -3.00628017E-03
  -3.15134530E-03
  -3.26208444E-03
  -3.33779631E-03
  -3.37821478E-03
  -3.38350469E-03
  -3.35425115E-03
  -3.29144439E-03
  -3.19645926E-03
  -3.07103177E-03
  -2.91723083E-03
  -2.73742597E-03
  -2.53425329E-03
  -2.31057918E-03
  -2.06945976E-03
  -1.81410264E-03
  -1.54782354E-03
  -1.27400446E-03
  -9.96052870E-04
  -7.17359711E-04
  -4.41258919E-04
  -1.70988700E-04
   9.03455511E-05
   3.39806225E-04
   5.74654958E-04
   7.92382692E-04
   9.90734552E-04
   1.16773357E-03
   1.32169842E-03
   1.45125808E-03
   1.55536388E-03
   1.63329521E-03
   1.68466312E-03
   1.70940941E-03
   1.70780078E-03
   1.68041978E-03
   1.62815349E-03
   1.55217620E-03
   1.45393086E-03
   1.33510667E-03
   1.19761412E-03
   1.04355824E-03
   8.75209225E-04
   6.94971473E-04
   5.05352218E-04
   3.08928516E-04
   1.08314336E-04
  -9.38724552E-05
  -2.95042642E-04
  -4.92667372E-04
  -6.84308878E-04
  -8.67648865E-04
  -1.04051596E-03
  -1.20091008E-03
  -1.34702504E-03
  -1.47726759E-03
  -1.59027393E-03
  -1.68492284E-03
  -1.76034588E-03
  -1.81593350E-03
  -1.85133924E-03
  -1.86647812E-03
  -1.86152430E-03
  -1.83690339E-03
  -1.79328397E-03
  -1.73156278E-03
  -1.65285089E-03
  -1.55845541E-03
  -1.44985877E-03
  -1.32869743E-03
  -1.19673763E-03
  -1.05585158E-03
  -9.07990790E-04
  -7.55160581E-04
  -5.99393505E-04
  -4.42723162E-04
  -2.87158153E-04
  -1.34657792E-04
   1.28921092E-05
   1.53701476E-04
   2.86096823E-04
   4.08539927E-04
   5.19644760E-04
   6.18191960E-04
   7.03140977E-04
   7.73639942E-04
   8.29032564E-04
   8.68862902E-04
   8.92877229E-04
   9.01023799E-04
   8.93449236E-04
   8.70493706E-04
   8.32683058E-04
   7.80718925E-04
   7.15466973E-04
   6.37943158E-04
   5.49298944E-04
   4.50804509E-04
   3.43830936E-04
   2.29831785E-04
   1.10323752E-04
  -1.31331608E-05
  -1.38955467E-04
  -2.65556184E-04
  -3.91364360E-04
  -5.14844200E-04
  -6.34513446E-04
  -7.48960709E-04
  -8.56861880E-04
  -9.56994889E-04
  -1.04825373E-03
  -1.12965936E-03
  -1.20037061E-03
  -1.25969260E-03
  -1.30708213E-03
  -1.34215283E-03
  -1.36467745E-03
  -1.37458788E-03
  -1.37197389E-03
  -1.35707913E-03
  -1.33029581E-03
  -1.29215745E-03
  -1.24332972E-03
  -1.18460006E-03
  -1.11686590E-03
  -1.04112085E-03
  -9.58441291E-04
  -8.69971234E-04
  -7.76906090E-04
  -6.80476951E-04
  -5.81934524E-04
  -4.82532574E-04
  -3.83511971E-04
  -2.86085065E-04
  -1.91420680E-04
  -1.00630183E-04
  -1.47541541E-05
   6.52494709E-05
   1.38516043E-04
   2.04283482E-04
   2.61899957E-04
   3.10829986E-04
   3.50658927E-04
   3.81095859E-04
   4.01974452E-04
   4.13252623E-04
   4.15010465E-04
   4.07446234E-04
   3.90871486E-04
   3.65704385E-04
   3.32461961E-04
   2.91751203E-04
   2.44259340E-04
   1.90743041E-04
   1.32017187E-04
   6.89431035E-05
   2.41643670E-06
  -6.66450433E-05
  -1.37313691E-04
  -2.08663972E-04
  -2.79784203E-04
  -3.49787821E-04
  -4.17823903E-04
  -4.83087177E-04
  -5.44827082E-04
  -6.02355867E-04
  -6.55055803E-04
  -7.02385325E-04
  -7.43883895E-04
  -7.79175782E-04
  -8.07972800E-04
  -8.30075936E-04
  -8.45375296E-04
  -8.53849924E-04
  -8.55565129E-04
  -8.50670272E-04
  -8.39394459E-04
  -8.22041766E-04
  -7.98985711E-04
  -7.70662678E-04
  -7.37564871E-04
  -7.00233213E-04
  -6.59248559E-04
  -6.15223951E-04
  -5.68795833E-04
  -5.20615489E-04
  -4.71340230E-04
  -4.21624980E-04
  -3.72113893E-04
  -3.23432381E-04
  -2.76179431E-04
  -2.30920632E-04
  -1.88181541E-04
  -1.48441904E-04
  -1.12130474E-04
  -7.96205932E-05
  -5.12266670E-05
  -2.72014731E-05
  -7.73426291E-06
   7.05020057E-06
   1.70917574E-05
   2.23941224E-05
   2.30233109E-05
   1.91052732E-05
   1.08228041E-05
  -1.58825071E-06
  -1.78434038E-05
  -3.76144708E-05
  -6.05350106E-05
  -8.62061424E-05
  -1.14202623E-04
  -1.44079197E-04
  -1.75376874E-04
  -2.07629622E-04
  -2.40370515E-04
  -2.73138081E-04
  -3.05482157E-04
  -3.36969708E-04
  -3.67189990E-04
  -3.95759445E-04
  -4.22325829E-04
  -4.46572260E-04
  -4.68220183E-04
  -4.87032055E-04
  -5.02813433E-04
  -5.15413820E-04
  -5.24727686E-04
  -5.30694437E-04
  -5.33297833E-04
  -5.32564882E-04
  -5.28564036E-04
  -5.21403155E-04
  -5.11226826E-04
  -4.98213107E-04
  -4.82570584E-04
  -4.64534533E-04
  -4.44362697E-04
  -4.22331708E-04
  -3.98732576E-04
  -3.73866729E-04
  -3.48041678E-04
  -3.21566855E-04
  -2.94749800E-04
  -2.67892057E-04
  -2.41285670E-04
  -2.15209831E-04
  -1.89927683E-04
  -1.65683537E-04
  -1.42700417E-04
  -1.21177909E-04
  -1.01290505E-04
  -8.31861616E-05
  -6.69853252E-05
  -5.27803531E-05
  -4.06352556E-05
  -3.05858484E-05
  -2.26402717E-05
  -1.67797989E-05
  -1.29600076E-05
  -1.11122290E-05
  -1.11452700E-05
  -1.29473628E-05
  -1.63883687E-05
  -2.13220937E-05
  -2.75888033E-05
  -3.50178161E-05
  -4.34301801E-05
  -5.26413860E-05
  -6.24640670E-05
  -7.27106817E-05
  -8.31961224E-05
  -9.37401928E-05
  -1.04169994E-04
  -1.14322123E-04
  -1.24044658E-04
  -1.33198992E-04
  -1.41661352E-04
  -1.49324056E-04
  -1.56096648E-04
  -1.61906588E-04
  -1.66699712E-04
  -1.70440428E-04
  -1.73111621E-04
  -1.74714296E-04
  -1.75266978E-04
  -1.74804736E-04
  -1.73378139E-04
  -1.71052045E-04
  -1.67903854E-04
  -1.64022174E-04
  -1.59504852E-04
  -1.54457215E-04
  -1.48990104E-04
  -1.43218014E-04
  -1.37257040E-04
  -1.31223103E-04
  -1.25230043E-04
  -1.19387878E-04
  -1.13801165E-04
  -1.08567547E-04
  -1.03776343E-04
  -9.95074442E-05
  -9.58302990E-05
  -9.28031150E-05
  -9.04722765E-05
  -8.88719733E-05
  -8.80239604E-05
  -8.79376021E-05
  -8.86100534E-05
  -9.00265732E-05
  -9.21610990E-05
  -9.49769237E-05
  -9.84274593E-05
  -1.02457197E-04
  -1.07002728E-04
  -1.11993810E-04
  -1.17354517E-04
  -1.23004487E-04
  -1.28860062E-04
  -1.34835500E-04
  -1.40844262E-04
  -1.46800128E-04
  -1.52618290E-04
  -1.58216542E-04
  -1.63516146E-04
  -1.68442857E-04
  -1.72927757E-04
  -1.76907997E-04
  -1.80327508E-04
  -1.83137439E-04
  -1.85296754E-04
  -1.86772493E-04
  -1.87540034E-04
  -1.87583195E-04
  -1.86894336E-04
  -1.85474244E-04
  -1.83331955E-04
  -1.80484494E-04
  -1.76956542E-04
  -1.72780012E-04
  -1.67993494E-04
  -1.62641736E-04
  -1.56774942E-04
  -1.50448119E-04
  -1.43720419E-04
  -1.36654213E-04
  -1.29314431E-04
  -1.21767727E-04
  -1.14081718E-04
  -1.06324085E-04
  -9.85618826E-05
  -9.08606962E-05
  -8.32840451E-05
  -7.58925744E-05
  -6.87435022E-05
  -6.18900667E-05
  -5.53809987E-05
  -4.92601357E-05
  -4.35660404E-05
  -3.83318002E-05
  -3.35848345E-05
  -2.93468129E-05
  -2.56336607E-05
  -2.24556497E-05
  -1.98175640E-05
  -1.77189395E-05
  -1.61543740E-05
  -1.51139020E-05
  -1.45833983E-05
  -1.45450549E-05
  -1.49778580E-05
  -1.58581115E-05
  -1.71599640E-05
  -1.88559188E-05
  -2.09173595E-05
  -2.33150367E-05
  -2.60195484E-05
  -2.90017506E-05
  -3.22331543E-05
  -3.56862511E-05
  -3.93348018E-05
  -4.31540648E-05
  -4.71209496E-05
  -5.12141196E-05
  -5.54140497E-05
  -5.97030084E-05
  -6.40650178E-05
  -6.84857077E-05
  -7.29522217E-05
  -7.74530054E-05
  -8.19775596E-05
  -8.65163020E-05
  -9.10602539E-05
  -9.56008298E-05
  -1.00129604E-04
  -1.04638071E-04
  -1.09117427E-04
  -1.13558403E-04
  -1.17951109E-04
  -1.22284851E-04
  -1.26548155E-04
  -1.30728571E-04
  -1.34812755E-04
  -1.38786490E-04
  -1.42634657E-04
  -1.46341423E-04
  -1.49890329E-04
  -1.53264453E-04
  -1.56446564E-04
  -1.59419360E-04
  -1.62165656E-04
  -1.64668614E-04
  -1.66912010E-04
  -1.68880433E-04
  -1.70559520E-04
  -1.71936204E-04
  -1.72998916E-04
  -1.73737790E-04
  -1.74144836E-04
  -1.74214074E-04
  -1.73941735E-04
  -1.73326305E-04
  -1.72368673E-04
  -1.71072155E-04
  -1.69442457E-04
  -1.67487844E-04
  -1.65218968E-04
  -1.62648867E-04
  -1.59792864E-04
  -1.56668524E-04
  -1.53295463E-04
  -1.49695203E-04
  -1.45891026E-04
  -1.41907716E-04
  -1.37771407E-04
  -1.33509369E-04
  -1.29149659E-04
  -1.24721002E-04
  -1.20252436E-04
  -1.15773080E-04
  -1.11311871E-04
  -1.06897241E-04
  -1.02556922E-04
  -9.83176287E-05
  -9.42048209E-05
  -9.02424799E-05
  -8.64528483E-05
  -8.28562333E-05
  -7.94708321E-05
  -7.63125208E-05
  -7.33947891E-05
  -7.07285872E-05
  -6.83222315E-05
  -6.61813829E-05
  -6.43090534E-05
  -6.27055779E-05
  -6.13687371E-05
  -6.02937835E-05
  -5.94736011E-05
  -5.88988551E-05
  -5.85581693E-05
  -5.84383451E-05
  -5.85245762E-05
  -5.88007133E-05
  -5.92495162E-05
  -5.98529259E-05
  -6.05923415E-05
  -6.14488890E-05
  -6.24037057E-05
  -6.34381722E-05
  -6.45341934E-05
  -6.56744232E-05
  -6.68424545E-05
  -6.80230223E-05
  -6.92021567E-05
  -7.03673140E-05
  -7.15074930E-05
  -7.26132566E-05
  -7.36768052E-05
  -7.46919977E-05
  -7.56542941E-05
  -7.65606819E-05
  -7.74096770E-05
  -7.82011266E-05
  -7.89361802E-05
  -7.96170716E-05
  -8.02470022E-05
  -8.08300101E-05
  -8.13707375E-05
  -8.18743138E-05
  -8.23461523E-05
  -8.27918120E-05
  -8.32168225E-05
  -8.36265244E-05
  -8.40259818E-05
  -8.44198221E-05
  -8.48121490E-05
  -8.52064695E-05
  -8.56056140E-05
  -8.60116706E-05
  -8.64260001E-05
  -8.68491916E-05
  -8.72810706E-05
  -8.77207058E-05
  -8.81664891E-05
  -8.86161288E-05
  -8.90667070E-05
  -8.95147823E-05
  -8.99564402E-05
  -9.03873442E-05
  -9.08028596E-05
  -9.11981188E-05
  -9.15680866E-05
  -9.19076920E-05
  -9.22119070E-05
  -9.24757842E-05
  -9.26946013E-05
  -9.28639056E-05
  -9.29795860E-05
  -9.30379683E-05
  -9.30358729E-05
  -9.29706293E-05
  -9.28402151E-05
  -9.26431967E-05
  -9.23788175E-05
  -9.20470120E-05
  -9.16483841E-05
  -9.11842508E-05
  -9.06565911E-05
  -9.00680316E-05
  -8.94218465E-05
  -8.87218848E-05
  -8.79725339E-05
  -8.71786469E-05
  -8.63454989E-05
  -8.54787359E-05
  -8.45841860E-05
  -8.36678955E-05
  -8.27359618E-05
  -8.17944674E-05
  -8.08493351E-05
  -7.99063055E-05
  -7.89707919E-05
  -7.80477712E-05
  -7.71417181E-05
  -7.62565105E-05
  -7.53953791E-05
  -7.45608195E-05
  -7.37545633E-05
  -7.29774983E-05
  -7.22297409E-05
  -7.15105416E-05
  -7.08183434E-05
  -7.01508034E-05
  -6.95048147E-05
  -6.88765867E-05
  -6.82617392E-05
  -6.76553318E-05
  -6.70519876E-05
  -6.64459803E-05
  -6.58314093E-05
  -6.52022281E-05
  -6.45524196E-05
  -6.38760903E-05
  -6.31675939E-05
  -6.24216555E-05
  -6.16334510E-05
  -6.07987458E-05
  -5.99139494E-05
  -5.89761949E-05
  -5.79834050E-05
  -5.69343392E-05
  -5.58286338E-05
  -5.46668125E-05
  -5.34503051E-05
  -5.21814218E-05
  -5.08633311E-05
  -4.95000495E-05
  -4.80963572E-05
  -4.66577731E-05
  -4.51904707E-05
  -4.37012277E-05
  -4.21973382E-05
  -4.06865329E-05
  -3.91768990E-05
  -3.76768076E-05
  -3.61948187E-05
  -3.47396090E-05
  -3.33198805E-05
  -3.19442988E-05
  -3.06214097E-05
  -2.93595604E-05
  -2.81668345E-05
  -2.70509881E-05
  -2.60193774E-05
  -2.50789053E-05
  -2.42359638E-05
  -2.34963591E-05
  -2.28652771E-05
  -2.23472289E-05
  -2.19459889E-05
  -2.16645676E-05
  -2.15051623E-05
  -2.14691208E-05
  -2.15569198E-05
  -2.17681281E-05
  -2.21013852E-05
  -2.25543954E-05
  -2.31239155E-05
  -2.38057564E-05
  -2.45947849E-05
  -2.54849492E-05
  -2.64693208E-05
  -2.75401162E-05
  -2.86887498E-05
  -2.99059029E-05
  -3.11815966E-05
  -3.25052642E-05
  -3.38658610E-05
  -3.52519419E-05
  -3.66518070E-05
  -3.80536076E-05
  -3.94454582E-05
  -4.08155684E-05
  -4.21523728E-05
  -4.34446556E-05
  -4.46816703E-05
  -4.58532559E-05
  -4.69499537E-05
  -4.79630835E-05
  -4.88848455E-05
  -4.97083965E-05
  -5.04279087E-05
  -5.10386017E-05
  -5.15368047E-05
  -5.19199348E-05
  -5.21865295E-05
  -5.23362214E-05
  -5.23696981E-05
  -5.22886985E-05
  -5.20959402E-05
  -5.17950466E-05
  -5.13905143E-05
  -5.08876037E-05
  -5.02922776E-05
  -4.96111024E-05
  -4.88511760E-05
  -4.80200179E-05
  -4.71254971E-05
  -4.61757445E-05
  -4.51790511E-05
  -4.41438206E-05
  -4.30784894E-05
  -4.19914359E-05
  -4.08909400E-05
  -3.97851363E-05
  -3.86819665E-05
  -3.75891177E-05
  -3.65140004E-05
  -3.54637159E-05
  -3.44450164E-05
  -3.34643009E-05
  -3.25275760E-05
  -3.16404221E-05
  -3.08079980E-05
  -3.00349930E-05
  -2.93256253E-05
  -2.86836021E-05
  -2.81121174E-05
  -2.76137962E-05
  -2.71906974E-05
  -2.68442891E-05
  -2.65754297E-05
  -2.63843613E-05
  -2.62706890E-05
  -2.62333906E-05
  -2.62708163E-05
  -2.63806978E-05
  -2.65601702E-05
  -2.68057902E-05
  -2.71135686E-05
  -2.74790182E-05
  -2.78971929E-05
  -2.83627360E-05
  -2.88699557E-05
  -2.94128749E-05
  -2.99853018E-05
  -3.05809117E-05
  -3.11933109E-05
  -3.18161146E-05
  -3.24430330E-05
  -3.30679395E-05
  -3.36849298E-05
  -3.42884014E-05
  -3.48731228E-05
  -3.54342556E-05
  -3.59674304E-05
  -3.64687548E-05
  -3.69348672E-05
  -3.73629118E-05
  -3.77505748E-05
  -3.80960591E-05
  -3.83980805E-05
  -3.86558386E-05
  -3.88689768E-05
  -3.90375571E-05
  -3.91620160E-05
  -3.92431139E-05
  -3.92818765E-05
  -3.92795591E-05
  -3.92375805E-05
  -3.91574940E-05
  -3.90409368E-05
  -3.88895751E-05
  -3.87050786E-05
  -3.84890845E-05
  -3.82431754E-05
  -3.79688427E-05
  -3.76674870E-05
  -3.73403927E-05
  -3.69887421E-05
  -3.66135864E-05
  -3.62158680E-05
  -3.57964345E-05
  -3.53560026E-05
  -3.48952126E-05
  -3.44146174E-05
  -3.39147045E-05
  -3.33958851E-05
  -3.28585338E-05
  -3.23029635E-05
  -3.17294580E-05
  -3.11382646E-05
  -3.05295835E-05
  -2.99036019E-05
  -2.92604673E-05
  -2.86002869E-05
  -2.79231390E-05
  -2.72290617E-05
  -2.65180570E-05
  -2.57900920E-05
  -2.50451030E-05
  -2.42829974E-05
  -2.35036659E-05
  -2.27069941E-05
  -2.18928726E-05
  -2.10612052E-05
  -2.02119409E-05
  -1.93450796E-05
  -1.84607034E-05
  -1.75589921E-05
  -1.66402478E-05
  -1.57049253E-05
  -1.47536448E-05
  -1.37872203E-05
  -1.28066777E-05
  -1.18132648E-05
  -1.08084741E-05
  -9.79404558E-06
  -8.77198090E-06
  -7.74453474E-06
  -6.71421640E-06
  -5.68377982E-06
  -4.65620496E-06
  -3.63468666E-06
  -2.62261369E-06
  -1.62354070E-06
  -6.41163751E-07
   3.20709034E-07
   1.25819031E-06
   2.16734293E-06
   3.04421201E-06
   3.88485978E-06
   4.68538929E-06
   5.44197428E-06
   6.15088538E-06
   6.80850417E-06
   7.41135182E-06
   7.95610413E-06
   8.43960879E-06
   8.85889767E-06
   9.21119681E-06
   9.49393598E-06
   9.70474957E-06
   9.84149210E-06
   9.90223998E-06
   9.88530519E-06
   9.78923617E-06
   9.61283513E-06
   9.35516891E-06
   9.01558087E-06
   8.59370357E-06
   8.08948334E-06
   7.50319168E-06
   6.83544977E-06
   6.08724758E-06
   5.25996848E-06
   4.35540551E-06
   3.37578695E-06
   2.32378738E-06
   1.20254435E-06
   1.56649183E-08
  -1.23276311E-06
  -2.53817507E-06
  -3.89553770E-06
  -5.29936415E-06
  -6.74372905E-06
  -8.22230049E-06
  -9.72837370E-06
  -1.12549105E-05
  -1.27945968E-05
  -1.43398838E-05
  -1.58830589E-05
  -1.74162960E-05
  -1.89317325E-05
  -2.04215303E-05
  -2.18779514E-05
  -2.32934326E-05
  -2.46606451E-05
  -2.59725675E-05
  -2.72225570E-05
  -2.84043908E-05
  -2.95123446E-05
  -3.05412250E-05
  -3.14864301E-05
  -3.23439781E-05
  -3.31105293E-05
  -3.37834208E-05
  -3.43606553E-05
  -3.48409339E-05
  -3.52236420E-05
  -3.55088341E-05
  -3.56972341E-05
  -3.57901990E-05
  -3.57897043E-05
  -3.56983073E-05
  -3.55191005E-05
  -3.52556890E-05
  -3.49121401E-05
  -3.44929394E-05
  -3.40029328E-05
  -3.34472970E-05
  -3.28314709E-05
  -3.21611151E-05
  -3.14420577E-05
  -3.06802431E-05
  -2.98816867E-05
  -2.90524204E-05
  -2.81984430E-05
  -2.73256774E-05
  -2.64399187E-05
  -2.55468003E-05
  -2.46517320E-05
  -2.37598742E-05
  -2.28760964E-05
  -2.20049405E-05
  -2.11505903E-05
  -2.03168256E-05
  -1.95070115E-05
  -1.87240767E-05
  -1.79704857E-05
  -1.72482323E-05
  -1.65588281E-05
  -1.59033043E-05
  -1.52822049E-05
  -1.46956072E-05
  -1.41431228E-05
  -1.36239260E-05
  -1.31367706E-05
  -1.26800205E-05
  -1.22516858E-05
  -1.18494581E-05
  -1.14707545E-05
  -1.11127629E-05
  -1.07724791E-05
  -1.04467554E-05
  -1.01323494E-05
  -9.82597339E-06
  -9.52433675E-06
  -9.22418803E-06
  -8.92235948E-06
  -8.61580611E-06
  -8.30163026E-06
  -7.97712255E-06
  -7.63977823E-06
  -7.28732402E-06
  -6.91773630E-06
  -6.52924200E-06
  -6.12033682E-06
  -5.68977930E-06
  -5.23659583E-06
  -4.76006653E-06
  -4.25972394E-06
  -3.73533703E-06
  -3.18689899E-06
  -2.61461264E-06
  -2.01887588E-06
  -1.40026248E-06
  -7.59506690E-07
  -9.74929932E-08
   5.84766781E-07
   1.28614408E-06
   2.00540831E-06
   2.74123568E-06
   3.49221546E-06
   4.25684993E-06
   5.03355932E-06
   5.82067878E-06
   6.61645754E-06
   7.41904887E-06
   8.22650600E-06
   9.03677301E-06
   9.84766939E-06
   1.06568859E-05
   1.14619734E-05
   1.22603460E-05
   1.30492626E-05
   1.38258329E-05
   1.45870017E-05
   1.53295550E-05
   1.60501240E-05
   1.67451653E-05
   1.74109937E-05
   1.80437710E-05
   1.86395118E-05
   1.91941017E-05
   1.97033096E-05
   2.01627972E-05
   2.05681426E-05
   2.09148675E-05
   2.11984479E-05
   2.14143492E-05
   2.15580494E-05
   2.16250828E-05
   2.16110620E-05
   2.15117107E-05
   2.13229032E-05
   2.10406888E-05
   2.06613367E-05
   2.01813582E-05
   1.95975535E-05
   1.89070379E-05
   1.81072646E-05
   1.71960637E-05
   1.61716671E-05
   1.50327405E-05
   1.37784045E-05
   1.24082617E-05
   1.09224120E-05
   9.32146395E-06
   7.60655257E-06
   5.77934634E-06
   3.84204805E-06
   1.79740050E-06
  -3.51327401E-07
  -2.60034585E-06
  -4.94535243E-06
  -7.38155177E-06
  -9.90367244E-06
  -1.25059832E-05
  -1.51823269E-05
  -1.79261424E-05
  -2.07304838E-05
  -2.35880543E-05
  -2.64912487E-05
  -2.94321690E-05
  -3.24026551E-05
  -3.53943360E-05
  -3.83986408E-05
  -4.14068490E-05
  -4.44101061E-05
  -4.73994623E-05
  -5.03658957E-05
  -5.33003476E-05
  -5.61937522E-05
  -5.90370619E-05
  -6.18212725E-05
  -6.45374312E-05
  -6.71767193E-05
  -6.97304058E-05
  -7.21898978E-05
  -7.45467842E-05
  -7.67928577E-05
  -7.89200931E-05
  -8.09207268E-05
  -8.27872573E-05
  -8.45124814E-05
  -8.60895088E-05
  -8.75117839E-05
  -8.87731294E-05
  -8.98677608E-05
  -9.07903450E-05
  -9.15359706E-05
  -9.21002429E-05
  -9.24792475E-05
  -9.26696157E-05
  -9.26685316E-05
  -9.24737687E-05
  -9.20836901E-05
  -9.14972698E-05
  -9.07141439E-05
  -8.97345817E-05
  -8.85595291E-05
  -8.71906013E-05
  -8.56301340E-05
  -8.38811175E-05
  -8.19472698E-05
  -7.98330293E-05
  -7.75435183E-05
  -7.50845793E-05
  -7.24627753E-05
  -6.96853313E-05
  -6.67601707E-05
  -6.36958866E-05
  -6.05017121E-05
  -5.71875134E-05
  -5.37637534E-05
  -5.02414514E-05
  -4.66321799E-05
  -4.29479842E-05
  -3.92013644E-05
  -3.54052281E-05
  -3.15728248E-05
  -2.77176987E-05
  -2.38536286E-05
  -1.99945644E-05
  -1.61545559E-05
  -1.23476948E-05
  -8.58802741E-06
  -4.88949718E-06
  -1.26585826E-06
   2.26939483E-06
   5.70310203E-06
   9.02252577E-06
   1.22154161E-05
   1.52700850E-05
   1.81754840E-05
   2.09212540E-05
   2.34978052E-05
   2.58963755E-05
   2.81090743E-05
   3.01289292E-05
   3.19499377E-05
   3.35670920E-05
   3.49764159E-05
   3.61749808E-05
   3.71609240E-05
   3.79334706E-05
   3.84929081E-05
   3.88405970E-05
   3.89789675E-05
   3.89114721E-05
   3.86425854E-05
   3.81777681E-05
   3.75234449E-05
   3.66869390E-05
   3.56764394E-05
   3.45009503E-05
   3.31702431E-05
   3.16947880E-05
   3.00857100E-05
   2.83547033E-05
   2.65139770E-05
   2.45761676E-05
   2.25542808E-05
   2.04616099E-05
   1.83116517E-05
   1.61180342E-05
   1.38944233E-05
   1.16544570E-05
   9.41164762E-06
   7.17931061E-06
   4.97048177E-06
   2.79784081E-06
   6.73629359E-07
  -1.39041754E-06
  -3.38314885E-06
  -5.29406634E-06
  -7.11338362E-06
  -8.83209850E-06
  -1.04420478E-05
  -1.19359493E-05
  -1.33074600E-05
  -1.45512086E-05
  -1.56628248E-05
  -1.66389655E-05
  -1.74773231E-05
  -1.81766336E-05
  -1.87366804E-05
  -1.91582822E-05
  -1.94432778E-05
  -1.95944940E-05
  -1.96157271E-05
  -1.95116900E-05
  -1.92879761E-05
  -1.89510065E-05
  -1.85079771E-05
  -1.79667932E-05
  -1.73359949E-05
  -1.66247064E-05
  -1.58425519E-05
  -1.49995794E-05
  -1.41061773E-05
  -1.31729921E-05
  -1.22108413E-05
  -1.12306361E-05
  -1.02432823E-05
  -9.25960285E-06
  -8.29024430E-06
  -7.34558489E-06
  -6.43566545E-06
  -5.57009889E-06
  -4.75798970E-06
  -4.00786439E-06
  -3.32759669E-06
  -2.72434045E-06
  -2.20446600E-06
  -1.77350000E-06
  -1.43607883E-06
  -1.19589629E-06
  -1.05566698E-06
  -1.01709338E-06
  -1.08084078E-06
  -1.24652786E-06
  -1.51271115E-06
  -1.87688363E-06
  -2.33548531E-06
  -2.88391834E-06
  -3.51658082E-06
  -4.22689982E-06
  -5.00738406E-06
  -5.84967484E-06
  -6.74460534E-06
  -7.68227801E-06
  -8.65214497E-06
  -9.64308401E-06
  -1.06434973E-05
  -1.16414012E-05
  -1.26245277E-05
  -1.35804203E-05
  -1.44965479E-05
  -1.53604033E-05
  -1.61596236E-05
  -1.68820952E-05
  -1.75160585E-05
  -1.80502102E-05
  -1.84738219E-05
  -1.87768310E-05
  -1.89499442E-05
  -1.89847142E-05
  -1.88736394E-05
  -1.86102352E-05
  -1.81891064E-05
  -1.76060057E-05
  -1.68578899E-05
  -1.59429565E-05
  -1.48606878E-05
  -1.36118651E-05
  -1.21985977E-05
  -1.06243124E-05
  -8.89376315E-06
  -7.01300996E-06
  -4.98939562E-06
  -2.83150871E-06
  -5.49141703E-07
   1.84676799E-06
   4.34421145E-06
   6.93017728E-06
   9.59074077E-06
   1.23111622E-05
   1.50759788E-05
   1.78691171E-05
   2.06740042E-05
   2.34737017E-05
   2.62510202E-05
   2.89886430E-05
   3.16692676E-05
   3.42757339E-05
   3.67911452E-05
   3.91989961E-05
   4.14833048E-05
   4.36287337E-05
   4.56207054E-05
   4.74455155E-05
   4.90904276E-05
   5.05437711E-05
   5.17950466E-05
   5.28349956E-05
   5.36556690E-05
   5.42504895E-05
   5.46142910E-05
   5.47433920E-05
   5.46355841E-05
   5.42901762E-05
   5.37079868E-05
   5.28913479E-05
   5.18440829E-05
   5.05714888E-05
   4.90802922E-05
   4.73785985E-05
   4.54758228E-05
   4.33826463E-05
   4.11109249E-05
   3.86735919E-05
   3.60845952E-05
   3.33587486E-05
   3.05116682E-05
   2.75596467E-05
   2.45195261E-05
   2.14085921E-05
   1.82444419E-05
   1.50448695E-05
   1.18277367E-05
   8.61083754E-06
   5.41179179E-06
   2.24792007E-06
  -8.63880871E-07
  -3.90725245E-06
  -6.86649128E-06
  -9.72665021E-06
  -1.24736407E-05
  -1.50943233E-05
  -1.75765854E-05
  -1.99094284E-05
  -2.20830170E-05
  -2.40887512E-05
  -2.59192948E-05
  -2.75686161E-05
  -2.90320077E-05
  -3.03061042E-05
  -3.13888813E-05
  -3.22796514E-05
  -3.29790382E-05
  -3.34889410E-05
  -3.38125210E-05
  -3.39541293E-05
  -3.39192447E-05
  -3.37144374E-05
  -3.33472599E-05
  -3.28261995E-05
  -3.21605621E-05
  -3.13603996E-05
  -3.04364112E-05
  -2.93998401E-05
  -2.82623696E-05
  -2.70360269E-05
  -2.57330612E-05
  -2.43658669E-05
  -2.29468606E-05
  -2.14883930E-05
  -2.00026443E-05
  -1.85015433E-05
  -1.69966661E-05
  -1.54991576E-05
  -1.40196607E-05
  -1.25682309E-05
  -1.11542713E-05
  -9.78648222E-06
  -8.47280899E-06
  -7.22039113E-06
  -6.03553553E-06
  -4.92368099E-06
  -3.88937769E-06
  -2.93628932E-06
  -2.06718300E-06
  -1.28393492E-06
  -5.87547163E-07
   2.18270237E-08
   5.44846216E-07
   9.82952201E-07
   1.33831895E-06
   1.61380581E-06
   1.81290272E-06
   1.93966980E-06
