   0.00000000    
   0.00000000    
   0.00000000    
   0.00000000    
   0.00000000    
   0.00000000    
   0.00000000    
   0.00000000    
   0.00000000    
   0.00000000    
   0.00000000    
   0.00000000    
   0.00000000    
   0.00000000    
   0.00000000    
   0.00000000    
   0.00000000    
   0.00000000    
   0.00000000    
   0.00000000    
   0.00000000    
   0.00000000    
   0.00000000    
   0.00000000    
   0.00000000    
   0.00000000    
   0.00000000    
   0.00000000    
   0.00000000    
   0.00000000    
   0.00000000    
   0.00000000    
   0.00000000    
   0.00000000    
   0.00000000    
   0.00000000    
   0.00000000    
   0.00000000    
   0.00000000    
   0.00000000    
   0.00000000    
   0.00000000    
   0.00000000    
   0.00000000    
   0.00000000    
   0.00000000    
   0.00000000    
   0.00000000    
   0.00000000    
   0.00000000    
   0.00000000    
   0.00000000    
   0.00000000    
   0.00000000    
   0.00000000    
   0.00000000    
   0.00000000    
   0.00000000    
   0.00000000    
   0.00000000    
   0.00000000    
   0.00000000    
   0.00000000    
   0.00000000    
   0.00000000    
   0.00000000    
   0.00000000    
   0.00000000    
   0.00000000    
   0.00000000    
   0.00000000    
   0.00000000    
   0.00000000    
   0.00000000    
  -1.40129846E-45
  -4.20389539E-45
  -1.12103877E-44
  -2.24207754E-44
  -3.78350585E-44
  -5.60519386E-44
  -6.86636248E-44
  -5.74532370E-44
   1.12103877E-44
   1.94780487E-43
   5.70328475E-43
   1.23594525E-42
   2.26870221E-42
   3.65458639E-42
   5.16518614E-42
   6.14189117E-42
   5.21002769E-42
  -5.74532370E-44
  -1.34202354E-41
  -3.99958608E-41
  -8.56641777E-41
  -1.55310113E-40
  -2.49209721E-40
  -3.56773392E-40
  -4.47054848E-40
  -4.56052585E-40
  -2.72193819E-40
   2.76288413E-40
   1.42482206E-39
   3.45489856E-39
   6.63819325E-39
   1.11206205E-38
   1.67229151E-38
   2.26395728E-38
   2.70349122E-38
   2.65697679E-38
   1.59506231E-38
  -1.23217127E-38
  -6.77165264E-38
  -1.60540678E-37
  -2.99392394E-37
  -4.86641944E-37
  -7.11477704E-37
  -9.40390817E-37
  -1.10565812E-36
  -1.09353171E-36
  -7.35514524E-37
   1.91739916E-37
   1.94993825E-36
   4.79590682E-36
   8.90034114E-36
   1.42185900E-35
   2.03090125E-35
   2.61061454E-35
   2.96761068E-35
   2.80116401E-35
   1.69644196E-35
  -8.54028717E-36
  -5.38134656E-35
  -1.23008355E-34
  -2.16792842E-34
  -3.28921112E-34
  -4.41703390E-34
  -5.20687059E-34
  -5.09372054E-34
  -3.25522028E-34
   1.38390973E-34
   1.00690109E-33
   2.40048546E-33
   4.39573908E-33
   6.96036139E-33
   9.85727686E-33
   1.25149946E-32
   1.38671482E-32
   1.21741534E-32
   4.85543084E-33
  -1.16177288E-32
  -4.16900062E-32
  -9.04376277E-32
  -1.62880694E-31
  -2.62704979E-31
  -3.90179042E-31
  -5.39049031E-31
  -6.92228405E-31
  -8.16199989E-31
  -8.54235600E-31
  -7.18848556E-31
  -2.84358572E-31
   6.18913715E-31
   2.20647060E-30
   4.73411034E-30
   8.48052180E-30
   1.37122872E-29
   2.06244513E-29
   2.92491823E-29
   3.93249466E-29
   5.01199374E-29
   6.02063094E-29
   6.71872518E-29
   6.73875184E-29
   5.55301455E-29
   2.44395108E-29
  -3.51679623E-29
  -1.34717223E-28
  -2.87513896E-28
  -5.08038412E-28
  -8.10612551E-28
  -1.20722874E-27
  -1.70432089E-27
  -2.29825688E-27
  -2.96937317E-27
  -3.67445324E-27
  -4.33767803E-27
  -4.84030106E-27
  -5.00957066E-27
  -4.60782398E-27
  -3.32314667E-27
  -7.63577682E-28
   3.54252781E-27
   1.01366423E-26
   1.96067526E-26
   3.25459851E-26
   4.94882891E-26
   7.08161790E-26
   9.66361388E-26
   1.26618609E-25
   1.59801464E-25
   1.94359883E-25
   2.27349590E-25
   2.54437988E-25
   2.69645107E-25
   2.65127128E-25
   2.31046340E-25
   1.55584744E-25
   2.51718843E-26
  -1.74990204E-25
  -4.60010728E-25
  -8.43901999E-25
  -1.33758082E-24
  -1.94618927E-24
  -2.66567381E-24
  -3.47860089E-24
  -4.34926391E-24
  -5.21822220E-24
  -5.99656680E-24
  -6.56036214E-24
  -6.74594876E-24
  -6.34706006E-24
  -5.11502302E-24
  -2.76369904E-24
   1.01878911E-24
   6.54902936E-24
   1.41150503E-23
   2.39274087E-23
   3.60508897E-23
   5.03128512E-23
   6.61841362E-23
   8.26288253E-23
   9.79197138E-23
   1.09417810E-22
   1.13315944E-22
   1.04350148E-22
   7.54862830E-23
   1.75958675E-23
  -8.08568733E-23
  -2.34084414E-22
  -4.59155468E-22
  -7.76021026E-22
  -1.20730312E-21
  -1.77773332E-21
  -2.51309930E-21
  -3.43851832E-21
  -4.57581290E-21
  -5.93970529E-21
  -7.53251022E-21
  -9.33690618E-21
  -1.13063384E-20
  -1.33525005E-20
  -1.53292982E-20
  -1.70126301E-20
  -1.80752809E-20
  -1.80562138E-20
  -1.63236129E-20
  -1.20310876E-20
  -4.06674987E-21
   9.00484567E-21
   2.90072821E-20
   5.82219863E-20
   9.94605264E-20
   1.56135368E-19
   2.32322826E-19
   3.32809269E-19
   4.63108181E-19
   6.29430628E-19
   8.38586761E-19
   1.09778851E-18
   1.41431538E-18
   1.79499537E-18
   2.24544050E-18
   2.76896353E-18
   3.36508674E-18
   4.02753785E-18
   4.74160731E-18
   5.48072338E-18
   6.20209022E-18
   6.84120387E-18
   7.30506360E-18
   7.46388559E-18
   7.14112716E-18
   6.10166925E-18
   4.03802402E-18
   5.54527717E-19
  -4.85040844E-18
  -1.28037641E-17
  -2.40786254E-17
  -3.96153736E-17
  -6.05421828E-17
  -8.81931102E-17
  -1.24121349E-16
  -1.70104545E-16
  -2.28137816E-16
  -3.00409023E-16
  -3.89249173E-16
  -4.97049786E-16
  -6.26135384E-16
  -7.78579238E-16
  -9.55945820E-16
  -1.15894203E-15
  -1.38695568E-15
  -1.63745561E-15
  -1.90522888E-15
  -2.18142070E-15
  -2.45234588E-15
  -2.69804198E-15
  -2.89052111E-15
  -2.99169623E-15
  -2.95095013E-15
  -2.70232563E-15
  -2.16132971E-15
  -1.22136296E-15
   2.50194818E-16
   2.41617440E-15
   5.47396694E-15
   9.65987120E-15
   1.52531948E-14
   2.25797723E-14
   3.20144878E-14
   4.39821858E-14
   5.89563324E-14
   7.74543800E-14
   1.00028885E-13
   1.27252863E-13
   1.59697898E-13
   1.97902892E-13
   2.42331356E-13
   2.93314635E-13
   3.50977954E-13
   4.15145945E-13
   4.85224382E-13
   5.60053848E-13
   6.37730103E-13
   7.15389065E-13
   7.88950231E-13
   8.52814130E-13
   8.99511422E-13
   9.19299142E-13
   8.99703489E-13
   8.25007705E-13
   6.75688238E-13
   4.27803273E-13
   5.23442272E-14
  -4.85437970E-13
  -1.22670906E-12
  -2.21970445E-12
  -3.52032075E-12
  -5.19259939E-12
  -7.30903792E-12
  -9.95066356E-12
  -1.32067586E-11
  -1.71741475E-11
  -2.19558989E-11
  -2.76592776E-11
  -3.43927976E-11
  -4.22621001E-11
  -5.13644995E-11
  -6.17818227E-11
  -7.35713296E-11
  -8.67543398E-11
  -1.01302119E-10
  -1.17118815E-10
  -1.34020892E-10
  -1.51712462E-10
  -1.69756584E-10
  -1.87541468E-10
  -2.04241721E-10
  -2.18773735E-10
  -2.29745487E-10
  -2.35400061E-10
  -2.33553038E-10
  -2.21523688E-10
  -1.96060654E-10
  -1.53262139E-10
  -8.84921025E-11
   3.70676319E-12
   1.29700847E-10
   2.96852404E-10
   5.13601883E-10
   7.89542098E-10
   1.13547938E-09
   1.56347535E-09
   2.08686513E-09
   2.72024003E-09
   3.47938589E-09
   4.38117231E-09
   5.44336887E-09
   6.68438149E-09
   8.12289525E-09
   9.77739578E-09
   1.16655601E-08
   1.38034819E-08
   1.62047140E-08
   1.88791081E-08
   2.18314131E-08
   2.50595935E-08
   2.85528614E-08
   3.22893570E-08
   3.62334731E-08
   4.03327576E-08
   4.45143726E-08
   4.86810805E-08
   5.27067208E-08
   5.64310874E-08
   5.96542833E-08
   6.21304181E-08
   6.35607122E-08
   6.35858370E-08
   6.17777616E-08
   5.76307109E-08
   5.05516446E-08
   3.98499438E-08
   2.47265373E-08
   4.26241753E-09
  -2.25933920E-08
  -5.70362992E-08
  -1.00419037E-07
  -1.54264711E-07
  -2.20280086E-07
  -3.00368839E-07
  -3.96644538E-07
  -5.11443318E-07
  -6.47335980E-07
  -8.07138804E-07
  -9.93924345E-07
  -1.21102914E-06
  -1.46206173E-06
  -1.75090702E-06
  -2.08172878E-06
  -2.45896945E-06
  -2.88734759E-06
  -3.37185043E-06
  -3.91772346E-06
  -4.53045777E-06
  -5.21576840E-06
  -5.97957069E-06
  -6.82795462E-06
  -7.76714478E-06
  -8.80346579E-06
  -9.94329548E-06
  -1.11930094E-05
  -1.25589304E-05
  -1.40472566E-05
  -1.56639999E-05
  -1.74149063E-05
  -1.93053784E-05
  -2.13403910E-05
  -2.35243951E-05
  -2.58612326E-05
  -2.83540321E-05
  -3.10051182E-05
  -3.38159080E-05
  -3.67868124E-05
  -3.99171149E-05
  -4.32049092E-05
  -4.66469719E-05
  -5.02386974E-05
  -5.39739995E-05
  -5.78452346E-05
  -6.18431295E-05
  -6.59567449E-05
  -7.01734170E-05
  -7.44787103E-05
  -7.88564212E-05
  -8.32885780E-05
  -8.77554703E-05
  -9.22356267E-05
  -9.67059386E-05
  -1.01141726E-04
  -1.05516781E-04
  -1.09803557E-04
  -1.13973263E-04
  -1.17996053E-04
  -1.21841185E-04
  -1.25477236E-04
  -1.28872343E-04
  -1.31994384E-04
  -1.34811329E-04
  -1.37291383E-04
  -1.39403390E-04
  -1.41117096E-04
  -1.42403398E-04
  -1.43234691E-04
  -1.43585159E-04
  -1.43431083E-04
  -1.42751116E-04
  -1.41526602E-04
  -1.39741838E-04
  -1.37384341E-04
  -1.34445057E-04
  -1.30918605E-04
  -1.26803425E-04
  -1.22101977E-04
  -1.16820876E-04
  -1.10970912E-04
  -1.04567174E-04
  -9.76290248E-05
  -9.01801031E-05
  -8.22481888E-05
  -7.38652088E-05
  -6.50669608E-05
  -5.58930005E-05
  -4.63864089E-05
  -3.65934684E-05
  -2.65634244E-05
  -1.63480909E-05
  -6.00150997E-06
   4.42044939E-06
   1.48605113E-05
   2.52604477E-05
   3.55615011E-05
   4.57048736E-05
   5.56321756E-05
   6.52859235E-05
   7.46099686E-05
   8.35499668E-05
   9.20538296E-05
   1.00072109E-04
   1.07558437E-04
   1.14469862E-04
   1.20767196E-04
   1.26415325E-04
   1.31383509E-04
   1.35645532E-04
   1.39179916E-04
   1.41970115E-04
   1.44004560E-04
   1.45276703E-04
   1.45785059E-04
   1.45533180E-04
   1.44529593E-04
   1.42787627E-04
   1.40325254E-04
   1.37165014E-04
   1.33333699E-04
   1.28862113E-04
   1.23784805E-04
   1.18139789E-04
   1.11968191E-04
   1.05313935E-04
   9.82233905E-05
   9.07450521E-05
   8.29290802E-05
   7.48270686E-05
   6.64915860E-05
   5.79758562E-05
   4.93334264E-05
   4.06177933E-05
   3.18820967E-05
   2.31787926E-05
   1.45593531E-05
   6.07398988E-06
  -2.22862309E-06
  -1.03015955E-05
  -1.81000487E-05
  -2.55813393E-05
  -3.27052439E-05
  -3.94341441E-05
  -4.57331880E-05
  -5.15704123E-05
  -5.69168842E-05
  -6.17467958E-05
  -6.60375663E-05
  -6.97698997E-05
  -7.29278545E-05
  -7.54988650E-05
  -7.74737637E-05
  -7.88468315E-05
  -7.96157401E-05
  -7.97815519E-05
  -7.93486761E-05
  -7.83248106E-05
  -7.67208694E-05
  -7.45509169E-05
  -7.18320298E-05
  -6.85841951E-05
  -6.48301866E-05
  -6.05954010E-05
  -5.59076834E-05
  -5.07971527E-05
  -4.52960012E-05
  -3.94382878E-05
  -3.32597047E-05
  -2.67973428E-05
  -2.00894392E-05
  -1.31751294E-05
  -6.09416884E-06
   1.11333588E-06
   8.40719986E-06
   1.57474387E-05
   2.30945552E-05
   3.04097866E-05
   3.76554126E-05
   4.47949860E-05
   5.17935732E-05
   5.86180249E-05
   6.52371673E-05
   7.16220165E-05
   7.77459427E-05
   8.35848405E-05
   8.91172967E-05
   9.43246196E-05
   9.91910274E-05
   1.03703613E-04
   1.07852407E-04
   1.11630397E-04
   1.15033487E-04
   1.18060438E-04
   1.20712764E-04
   1.22994708E-04
   1.24913000E-04
   1.26476793E-04
   1.27697480E-04
   1.28588465E-04
   1.29164997E-04
   1.29443913E-04
   1.29443462E-04
   1.29183070E-04
   1.28683081E-04
   1.27964449E-04
   1.27048683E-04
   1.25957464E-04
   1.24712460E-04
   1.23335165E-04
   1.21846606E-04
   1.20267228E-04
   1.18616728E-04
   1.16913820E-04
   1.15176168E-04
   1.13420254E-04
   1.11661277E-04
   1.09913090E-04
   1.08188113E-04
   1.06497311E-04
   1.04850202E-04
   1.03254839E-04
   1.01717829E-04
   1.00244375E-04
   9.88383254E-05
   9.75022631E-05
   9.62375707E-05
   9.50445174E-05
   9.39223683E-05
   9.28694717E-05
   9.18833903E-05
   9.09610026E-05
   9.00986342E-05
   8.92921526E-05
   8.85371192E-05
   8.78288483E-05
   8.71625452E-05
   8.65334223E-05
   8.59367428E-05
   8.53679667E-05
   8.48227719E-05
   8.42971713E-05
   8.37875195E-05
   8.32905935E-05
   8.28036136E-05
   8.23242808E-05
   8.18508124E-05
   8.13818988E-05
   8.09167250E-05
   8.04549418E-05
   7.99967238E-05
   7.95426313E-05
   7.90936174E-05
   7.86510282E-05
   7.82165007E-05
   7.77919340E-05
   7.73794236E-05
   7.69812177E-05
   7.65996301E-05
   7.62370109E-05
   7.58956739E-05
   7.55778019E-05
   7.52854103E-05
   7.50203326E-05
   7.47840531E-05
   7.45777579E-05
   7.44022254E-05
   7.42577977E-05
   7.41443218E-05
   7.40611576E-05
   7.40070827E-05
   7.39803218E-05
   7.39784737E-05
   7.39985335E-05
   7.40368778E-05
   7.40892501E-05
   7.41507756E-05
   7.42159682E-05
   7.42787524E-05
   7.43324854E-05
   7.43699784E-05
   7.43835408E-05
   7.43650162E-05
   7.43058481E-05
   7.41970944E-05
   7.40295218E-05
   7.37936643E-05
   7.34798523E-05
   7.30783286E-05
   7.25792852E-05
   7.19729651E-05
   7.12496985E-05
   7.04000413E-05
   6.94148039E-05
   6.82851532E-05
   6.70026784E-05
   6.55594995E-05
   6.39482896E-05
   6.21624131E-05
   6.01959364E-05
   5.80437554E-05
   5.57016101E-05
   5.31661863E-05
   5.04351374E-05
   4.75071683E-05
   4.43820718E-05
   4.10607536E-05
   3.75452910E-05
   3.38389473E-05
   2.99462154E-05
   2.58728141E-05
   2.16257013E-05
   1.72130804E-05
   1.26444074E-05
   7.93036816E-06
   3.08286553E-06
  -1.88500087E-06
  -6.95897097E-06
  -1.21236581E-05
  -1.73625976E-05
  -2.26582906E-05
  -2.79922733E-05
  -3.33451717E-05
  -3.86967695E-05
  -4.40261101E-05
  -4.93115476E-05
  -5.45308467E-05
  -5.96612954E-05
  -6.46797780E-05
  -6.95629133E-05
  -7.42871343E-05
  -7.88288235E-05
  -8.31644138E-05
  -8.72705277E-05
  -9.11241150E-05
  -9.47025474E-05
  -9.79837787E-05
  -1.00946461E-04
  -1.03570099E-04
  -1.05835141E-04
  -1.07723172E-04
  -1.09216999E-04
  -1.10300782E-04
  -1.10960202E-04
  -1.11182526E-04
  -1.10956753E-04
  -1.10273693E-04
  -1.09126151E-04
  -1.07508895E-04
  -1.05418811E-04
  -1.02854989E-04
  -9.98187606E-05
  -9.63137427E-05
  -9.23459083E-05
  -8.79235304E-05
  -8.30572826E-05
  -7.77601745E-05
  -7.20475437E-05
  -6.59370126E-05
  -5.94484518E-05
  -5.26038930E-05
  -4.54274305E-05
  -3.79451376E-05
  -3.01849432E-05
  -2.21764822E-05
  -1.39509721E-05
  -5.54103281E-06
   3.01948398E-06
   1.16956826E-05
   2.04518146E-05
   2.92514906E-05
   3.80578931E-05
   4.68339967E-05
   5.55428051E-05
   6.41475563E-05
   7.26119761E-05
   8.09004778E-05
   8.89784205E-05
   9.68123350E-05
   1.04370112E-04
   1.11621244E-04
   1.18537006E-04
   1.25090693E-04
   1.31257708E-04
   1.37015842E-04
   1.42345336E-04
   1.47229090E-04
   1.51652712E-04
   1.55604634E-04
   1.59076269E-04
   1.62061988E-04
   1.64559198E-04
   1.66568323E-04
   1.68092854E-04
   1.69139254E-04
   1.69717023E-04
   1.69838502E-04
   1.69518913E-04
   1.68776125E-04
   1.67630613E-04
   1.66105281E-04
   1.64225276E-04
   1.62017808E-04
   1.59512012E-04
   1.56738635E-04
   1.53729867E-04
   1.50519074E-04
   1.47140570E-04
   1.43629310E-04
   1.40020682E-04
   1.36350194E-04
   1.32653193E-04
   1.28964602E-04
   1.25318664E-04
   1.21748650E-04
   1.18286574E-04
   1.14962961E-04
   1.11806592E-04
   1.08844302E-04
   1.06100684E-04
   1.03597951E-04
   1.01355727E-04
   9.93908980E-05
   9.77174277E-05
   9.63462735E-05
   9.52852861E-05
   9.45391002E-05
   9.41091566E-05
   9.39935926E-05
   9.41873368E-05
   9.46820874E-05
   9.54664283E-05
   9.65258587E-05
   9.78429671E-05
   9.93975264E-05
   1.01166741E-04
   1.03125349E-04
   1.05245905E-04
   1.07499007E-04
   1.09853514E-04
   1.12276874E-04
   1.14735369E-04
   1.17194475E-04
   1.19619093E-04
   1.21973884E-04
   1.24223647E-04
   1.26333602E-04
   1.28269661E-04
   1.29998807E-04
   1.31489360E-04
   1.32711342E-04
   1.33636655E-04
   1.34239366E-04
   1.34496033E-04
   1.34385889E-04
   1.33891008E-04
   1.32996502E-04
   1.31690715E-04
   1.29965323E-04
   1.27815365E-04
   1.25239399E-04
   1.22239522E-04
   1.18821292E-04
   1.14993796E-04
   1.10769484E-04
   1.06164174E-04
   1.01196863E-04
   9.58895762E-05
   9.02672546E-05
   8.43574599E-05
   7.81901981E-05
   7.17976436E-05
   6.52138697E-05
   5.84745903E-05
   5.16168002E-05
   4.46785089E-05
   3.76983917E-05
   3.07154478E-05
   2.37687018E-05
   1.68968490E-05
   1.01379219E-05
   3.52899292E-06
  -2.89415470E-06
  -9.09731534E-06
  -1.50481437E-05
  -2.07164212E-05
  -2.60742909E-05
  -3.10964715E-05
  -3.57604658E-05
  -4.00467143E-05
  -4.39387404E-05
  -4.74232365E-05
  -5.04901909E-05
  -5.31328878E-05
  -5.53479513E-05
  -5.71353339E-05
  -5.84982554E-05
  -5.94431403E-05
  -5.99795312E-05
  -6.01199536E-05
  -5.98797415E-05
  -5.92768884E-05
  -5.83318433E-05
  -5.70672855E-05
  -5.55078914E-05
  -5.36800944E-05
  -5.16118125E-05
  -4.93321932E-05
  -4.68713079E-05
  -4.42599267E-05
  -4.15291761E-05
  -3.87103210E-05
  -3.58344478E-05
  -3.29322356E-05
  -3.00336833E-05
  -2.71678855E-05
  -2.43627837E-05
  -2.16449807E-05
  -1.90395403E-05
  -1.65698220E-05
  -1.42573217E-05
  -1.21215589E-05
  -1.01799678E-05
  -8.44781243E-06
  -6.93813718E-06
  -5.66173412E-06
  -4.62712796E-06
  -3.84059513E-06
  -3.30619787E-06
  -3.02584044E-06
  -2.99934436E-06
  -3.22454457E-06
  -3.69739791E-06
  -4.41210796E-06
  -5.36126208E-06
  -6.53598090E-06
  -7.92607079E-06
  -9.52018854E-06
  -1.13060069E-05
  -1.32703744E-05
  -1.53994933E-05
  -1.76790818E-05
  -2.00945269E-05
  -2.26310458E-05
  -2.52738246E-05
  -2.80081622E-05
  -3.08195886E-05
  -3.36939811E-05
  -3.66176719E-05
  -3.95775060E-05
  -4.25609724E-05
  -4.55562003E-05
  -4.85520322E-05
  -5.15380598E-05
  -5.45046350E-05
  -5.74428705E-05
  -6.03446315E-05
  -6.32025403E-05
  -6.60099249E-05
  -6.87607826E-05
  -7.14497364E-05
  -7.40720207E-05
  -7.66233788E-05
  -7.91000348E-05
  -8.14986561E-05
  -8.38162523E-05
  -8.60501314E-05
  -8.81978704E-05
  -9.02572501E-05
  -9.22261970E-05
  -9.41027538E-05
  -9.58850578E-05
  -9.75712974E-05
  -9.91597262E-05
  -1.00648576E-04
  -1.02036145E-04
  -1.03320745E-04
  -1.04500723E-04
  -1.05574487E-04
  -1.06540523E-04
  -1.07397427E-04
  -1.08143933E-04
  -1.08778957E-04
  -1.09301640E-04
  -1.09711364E-04
  -1.10007852E-04
  -1.10191111E-04
  -1.10261586E-04
  -1.10220120E-04
  -1.10068017E-04
  -1.09807021E-04
  -1.09439396E-04
  -1.08967914E-04
  -1.08395885E-04
  -1.07727108E-04
  -1.06965927E-04
  -1.06117164E-04
  -1.05186118E-04
  -1.04178565E-04
  -1.03100661E-04
  -1.01958940E-04
  -1.00760262E-04
  -9.95117371E-05
  -9.82206984E-05
  -9.68945751E-05
  -9.55409196E-05
  -9.41672552E-05
  -9.27810397E-05
  -9.13895856E-05
  -9.00000159E-05
  -8.86191556E-05
  -8.72535238E-05
  -8.59092106E-05
  -8.45918621E-05
  -8.33066224E-05
  -8.20580753E-05
  -8.08502446E-05
  -7.96865206E-05
  -7.85696902E-05
  -7.75018707E-05
  -7.64845245E-05
  -7.55184883E-05
  -7.46039150E-05
  -7.37403680E-05
  -7.29267776E-05
  -7.21615215E-05
  -7.14424314E-05
  -7.07668441E-05
  -7.01316312E-05
  -6.95332419E-05
  -6.89677909E-05
  -6.84310799E-05
  -6.79186560E-05
  -6.74258772E-05
  -6.69479414E-05
  -6.64799736E-05
  -6.60170772E-05
  -6.55543772E-05
  -6.50870643E-05
  -6.46104600E-05
  -6.41200459E-05
  -6.36115365E-05
  -6.30809009E-05
  -6.25243774E-05
  -6.19385391E-05
  -6.13203229E-05
  -6.06670510E-05
  -5.99764280E-05
  -5.92465658E-05
  -5.84760201E-05
  -5.76637576E-05
  -5.68092037E-05
  -5.59122091E-05
  -5.49730503E-05
  -5.39924331E-05
  -5.29714671E-05
  -5.19116438E-05
  -5.08148369E-05
  -4.96832654E-05
  -4.85194578E-05
  -4.73262371E-05
  -4.61066884E-05
  -4.48641076E-05
  -4.36019836E-05
  -4.23239435E-05
  -4.10337307E-05
  -3.97351505E-05
  -3.84320265E-05
  -3.71281894E-05
  -3.58274010E-05
  -3.45333465E-05
  -3.32495729E-05
  -3.19794817E-05
  -3.07262853E-05
  -2.94929814E-05
  -2.82823294E-05
  -2.70968303E-05
  -2.59387161E-05
  -2.48099259E-05
  -2.37121112E-05
  -2.26466273E-05
  -2.16145345E-05
  -2.06166023E-05
  -1.96533274E-05
  -1.87249316E-05
  -1.78313894E-05
  -1.69724444E-05
  -1.61476346E-05
  -1.53563215E-05
  -1.45977083E-05
  -1.38708692E-05
  -1.31747902E-05
  -1.25083852E-05
  -1.18705329E-05
  -1.12601037E-05
  -1.06759826E-05
  -1.01170999E-05
  -9.58244891E-06
  -9.07111007E-06
  -8.58226304E-06
  -8.11519931E-06
  -7.66933772E-06
  -7.24422989E-06
  -6.83955977E-06
  -6.45514456E-06
  -6.09093377E-06
  -5.74700243E-06
  -5.42353928E-06
  -5.12083943E-06
  -4.83928625E-06
  -4.57934220E-06
  -4.34152298E-06
  -4.12638701E-06
  -3.93451637E-06
  -3.76649359E-06
  -3.62288779E-06
  -3.50423443E-06
  -3.41101850E-06
  -3.34365927E-06
  -3.30249600E-06
  -3.28777287E-06
  -3.29963223E-06
  -3.33810226E-06
  -3.40308975E-06
  -3.49437778E-06
  -3.61161983E-06
  -3.75433774E-06
  -3.92192624E-06
  -4.11365090E-06
  -4.32865227E-06
  -4.56595126E-06
  -4.82445512E-06
  -5.10296741E-06
  -5.40019346E-06
  -5.71475084E-06
  -6.04518164E-06
  -6.38996289E-06
  -6.74752118E-06
  -7.11624216E-06
  -7.49448873E-06
  -7.88061425E-06
  -8.27297754E-06
  -8.66995833E-06
  -9.06997411E-06
  -9.47149601E-06
  -9.87306612E-06
  -1.02733120E-05
  -1.06709613E-05
  -1.10648616E-05
  -1.14539889E-05
  -1.18374637E-05
  -1.22145657E-05
  -1.25847400E-05
  -1.29476066E-05
  -1.33029680E-05
  -1.36508115E-05
  -1.39913136E-05
  -1.43248371E-05
  -1.46519278E-05
  -1.49733060E-05
  -1.52898538E-05
  -1.56026072E-05
  -1.59127303E-05
  -1.62215038E-05
  -1.65302881E-05
  -1.68405131E-05
  -1.71536340E-05
  -1.74711022E-05
  -1.77943348E-05
  -1.81246833E-05
  -1.84633882E-05
  -1.88115446E-05
  -1.91700765E-05
  -1.95396860E-05
  -1.99208389E-05
  -2.03137188E-05
  -2.07182111E-05
  -2.11338756E-05
  -2.15599321E-05
  -2.19952435E-05
  -2.24383130E-05
  -2.28872814E-05
  -2.33399242E-05
  -2.37936856E-05
  -2.42456626E-05
  -2.46926593E-05
  -2.51311976E-05
  -2.55575596E-05
  -2.59678254E-05
  -2.63579223E-05
  -2.67236683E-05
  -2.70608252E-05
  -2.73651585E-05
  -2.76324790E-05
  -2.78587177E-05
  -2.80399709E-05
  -2.81725570E-05
  -2.82530655E-05
  -2.82784113E-05
  -2.82458805E-05
  -2.81531738E-05
  -2.79984361E-05
  -2.77802919E-05
  -2.74978738E-05
  -2.71508379E-05
  -2.67393716E-05
  -2.62641988E-05
  -2.57265838E-05
  -2.51283273E-05
  -2.44717339E-05
  -2.37596032E-05
  -2.29952020E-05
  -2.21822193E-05
  -2.13247440E-05
  -2.04272201E-05
  -1.94943841E-05
  -1.85312419E-05
  -1.75429959E-05
  -1.65350011E-05
  -1.55127145E-05
  -1.44816368E-05
  -1.34472566E-05
  -1.24150038E-05
  -1.13901979E-05
  -1.03780021E-05
  -9.38337507E-06
  -8.41102974E-06
  -7.46540036E-06
  -6.55060467E-06
  -5.67041661E-06
  -4.82824044E-06
  -4.02709384E-06
  -3.26958934E-06
  -2.55792543E-06
  -1.89388129E-06
  -1.27881356E-06
  -7.13661677E-07
  -1.98952421E-07
   2.65187026E-07
   6.79015443E-07
   1.04315882E-06
   1.35859023E-06
   1.62660569E-06
   1.84879627E-06
   2.02702222E-06
   2.16338162E-06
   2.26017869E-06
   2.31989361E-06
   2.34514755E-06
   2.33867195E-06
   2.30327601E-06
   2.24181349E-06
   2.15715295E-06
   2.05214837E-06
   1.92961170E-06
   1.79228618E-06
   1.64282346E-06
   1.48376193E-06
   1.31750880E-06
   1.14632314E-06
   9.72302360E-07
   7.97372422E-07
   6.23280187E-07
   4.51587965E-07
   2.83671454E-07
   1.20719577E-07
  -3.62623496E-08
  -1.86448162E-07
  -3.29183791E-07
  -4.63978296E-07
  -5.90493698E-07
  -7.08533378E-07
  -8.18028468E-07
  -9.19024785E-07
  -1.01166859E-06
  -1.09619134E-06
  -1.17289574E-06
  -1.24214034E-06
  -1.30432613E-06
  -1.35988148E-06
  -1.40925079E-06
  -1.45288141E-06
  -1.49121388E-06
  -1.52467226E-06
  -1.55365524E-06
  -1.57853015E-06
  -1.59962713E-06
  -1.61723517E-06
  -1.63159984E-06
  -1.64292214E-06
  -1.65135873E-06
  -1.65702295E-06
  -1.65998790E-06
  -1.66028883E-06
  -1.65792858E-06
  -1.65288259E-06
  -1.64510459E-06
  -1.63453183E-06
  -1.62109268E-06
  -1.60471109E-06
  -1.58531520E-06
  -1.56284125E-06
  -1.53724000E-06
  -1.50848166E-06
  -1.47656010E-06
  -1.44149601E-06
  -1.40333964E-06
  -1.36217204E-06
  -1.31810543E-06
  -1.27128260E-06
  -1.22187532E-06
  -1.17008142E-06
  -1.11612053E-06
  -1.06023083E-06
  -1.00266232E-06
  -9.43671409E-07
  -8.83514986E-07
  -8.22443155E-07
  -7.60692672E-07
  -6.98479880E-07
  -6.35994127E-07
  -5.73391674E-07
  -5.10790130E-07
  -4.48263052E-07
  -3.85836415E-07
  -3.23485125E-07
  -2.61131646E-07
  -1.98644699E-07
  -1.35840210E-07
  -7.24833740E-08
  -8.29192714E-09
   5.70590473E-08
   1.23931088E-07
   1.92714893E-07
   2.63822102E-07
   3.37675942E-07
   4.14701702E-07
   4.95314850E-07
   5.79911500E-07
   6.68856330E-07
   7.62472041E-07
   8.61029605E-07
   9.64737751E-07
   1.07373455E-06
   1.18807998E-06
   1.30775038E-06
   1.43263321E-06
   1.56252452E-06
   1.69712882E-06
   1.83605903E-06
   1.97884015E-06
   2.12491477E-06
   2.27364808E-06
   2.42433816E-06
   2.57622582E-06
   2.72850525E-06
   2.88033698E-06
   3.03086085E-06
   3.17921126E-06
   3.32452851E-06
   3.46597449E-06
   3.60274657E-06
   3.73408920E-06
   3.85930662E-06
   3.97777330E-06
   4.08894311E-06
   4.19235721E-06
   4.28764997E-06
   4.37455355E-06
   4.45289834E-06
   4.52261656E-06
   4.58373870E-06
   4.63639162E-06
   4.68079270E-06
   4.71724070E-06
   4.74611124E-06
   4.76784498E-06
   4.78293578E-06
   4.79192113E-06
   4.79536538E-06
   4.79384926E-06
   4.78795664E-06
   4.77825915E-06
   4.76530340E-06
   4.74960098E-06
   4.73161299E-06
   4.71174189E-06
   4.69032148E-06
   4.66760866E-06
   4.64377990E-06
   4.61892159E-06
   4.59302828E-06
   4.56600446E-06
   4.53766052E-06
   4.50771540E-06
   4.47580078E-06
   4.44146463E-06
   4.40417716E-06
   4.36334039E-06
   4.31829403E-06
   4.26832821E-06
   4.21269351E-06
   4.15061231E-06
   4.08129381E-06
   4.00394538E-06
   3.91778622E-06
   3.82206372E-06
   3.71606279E-06
   3.59912519E-06
   3.47065611E-06
   3.33014100E-06
   3.17715399E-06
   3.01136879E-06
   2.83256759E-06
   2.64064784E-06
   2.43562840E-06
   2.21765390E-06
   1.98699786E-06
   1.74406318E-06
   1.48938204E-06
   1.22361268E-06
   9.47536364E-07
   6.62052116E-07
   3.68167917E-07
   6.69926052E-08
  -2.40274858E-07
  -5.52357619E-07
  -8.67914366E-07
  -1.18555420E-06
  -1.50385188E-06
  -1.82136534E-06
  -2.13665135E-06
  -2.44828425E-06
  -2.75487173E-06
  -3.05507319E-06
  -3.34761580E-06
  -3.63131085E-06
  -3.90506693E-06
  -4.16790544E-06
  -4.41897055E-06
  -4.65754283E-06
  -4.88304295E-06
  -5.09504480E-06
  -5.29327554E-06
  -5.47762056E-06
  -5.64812262E-06
  -5.80498090E-06
  -5.94854782E-06
  -6.07932179E-06
  -6.19793946E-06
  -6.30516251E-06
  -6.40186954E-06
  -6.48903733E-06
  -6.56772636E-06
  -6.63906394E-06
  -6.70422105E-06
  -6.76439913E-06
  -6.82080190E-06
  -6.87462261E-06
  -6.92701769E-06
  -6.97909036E-06
  -7.03186925E-06
  -7.08629068E-06
  -7.14318321E-06
  -7.20325033E-06
  -7.26706094E-06
  -7.33503566E-06
  -7.40743690E-06
  -7.48436742E-06
  -7.56576219E-06
  -7.65138702E-06
  -7.74084492E-06
  -7.83357427E-06
  -7.92886203E-06
  -8.02584600E-06
  -8.12353483E-06
  -8.22081347E-06
  -8.31646412E-06
  -8.40918437E-06
  -8.49760727E-06
  -8.58031490E-06
  -8.65586844E-06
  -8.72282271E-06
  -8.77975071E-06
  -8.82526274E-06
  -8.85803001E-06
  -8.87679835E-06
  -8.88040813E-06
  -8.86780981E-06
  -8.83808116E-06
  -8.79043364E-06
  -8.72423061E-06
  -8.63898640E-06
  -8.53437723E-06
  -8.41024485E-06
  -8.26659743E-06
  -8.10360234E-06
  -7.92159517E-06
  -7.72106341E-06
  -7.50264599E-06
  -7.26712278E-06
  -7.01540330E-06
  -6.74851844E-06
  -6.46760554E-06
  -6.17389605E-06
  -5.86870283E-06
  -5.55340557E-06
  -5.22943765E-06
  -4.89827107E-06
  -4.56140651E-06
  -4.22035737E-06
  -3.87664022E-06
  -3.53176438E-06
  -3.18722050E-06
  -2.84447378E-06
  -2.50495350E-06
  -2.17004936E-06
  -1.84110297E-06
  -1.51940424E-06
  -1.20618722E-06
  -9.02627505E-07
  -6.09838196E-07
  -3.28868879E-07
  -6.07041599E-08
   1.93737677E-07
   4.33605408E-07
   6.58115255E-07
   8.66550749E-07
   1.05826473E-06
   1.23267796E-06
   1.38928112E-06
   1.52763528E-06
   1.64737321E-06
   1.74820048E-06
   1.82989891E-06
   1.89232719E-06
   1.93542473E-06
   1.95921530E-06
   1.96380938E-06
   1.94940776E-06
   1.91630579E-06
   1.86489729E-06
   1.79567724E-06
   1.70924534E-06
   1.60630952E-06
   1.48768811E-06
   1.35431230E-06
   1.20722746E-06
   1.04759363E-06
   8.76685817E-07
   6.95893448E-07
   5.06718379E-07
   3.10772691E-07
   1.09774589E-07
  -9.44556859E-08
  -3.00001403E-07
  -5.04856473E-07
  -7.06933008E-07
  -9.04069793E-07
  -1.09404186E-06
  -1.27457270E-06
  -1.44334456E-06
  -1.59801152E-06
  -1.73621277E-06
  -1.85558770E-06
  -1.95379084E-06
  -2.02850583E-06
  -2.07746393E-06
  -2.09845825E-06
  -2.08936240E-06
  -2.04814660E-06
  -1.97289455E-06
  -1.86182046E-06
  -1.71328668E-06
  -1.52582015E-06
  -1.29812850E-06
  -1.02911679E-06
  -7.17901571E-07
  -3.63825905E-07
   3.35267707E-08
   4.74321041E-07
   9.58458486E-07
   1.48556740E-06
   2.05499487E-06
   2.66579991E-06
   3.31674914E-06
   4.00631325E-06
   4.73266846E-06
   5.49369224E-06
   6.28697262E-06
   7.10980839E-06
   7.95922006E-06
   8.83195571E-06
   9.72450653E-06
   1.06331163E-05
   1.15537978E-05
   1.24823528E-05
   1.34143856E-05
   1.43453262E-05
   1.52704542E-05
   1.61849184E-05
   1.70837629E-05
   1.79619583E-05
   1.88144131E-05
   1.96360179E-05
   2.04216576E-05
   2.11662573E-05
   2.18647892E-05
   2.25123167E-05
   2.31040103E-05
   2.36351898E-05
   2.41013404E-05
   2.44981366E-05
   2.48214765E-05
   2.50674984E-05
   2.52326099E-05
   2.53135095E-05
   2.53072012E-05
   2.52110258E-05
   2.50226749E-05
   2.47402077E-05
   2.43620725E-05
   2.38871125E-05
   2.33145893E-05
   2.26441935E-05
   2.18760542E-05
   2.10107519E-05
   2.00493159E-05
   1.89932471E-05
   1.78445098E-05
   1.66055379E-05
   1.52792400E-05
   1.38689957E-05
   1.23786476E-05
   1.08125014E-05
   9.17531361E-06
   7.47228432E-06
   5.70904467E-06
   3.89163688E-06
   2.02649971E-06
   1.20447481E-07
  -1.81935468E-06
  -3.78541631E-06
  -5.76994989E-06
  -7.76490197E-06
  -9.76198771E-06
  -1.17527270E-05
  -1.37284815E-05
  -1.56804945E-05
  -1.75999412E-05
  -1.94779586E-05
  -2.13057101E-05
  -2.30744154E-05
  -2.47754051E-05
  -2.64001756E-05
  -2.79404339E-05
  -2.93881512E-05
  -3.07355986E-05
  -3.19754290E-05
  -3.31006850E-05
  -3.41048762E-05
  -3.49820002E-05
  -3.57266108E-05
  -3.63338477E-05
  -3.67994835E-05
  -3.71199458E-05
  -3.72923641E-05
  -3.73145886E-05
  -3.71852257E-05
  -3.69036643E-05
  -3.64700791E-05
  -3.58854486E-05
  -3.51515700E-05
  -3.42710664E-05
  -3.32473683E-05
  -3.20847321E-05
  -3.07882074E-05
  -2.93636313E-05
  -2.78175994E-05
  -2.61574478E-05
  -2.43912145E-05
  -2.25275962E-05
  -2.05759152E-05
  -1.85460704E-05
  -1.64484773E-05
  -1.42940198E-05
  -1.20939876E-05
  -9.86000759E-06
  -7.60398461E-06
  -5.33802586E-06
  -3.07436994E-06
  -8.25314601E-07
   1.39686063E-06
   3.57996896E-06
   5.71199371E-06
   7.78116009E-06
   9.77601667E-06
   1.16855035E-05
   1.34990269E-05
   1.52065204E-05
   1.67985254E-05
   1.82662352E-05
   1.96015662E-05
   2.07972043E-05
   2.18466575E-05
   2.27442961E-05
   2.34853869E-05
   2.40661429E-05
   2.44837247E-05
   2.47362714E-05
   2.48229208E-05
   2.47437965E-05
   2.45000247E-05
   2.40937170E-05
   2.35279622E-05
   2.28068020E-05
   2.19352005E-05
   2.09190166E-05
   1.97649642E-05
   1.84805704E-05
   1.70741132E-05
   1.55545804E-05
   1.39315953E-05
   1.22153615E-05
   1.04165938E-05
   8.54644259E-06
   6.61642389E-06
   4.63834022E-06
   2.62420212E-06
   5.86150350E-07
  -1.46362777E-06
  -3.51297695E-06
  -5.54985581E-06
  -7.56241434E-06
  -9.53907602E-06
  -1.14686118E-05
  -1.33402127E-05
  -1.51435597E-05
  -1.68689003E-05
  -1.85070967E-05
  -2.00496925E-05
  -2.14889715E-05
  -2.28179942E-05
  -2.40306563E-05
  -2.51217061E-05
  -2.60867946E-05
  -2.69224875E-05
  -2.76262836E-05
  -2.81966404E-05
  -2.86329578E-05
  -2.89355885E-05
  -2.91058295E-05
  -2.91458982E-05
  -2.90589196E-05
  -2.88488918E-05
  -2.85206479E-05
  -2.80798213E-05
  -2.75327875E-05
  -2.68866206E-05
  -2.61490241E-05
  -2.53282778E-05
  -2.44331568E-05
  -2.34728723E-05
  -2.24569867E-05
  -2.13953299E-05
  -2.02979245E-05
  -1.91749077E-05
  -1.80364368E-05
  -1.68926072E-05
  -1.57533686E-05
  -1.46284474E-05
  -1.35272549E-05
  -1.24588105E-05
  -1.14316736E-05
  -1.04538567E-05
  -9.53276867E-06
  -8.67514518E-06
  -7.88699072E-06
  -7.17352668E-06
  -6.53914685E-06
  -5.98737506E-06
  -5.52083793E-06
  -5.14123712E-06
  -4.84933662E-06
  -4.64495452E-06
